Listening for gaze data, press any key to exit...
1362,3, 2086,9
1202,7, 2097,5
1200,1, 2089,1
1196,8, 2080,3
1186,4, 2041,5
1169,1, 2056,3
1118,5, 2061,3
1109,9, 2063,0
1035,2, 2046,6
890,6, 1723,2
884,8, 1661,8
876,3, 1512,6
829,5, 973,9
824,3, 965,3
823,9, 959,7
821,9, 959,7
828,0, 966,9
826,8, 967,1
821,4, 965,8
824,0, 974,1
825,4, 976,4
807,1, 1025,3
804,1, 1094,7
791,0, 1309,8
798,2, 1433,9
792,0, 1612,2
792,6, 1524,6
790,9, 1782,9
753,2, 2219,5
663,1, 2406,9
643,5, 2413,2
649,3, 2412,9
662,9, 2407,6
677,6, 2387,4
726,7, 2340,9
730,7, 2336,8
729,1, 2334,8
723,0, 2337,4
718,0, 2338,5
642,9, 2367,9
644,7, 2368,1
654,7, 2348,9
656,5, 2342,1
703,8, 2313,7
711,2, 2305,3
691,8, 2305,0
688,8, 2308,6
658,6, 2330,8
663,0, 2340,5
657,4, 2338,6
308,9, 360,6
267,7, 339,8
272,9, 353,1
275,6, 362,4
277,0, 352,0
367,0, 432,5
436,0, 491,3
528,2, 577,2
533,3, 582,4
544,3, 590,0
575,9, 613,0
569,5, 609,0
563,5, 604,4
563,9, 600,4
563,6, 600,1
558,0, 604,4
557,1, 602,1
560,0, 597,7
565,8, 600,1
570,6, 603,1
575,9, 605,7
604,6, 609,2
616,3, 609,5
630,9, 605,8
647,1, 600,9
647,7, 602,8
671,2, 613,7
731,3, 646,4
742,2, 652,5
735,4, 650,6
729,8, 648,1
721,4, 639,1
709,6, 620,9
701,7, 610,2
700,7, 604,4
706,1, 610,3
715,0, 613,6
710,7, 610,9
715,6, 621,6
727,7, 630,4
729,7, 631,0
728,3, 629,1
722,5, 623,9
719,2, 621,7
714,3, 615,7
701,5, 604,1
685,1, 597,8
687,1, 597,6
654,2, 604,7
632,9, 559,0
644,6, 562,4
863,0, 640,3
839,0, 618,9
871,0, 606,7
871,9, 600,0
877,8, 582,2
908,4, 522,3
1001,1, 463,6
1033,2, 453,2
1351,8, 183,9
1374,4, 160,4
1461,7, 85,2
1460,7, 87,6
1456,9, 98,9
1454,2, 117,4
1455,3, 121,1
1466,3, 142,5
1465,4, 148,1
2395,3, 76,6
2401,2, 19,2
2404,3, 1,3
2501,1, -49,8
2512,1, -53,9
2509,3, -23,6
2499,2, -36,0
2476,6, -26,4
2465,0, 9,0
2457,2, 32,7
2434,4, 59,7
2424,8, 107,0
2411,6, 89,5
2404,9, 119,0
2409,7, 125,4
2392,4, 141,6
2394,1, 146,6
2394,9, 142,0
2398,1, 134,2
2402,5, 120,3
2405,1, 109,6
2412,3, 92,4
2413,9, 84,5
2416,5, 63,2
2410,3, 65,4
2419,0, 101,1
2421,1, 88,4
2398,3, 123,4
2405,1, 121,3
2402,8, 124,2
2416,2, 114,7
2421,4, 99,3
2404,2, 105,4
2414,9, 99,0
2421,9, 89,4
2406,9, 101,7
2418,8, 96,0
2417,1, 96,0
2395,5, -8,0
2402,5, 14,0
1462,4, 274,4
1059,2, 336,7
1021,7, 340,5
1000,6, 335,6
965,6, 291,2
804,8, 266,5
820,2, 275,7
813,9, 239,2
829,4, 251,7
826,8, 250,8
809,3, 233,0
820,9, 228,2
767,6, 242,0
708,5, 249,1
691,4, 272,6
706,9, 285,7
666,3, 340,0
580,5, 432,8
569,1, 423,0
563,5, 418,5
582,8, 417,4
601,0, 422,8
633,4, 435,0
649,6, 430,2
648,4, 418,4
760,9, 543,3
1016,3, 834,0
1188,7, 1086,1
1244,5, 1158,6
1296,3, 1251,1
1476,6, 1581,8
1766,7, 2291,5
1774,9, 2295,3
1796,8, 2321,7
1816,5, 2333,7
1836,0, 2326,4
1847,6, 2425,1
1851,1, 2410,6
1847,8, 2444,7
1886,8, 2486,9
1901,7, 2485,2
1957,7, 2469,9
1972,3, 2463,4
2056,2, 2550,4
2102,1, 2594,3
2182,0, 2689,7
2198,5, 2715,7
2188,5, 2747,3
2182,0, 2742,7
2147,6, 2732,2
2157,8, 2740,7
2173,3, 2741,2
2191,0, 2744,0
2192,2, 2736,2
2196,6, 2736,7
2227,3, 2691,3
2243,4, 2625,7
2266,0, 2541,0
2278,6, 2550,2
2279,4, 2532,9
2286,2, 2513,7
2283,9, 2457,7
2292,3, 2470,2
2309,1, 2549,5
2295,8, 2543,7
2284,3, 2543,7
2262,8, 2555,4
2276,4, 2564,4
2280,2, 2582,6
2277,5, 2629,9
2271,9, 2608,5
2251,3, 2584,7
2253,7, 2589,0
2266,3, 2528,8
2272,0, 2574,5
2334,5, 2628,2
2349,4, 2634,8
2361,6, 2658,0
2350,3, 2648,4
2371,7, 2658,7
324,4, 426,1
217,0, 434,3
213,2, 434,6
212,7, 430,3
214,8, 427,3
214,4, 425,4
212,3, 423,4
190,0, 405,9
211,3, 420,6
370,0, 464,0
388,3, 482,0
446,3, 524,1
530,6, 600,3
555,0, 623,4
601,0, 657,1
607,9, 666,0
645,4, 706,5
655,7, 710,6
660,4, 709,7
688,3, 716,9
701,5, 720,0
703,7, 714,4
705,4, 716,7
663,5, 680,7
534,4, 570,7
525,5, 566,5
509,0, 560,8
517,3, 567,3
526,6, 572,2
526,1, 571,1
543,1, 580,0
547,2, 581,6
546,9, 583,4
547,7, 584,6
561,3, 602,5
561,1, 600,0
563,3, 595,5
565,0, 594,9
566,6, 592,6
558,1, 592,4
559,4, 594,2
569,7, 599,7
553,7, 601,3
554,6, 601,4
475,6, 587,9
275,2, 572,8
196,4, 561,2
176,6, 554,6
128,4, 544,4
142,0, 544,2
96,0, 541,4
93,7, 555,3
110,1, 581,2
119,9, 586,5
187,8, 626,3
281,6, 681,2
310,1, 717,9
322,8, 751,6
319,1, 757,1
322,8, 754,3
318,2, 764,8
317,6, 740,2
311,0, 741,1
291,2, 725,6
289,8, 710,3
279,3, 712,8
280,6, 699,0
252,4, 679,5
236,8, 668,3
241,5, 653,6
249,8, 672,5
256,7, 662,9
264,9, 662,8
263,4, 650,1
193,9, 590,2
192,1, 568,4
188,0, 555,3
178,2, 534,3
193,1, 526,5
207,6, 516,9
282,4, 571,8
255,2, 550,3
315,3, 583,5
365,6, 612,2
427,7, 641,1
499,4, 732,4
526,5, 704,8
578,5, 705,2
568,6, 708,8
568,9, 704,5
495,4, 714,1
445,4, 719,3
420,4, 711,9
418,1, 708,3
447,6, 688,2
504,1, 666,4
464,4, 676,8
492,0, 666,0
493,9, 674,8
484,8, 668,8
516,7, 676,1
506,9, 661,4
799,5, 480,2
909,2, 516,2
906,2, 529,9
939,2, 528,9
970,9, 575,3
971,7, 556,8
972,1, 525,1
975,7, 488,1
963,8, 497,5
957,1, 440,6
947,7, 419,5
909,3, 286,0
895,1, 232,5
894,8, 161,7
898,2, 156,7
894,5, 143,5
896,1, 141,9
913,0, 160,4
906,9, 155,6
929,4, 169,4
1049,2, 191,4
1031,5, 182,1
1240,2, 202,4
1408,2, 208,5
1428,8, 213,6
1493,8, 223,0
1484,1, 208,3
1488,1, 212,2
1483,9, 209,8
1486,1, 223,0
1527,1, 230,9
1717,2, 256,5
1757,6, 256,8
1936,8, 242,4
2540,2, 198,8
2619,2, 222,9
2721,3, 235,9
2939,5, 274,3
2984,7, 290,3
3008,2, 330,4
2992,9, 350,5
2986,8, 359,5
2982,4, 354,5
2987,7, 353,0
2983,5, 352,2
2992,2, 342,8
3000,2, 334,8
2993,9, 345,9
2988,4, 360,5
2988,5, 383,9
3054,8, 342,9
2968,8, 407,3
3028,0, 369,9
3073,1, 334,2
2983,2, 385,6
3010,9, 389,1
3058,8, 476,8
3157,9, 600,8
3191,3, 647,9
3193,9, 660,4
3201,6, 671,5
3197,2, 678,8
3178,8, 688,5
3174,5, 688,9
3161,8, 680,3
3152,2, 696,3
3148,3, 706,1
3152,7, 721,8
3140,5, 724,6
3137,7, 730,2
3130,9, 756,5
3119,9, 771,6
3117,7, 772,3
3104,7, 781,0
3099,5, 788,4
3069,8, 794,5
3069,5, 794,4
3017,7, 896,9
2930,1, 858,2
2912,5, 855,9
2903,9, 861,3
2844,4, 872,2
2860,5, 852,2
2840,9, 833,5
2781,8, 850,9
2746,6, 864,2
2716,7, 879,5
2690,5, 897,2
2623,1, 949,9
2520,6, 1106,5
2491,9, 1241,9
2436,7, 1577,2
2398,8, 1858,6
2348,4, 2225,9
2293,1, 2448,9
2265,2, 2603,6
2267,0, 2620,1
2270,6, 2673,7
2263,9, 2661,3
2258,5, 2647,3
2252,3, 2648,1
2246,9, 2635,2
2241,3, 2623,4
2238,9, 2613,7
2241,8, 2592,5
2301,2, 2653,4
2293,5, 2644,6
2319,9, 2669,0
2334,4, 2683,0
2350,2, 2700,8
2342,0, 2687,8
2343,6, 2689,7
2359,9, 2707,6
2272,4, 2605,4
2024,9, 2277,3
1260,6, 1522,1
398,4, 875,2
509,2, 961,2
850,5, 385,7
515,7, 521,1
653,8, 446,6
720,5, 401,3
681,4, 410,9
482,9, 434,4
242,4, 553,3
185,4, 585,6
163,8, 598,8
179,8, 592,2
141,6, 583,2
149,0, 591,2
158,6, 591,7
222,4, 624,0
230,6, 642,3
284,3, 720,7
280,6, 918,7
276,8, 902,9
254,7, 1003,8
226,2, 1019,2
231,2, 1024,6
238,3, 1028,6
231,2, 1029,5
242,8, 1026,7
244,2, 1027,2
240,6, 1026,6
249,2, 1026,5
239,2, 1024,0
252,2, 1024,5
253,1, 1025,8
237,8, 1022,4
254,7, 1007,8
260,5, 977,7
204,2, 953,3
218,0, 949,9
216,5, 941,6
250,7, 935,8
244,6, 930,7
197,7, 933,4
199,6, 934,1
235,4, 939,0
195,8, 939,9
196,2, 940,4
213,3, 946,9
198,9, 945,2
243,7, 946,1
286,2, 947,6
254,2, 947,6
250,5, 947,5
265,9, 947,1
235,7, 942,0
250,0, 942,7
238,7, 941,8
257,9, 942,1
291,5, 932,8
436,7, 765,0
369,9, 798,6
361,2, 793,2
391,8, 723,5
364,2, 738,7
338,9, 753,8
271,6, 803,9
302,3, 818,9
262,3, 839,5
290,9, 842,2
317,5, 848,3
277,8, 869,3
280,1, 872,2
395,6, 741,6
344,5, 772,9
369,1, 739,8
314,8, 760,4
308,4, 669,5
402,9, 644,6
390,1, 635,8
413,5, 658,0
336,4, 614,7
372,9, 615,6
324,0, 585,5
354,1, 592,8
279,4, 543,8
318,8, 561,6
274,4, 539,6
155,9, 478,4
164,9, 482,4
160,9, 475,0
217,3, 497,6
190,7, 473,9
136,9, 444,2
194,7, 467,6
133,6, 426,5
125,1, 423,9
124,9, 421,8
143,8, 430,4
2263,0, 73,9
2267,7, 43,1
2267,7, 43,1
2992,4, 294,1
3286,3, 348,8
3336,5, 304,4
3336,8, 298,2
3331,4, 295,6
3331,8, 297,6
3325,5, 310,2
3294,0, 369,4
3271,9, 398,8
3205,7, 451,1
3192,5, 460,4
3189,8, 462,9
3160,8, 484,0
3144,7, 486,2
3151,0, 480,8
3152,9, 481,5
3144,9, 477,3
3139,8, 473,7
3137,1, 477,0
3138,9, 510,1
3139,4, 509,4
3132,0, 509,5
3127,4, 504,5
3127,8, 503,7
3139,7, 497,3
3143,4, 530,6
3148,2, 540,6
3185,4, 682,0
3172,2, 770,5
3156,4, 790,0
3149,8, 806,5
3118,3, 845,8
3107,3, 852,2
3096,0, 855,4
3103,1, 860,5
3107,1, 872,5
3112,0, 867,3
3109,5, 868,3
3108,8, 869,6
3096,1, 871,2
3093,5, 881,5
3090,5, 888,2
3086,5, 894,9
3086,8, 894,1
3083,1, 902,5
3080,2, 906,9
3078,9, 907,5
3064,1, 912,2
2980,4, 934,7
2770,7, 1503,2
2764,7, 1523,8
2526,3, 1966,2
2466,7, 2084,8
2382,9, 2194,8
2357,3, 2223,6
2298,5, 2316,8
2287,9, 2476,1
2249,1, 2414,3
2222,9, 2475,6
2248,2, 2517,2
2304,3, 2620,6
2311,4, 2612,9
2316,1, 2621,6
2334,9, 2661,7
2332,7, 2658,3
2328,3, 2657,8
2325,8, 2661,3
2337,0, 2684,6
2341,2, 2689,4
68,0, 710,5
-9,1, 659,8
-45,7, 645,4
-69,6, 633,4
-47,7, 635,2
-70,7, 620,8
-87,1, 602,7
-73,0, 562,2
-34,5, 525,5
-15,3, 515,3
12,3, 501,6
44,0, 508,9
65,3, 530,2
63,0, 537,2
-3,2, 518,3
1,8, 531,4
30,3, 542,8
63,1, 558,8
107,9, 576,3
81,5, 575,8
130,2, 594,7
103,8, 593,1
143,2, 609,9
96,7, 592,8
80,7, 607,4
104,6, 612,8
91,6, 611,6
139,4, 618,1
136,1, 621,0
101,7, 619,7
132,4, 618,9
106,3, 615,4
136,3, 618,2
136,6, 621,7
170,0, 631,6
122,2, 670,2
142,5, 699,0
110,2, 703,5
137,7, 737,0
126,8, 763,7
153,1, 773,6
146,6, 773,4
135,7, 763,3
172,3, 772,2
172,5, 770,5
737,7, 821,7
1034,6, 892,0
1220,8, 963,9
1214,2, 958,8
1295,6, 982,2
1589,3, 1042,9
1724,1, 1066,2
1717,6, 1068,6
1794,6, 1075,3
1968,6, 1083,2
1971,8, 1084,0
1977,0, 1093,6
2035,8, 1097,2
2057,2, 1100,7
2073,9, 1110,1
2075,2, 1107,7
2075,0, 1112,3
2082,4, 1121,6
2094,9, 1123,2
2089,7, 1113,7
2250,4, 1149,3
2353,5, 1174,1
3307,5, 1328,9
3294,9, 1330,4
3364,9, 1344,9
3413,8, 1355,8
3413,3, 1361,8
3364,7, 1369,2
3391,1, 1358,5
3380,1, 1357,3
3355,8, 1355,7
3296,1, 1354,7
3255,5, 1355,5
3256,6, 1366,5
3247,2, 1373,8
3242,6, 1370,6
3234,5, 1367,5
3236,0, 1395,0
3242,6, 1402,7
3246,5, 1402,2
3239,7, 1394,0
3243,3, 1394,9
3240,8, 1389,7
3253,3, 1384,4
3246,9, 1383,8
3239,7, 1384,5
3233,5, 1384,6
3240,1, 1387,3
3235,6, 1389,1
3247,5, 1388,8
3258,1, 1387,1
3169,8, 1396,4
3165,1, 1396,0
3163,3, 1396,6
3177,1, 1398,8
3218,2, 1407,4
3231,3, 1408,9
3224,5, 1406,4
3236,9, 1405,6
3230,7, 1399,9
3195,9, 1383,3
3192,7, 1385,2
3208,7, 1380,6
3206,4, 1379,4
3207,4, 1375,9
3203,5, 1371,8
3202,0, 1372,4
3203,2, 1366,2
3171,4, 1381,6
3169,0, 1382,9
3175,5, 1378,5
3173,4, 1380,1
3187,2, 1382,0
3201,3, 1382,4
3209,5, 1386,9
3213,9, 1391,2
3204,6, 1389,0
3205,1, 1390,6
3210,9, 1390,9
3185,0, 1390,2
3211,2, 1386,1
3217,8, 1386,5
3350,3, 1371,6
3318,1, 1381,3
3280,1, 1376,4
3330,6, 1363,9
3302,7, 1369,4
3300,0, 1358,7
3217,0, 1367,5
3121,2, 1378,3
2874,9, 1384,2
2643,1, 1396,9
2586,7, 1402,1
2519,3, 1406,7
2499,8, 1403,8
2484,7, 1401,0
2479,2, 1401,3
2477,8, 1398,0
2398,3, 1394,3
2389,9, 1393,6
1404,5, 1288,6
579,6, 773,8
-182,4, 1278,0
-187,4, 1280,1
140,6, 1059,0
117,4, 1087,9
72,6, 1164,3
40,5, 1251,2
20,0, 1336,3
43,3, 1336,0
53,6, 1342,6
63,9, 1338,9
82,1, 1335,4
85,4, 1335,3
75,6, 1337,8
70,0, 1340,6
78,9, 1348,1
83,1, 1349,3
120,6, 1341,6
253,4, 1224,6
255,6, 1254,8
272,3, 1236,4
214,2, 1265,2
268,1, 1180,6
92,0, 1324,4
96,7, 1325,7
89,4, 1328,2
307,0, 1114,5
222,8, 1263,7
232,8, 1247,8
355,3, 1030,0
323,8, 1073,2
232,7, 1151,6
240,8, 1099,6
145,4, 1223,6
165,5, 1229,2
177,4, 1357,6
181,3, 1321,0
193,3, 1334,0
213,4, 1334,0
271,3, 1179,0
240,3, 1192,5
209,8, 1171,4
106,1, 1228,4
40,1, 1199,8
-386,5, 1383,4
-390,1, 1358,3
-389,2, 1330,2
-368,7, 1333,6
-434,2, 1358,7
-450,5, 1376,4
-385,3, 1367,3
-450,4, 1358,6
-442,3, 1349,5
-449,8, 1347,3
-464,7, 1341,7
-405,6, 1320,3
27,5, 1225,3
177,5, 1179,1
597,0, 1036,0
900,8, 978,0
1398,1, 941,7
1397,1, 945,2
1458,7, 944,8
1702,7, 922,4
1896,8, 902,1
1922,1, 891,5
2028,4, 778,4
2313,2, 704,8
2439,4, 665,3
2621,3, 608,1
3058,5, 485,9
3039,0, 500,5
3034,6, 512,0
3023,4, 526,6
3023,4, 528,9
3025,5, 520,6
3024,4, 519,0
3024,7, 515,8
3019,8, 497,9
3018,3, 498,3
3017,3, 494,6
3055,5, 476,1
3183,7, 458,6
3380,4, 403,3
3362,8, 406,6
3401,3, 398,8
3408,4, 401,3
3417,7, 410,1
3414,8, 419,3
3414,3, 398,4
3413,7, 402,1
3440,7, 359,7
3469,2, 335,7
3555,5, 279,9
3482,7, 332,2
2959,5, 553,4
3003,8, 449,2
2994,3, 450,2
3019,2, 437,6
3065,6, 401,8
3018,1, 428,7
3016,5, 398,0
3033,9, 388,5
3085,7, 358,3
3128,9, 289,1
3230,0, 272,3
3329,0, 270,9
3094,5, 469,6
3102,9, 471,9
3136,7, 467,0
3077,1, 475,0
3082,2, 473,7
3121,6, 448,1
3111,2, 491,4
3108,3, 491,4
3517,1, 86,0
3420,0, 202,7
3172,2, 243,3
2615,2, 373,1
2462,5, 400,6
2513,9, 368,1
2541,6, 304,9
2414,0, 341,8
2429,2, 339,2
2461,9, 328,3
2479,4, 360,8
2478,6, 359,2
2495,2, 370,3
2673,9, 330,1
2787,9, 295,4
2972,7, 225,3
3011,0, 202,0
3024,8, 196,3
3299,2, 67,9
3515,2, -30,0
3455,3, -79,3
3404,6, -84,8
3435,3, -111,0
3419,2, -69,5
3429,9, -92,2
3452,3, -136,9
3457,5, -125,0
3459,5, -109,8
2546,7, -25,4
2171,9, -3,1
2113,6, 3,4
1835,1, 19,4
1471,7, 13,1
1179,9, 14,7
1173,6, 12,8
959,0, 22,8
956,3, 18,4
952,5, 12,5
679,2, -28,2
318,4, -62,1
-129,3, -110,5
-105,7, -101,3
-104,9, -106,9
-106,6, -118,2
-103,3, -114,2
-103,6, -114,8
-179,3, -231,0
-223,8, -221,8
-221,2, -226,1
-213,1, -232,4
-213,1, -232,4
-213,1, -232,4
-285,3, -194,9
994,1, -218,2
1071,4, -164,2
1108,4, -115,8
1149,1, -62,0
1124,6, -96,4
1155,8, -56,0
1191,5, -23,0
1250,2, 39,8
1292,0, 80,1
1275,5, 42,1
1290,8, 56,0
1286,5, 47,4
1286,6, 46,4
1287,5, 31,9
1326,6, 68,1
1358,0, 89,4
1345,7, 78,1
1348,9, 78,3
1381,7, 92,4
1380,6, 81,8
1378,7, 76,5
1389,8, 75,3
1401,6, 74,2
1401,1, 71,0
1406,9, 73,2
1429,7, 74,2
1466,4, 70,1
1474,0, 58,8
1490,5, 59,2
1495,0, 56,8
1495,4, 54,7
1521,6, 49,7
1553,8, 43,4
3990,1, -148,0
3996,9, -184,1
4032,3, -173,5
4015,7, -175,5
4028,3, -216,4
4037,3, -224,1
4037,3, -224,1
4037,3, -224,1
3560,0, -87,0
3456,4, -44,7
3153,9, 179,1
3296,0, 77,6
3199,3, 213,5
3052,8, 290,2
3124,6, 261,5
3052,6, 321,6
3112,2, 289,4
3064,0, 333,4
2994,1, 391,3
2995,7, 389,7
3019,1, 355,8
3121,9, 281,6
3065,4, 314,3
2989,4, 405,2
3000,0, 397,3
2992,4, 394,9
3065,0, 356,0
2453,4, 639,1
2286,0, 689,0
1946,2, 847,2
1771,3, 742,8
1564,8, 519,8
1425,0, 387,7
1197,4, 164,7
1043,4, 21,7
1045,7, 22,7
1047,2, 13,7
1016,2, -14,8
993,2, -34,0
1017,7, -26,7
994,0, -42,4
980,6, -48,7
964,6, -44,0
962,8, -44,1
984,8, -12,9
977,8, -34,0
973,7, -35,7
982,0, -26,8
985,2, -17,2
990,1, -10,3
993,5, -0,7
994,1, 0,0
992,8, 6,3
993,5, 6,3
953,3, 7,1
938,3, 6,3
966,0, -25,4
246,2, 1,3
133,1, 21,3
156,8, 47,1
174,8, 66,6
183,8, 72,7
215,0, 111,3
204,2, 97,1
235,7, 127,8
244,2, 137,4
243,8, 139,6
242,8, 152,7
239,9, 188,1
246,3, 218,1
253,2, 240,2
260,9, 255,8
259,8, 252,4
247,1, 263,6
256,2, 283,8
257,5, 299,5
272,6, 334,1
274,9, 348,1
299,4, 375,7
309,2, 384,5
327,0, 409,2
336,7, 424,2
341,9, 431,5
364,1, 449,8
371,7, 454,3
377,5, 459,9
358,7, 538,6
373,4, 428,7
375,2, 428,9
386,8, 432,6
389,9, 435,4
390,2, 438,5
395,6, 476,9
389,3, 476,2
390,1, 479,6
390,5, 481,0
392,6, 481,5
394,9, 483,6
401,3, 484,6
402,1, 483,9
499,8, 867,3
553,9, 835,1
553,9, 835,1
561,2, 838,1
562,3, 838,6
562,0, 838,5
563,1, 838,9
457,7, 876,7
475,2, 864,5
484,4, 853,8
467,8, 857,7
445,5, 854,9
397,8, 865,0
399,5, 858,9
424,5, 859,4
362,7, 940,3
240,6, 1023,3
222,6, 1037,8
252,9, 1029,8
293,3, 1037,6
305,8, 1043,2
336,6, 1048,5
352,3, 1052,5
349,2, 1056,0
384,5, 1053,4
369,7, 1058,5
375,4, 1054,4
327,9, 1149,3
328,8, 1177,3
304,6, 1176,1
277,1, 1167,2
269,5, 1166,5
260,1, 1165,2
252,6, 1162,8
252,6, 1163,6
254,8, 1166,2
231,1, 1165,8
189,1, 1171,5
147,9, 1170,9
134,6, 1169,2
91,8, 1157,9
101,4, 1159,6
91,5, 1153,0
125,7, 1136,9
125,5, 1135,7
673,0, 988,5
747,2, 971,7
981,8, 921,3
1486,6, 804,2
1742,1, 764,1
1902,8, 727,6
2525,7, 659,0
3006,5, 631,7
3105,0, 546,2
3043,3, 601,4
3096,2, 556,2
3124,0, 534,1
3064,9, 590,5
2981,4, 647,7
2937,6, 673,9
2941,9, 675,8
2961,2, 670,3
2940,7, 684,7
2919,5, 701,3
2918,6, 700,3
2882,1, 705,3
2838,8, 703,5
2768,3, 703,1
2428,8, 734,5
2370,5, 739,0
2356,7, 737,3
2264,6, 718,6
2157,7, 699,4
1903,3, 652,4
-35,5, 329,7
111,3, 454,2
122,8, 457,7
131,4, 458,3
115,4, 446,9
113,3, 445,0
84,3, 422,8
82,3, 420,9
41,5, 388,7
-3,0, 349,5
-5,8, 323,8
52,5, 266,0
180,1, 315,0
555,9, 465,8
718,9, 525,1
713,8, 517,7
729,9, 526,1
1180,5, 791,3
1161,3, 755,5
1264,6, 874,5
1295,4, 931,0
1243,2, 910,9
1297,6, 953,2
1266,0, 929,1
1261,8, 927,7
1249,7, 917,0
1224,9, 895,9
1234,2, 905,6
1224,1, 869,0
1220,3, 868,1
1216,0, 863,9
1212,5, 858,9
1198,9, 855,2
-125,4, 813,7
-131,2, 820,2
-124,0, 824,0
-97,2, 860,9
-49,8, 887,6
-49,3, 880,9
-36,8, 877,0
-38,0, 886,1
-17,9, 912,2
-17,0, 918,4
-20,3, 912,3
46,7, 985,5
67,8, 995,4
76,7, 996,3
80,2, 972,9
87,3, 976,6
328,9, 972,0
1232,0, 943,7
1592,6, 929,4
1705,0, 921,3
1828,9, 908,9
3160,0, 781,0
3165,2, 766,6
3168,0, 753,0
3170,0, 759,7
3175,9, 759,0
3197,9, 763,3
3192,7, 760,9
3181,7, 758,5
3147,1, 781,0
3078,1, 803,2
3086,9, 798,6
3076,7, 800,8
3040,1, 817,0
3029,5, 807,5
3032,8, 814,7
3033,8, 809,2
3041,8, 807,8
3037,7, 805,5
3040,7, 805,8
3054,9, 798,1
3073,8, 822,8
3149,9, 827,9
3178,5, 851,8
3196,0, 866,4
3178,7, 880,6
3156,0, 886,6
3154,5, 888,9
3147,2, 890,7
3143,1, 884,6
3152,0, 868,7
3135,6, 880,9
3154,7, 867,5
3150,6, 872,6
3171,9, 888,0
3187,3, 859,6
3186,4, 862,6
3162,5, 874,6
3162,5, 862,1
3156,2, 868,8
3207,7, 846,9
3224,3, 833,7
3237,4, 822,4
3243,4, 817,0
3224,0, 811,9
3218,2, 827,3
3211,8, 830,7
3169,4, 853,3
3165,0, 851,5
3136,0, 854,3
3134,6, 851,2
3108,3, 815,8
3106,5, 814,0
3102,9, 813,0
3101,5, 813,0
3100,1, 814,9
3103,8, 819,4
3101,2, 817,3
3101,4, 816,8
3126,5, 798,5
3117,1, 803,7
3104,2, 798,0
3071,0, 814,6
3075,9, 844,7
2954,9, 823,2
2954,9, 823,2
2009,4, 809,8
1874,2, 816,0
1550,3, 788,2
1488,3, 773,7
787,5, 661,4
786,8, 642,2
517,5, 590,4
6,5, 459,3
68,2, 489,8
63,5, 487,5
70,8, 493,6
92,4, 521,0
72,0, 500,7
60,7, 489,1
46,5, 486,5
155,4, 553,7
237,0, 605,9
400,0, 710,4
426,3, 725,7
422,4, 726,0
368,6, 710,4
410,0, 686,1
398,7, 688,9
393,0, 691,5
406,5, 726,8
452,1, 734,9
452,1, 734,9
452,1, 734,9
572,6, 706,8
808,0, 664,6
1214,3, 556,6
1325,0, 483,5
1403,8, 394,5
1454,4, 323,1
1517,3, 269,8
1541,0, 257,9
1555,3, 260,7
1569,0, 264,7
1569,2, 241,3
1573,0, 251,5
1578,4, 247,6
1643,6, 196,8
1971,0, 251,2
2110,2, 251,2
2598,4, 243,7
2720,6, 301,9
2797,9, 318,1
2935,9, 244,8
2888,6, 283,8
2903,8, 281,1
2874,1, 302,3
2897,1, 299,5
2833,7, 332,7
2831,7, 339,9
2843,2, 333,9
2822,1, 360,8
2973,7, 355,9
3070,3, 335,0
3082,6, 330,2
3125,0, 309,8
3437,6, 134,9
3316,1, 196,0
3558,8, 44,3
3519,9, 63,6
3436,5, 114,5
3567,2, 40,8
3484,0, 79,2
3525,5, 55,3
3336,0, 157,4
3293,4, 179,7
3255,7, 223,3
3265,6, 668,7
3530,1, 580,7
3403,7, 630,4
3406,5, 638,6
3349,4, 664,9
3348,5, 664,0
3314,6, 671,2
3321,4, 672,6
3367,6, 642,5
3350,7, 649,2
3339,6, 653,0
3254,5, 691,4
3212,7, 704,2
3202,9, 712,5
2811,6, 757,7
2863,9, 759,5
2664,0, 770,7
2584,8, 781,7
2521,5, 822,3
2532,2, 803,0
2510,3, 815,8
2513,9, 791,0
2510,3, 785,4
2463,4, 788,9
2465,3, 781,5
2470,0, 766,6
2468,0, 765,6
2445,2, 761,7
2429,0, 759,1
2432,7, 759,9
2419,9, 758,1
2386,5, 748,0
2349,5, 747,7
2315,4, 744,2
2303,4, 739,7
2316,3, 738,4
2187,4, 722,3
2152,2, 718,0
74,9, 601,3
-2,2, 592,3
-37,7, 576,0
-41,8, 567,8
-33,9, 545,0
-28,9, 548,3
-28,6, 534,4
-38,8, 543,2
-54,9, 536,2
-86,0, 515,0
-92,7, 508,4
-123,5, 486,7
-219,1, 423,0
-276,2, 382,7
-291,3, 358,7
-185,7, 405,2
-18,0, 536,4
241,4, 693,8
298,0, 725,9
292,7, 734,8
326,4, 744,3
381,1, 777,6
400,6, 788,6
382,0, 788,0
315,8, 785,1
343,9, 791,1
320,8, 794,1
348,9, 800,4
334,4, 806,6
288,4, 842,8
312,2, 855,6
298,9, 890,6
332,8, 914,0
311,9, 943,9
278,5, 940,5
308,4, 942,1
338,0, 932,4
321,4, 934,9
318,2, 935,3
256,8, 911,7
276,3, 913,4
213,7, 893,3
250,4, 899,6
180,4, 881,4
213,0, 889,2
352,2, 863,1
355,2, 869,5
753,2, 817,6
845,7, 809,6
783,1, 823,0
874,9, 828,2
2660,1, 1081,2
2736,6, 994,6
2733,2, 986,2
2756,6, 925,0
2761,8, 927,2
2784,0, 926,5
2801,1, 912,7
2813,8, 903,1
2819,0, 899,2
2818,5, 903,1
2819,9, 902,0
2821,1, 901,1
2824,3, 901,4
2849,8, 901,9
2854,0, 901,6
2858,3, 902,0
2860,9, 901,5
2859,8, 898,8
2858,8, 893,7
2855,1, 897,8
2848,3, 904,1
2818,0, 916,4
2813,0, 919,8
2783,9, 936,7
2765,2, 947,3
2751,1, 938,5
2740,3, 949,1
2747,3, 951,7
2758,6, 953,2
2927,8, 940,3
3084,3, 875,7
3090,4, 881,5
3162,9, 864,9
3212,0, 849,4
3217,1, 847,9
3247,7, 843,4
3231,6, 845,9
3289,3, 847,7
3279,6, 849,8
3273,3, 855,4
3252,1, 858,9
3238,7, 857,5
3242,2, 860,2
3240,8, 861,1
3218,1, 866,6
3212,2, 870,7
3190,9, 875,2
3153,7, 892,4
3150,6, 897,4
3186,5, 891,7
3183,2, 887,0
3168,7, 885,6
3135,3, 894,2
3136,9, 894,6
3170,8, 882,5
3186,5, 869,0
3149,7, 873,0
3238,5, 841,3
3233,2, 840,6
3283,8, 815,3
3226,8, 831,8
3238,9, 829,9
3182,0, 835,0
3247,1, 815,5
3202,9, 832,2
3263,8, 817,0
3188,0, 839,4
3157,6, 831,5
3166,9, 828,5
3175,1, 824,4
3174,0, 823,5
3252,5, 793,6
3248,0, 793,8
3246,6, 792,7
3189,3, 808,0
3178,8, 807,0
3173,1, 805,4
3173,1, 805,5
3155,7, 784,0
2873,4, 703,6
380,8, 752,1
401,0, 725,5
415,8, 712,2
421,7, 706,8
412,8, 710,6
403,3, 706,3
396,3, 702,7
404,2, 704,0
391,8, 696,4
370,1, 690,6
325,1, 685,1
303,9, 682,7
292,6, 682,2
271,8, 679,8
269,2, 680,8
294,9, 693,2
307,3, 698,9
311,1, 699,7
341,4, 705,5
338,2, 709,7
367,9, 691,6
385,9, 677,4
388,7, 687,3
405,2, 684,5
402,6, 681,2
403,2, 695,9
409,1, 717,4
409,9, 724,1
436,8, 751,8
439,3, 750,7
439,6, 750,1
444,8, 745,6
446,4, 745,4
450,2, 747,5
445,9, 744,7
455,4, 749,0
463,2, 752,8
467,2, 756,2
471,5, 759,0
498,0, 741,4
503,6, 737,9
501,0, 739,4
491,9, 741,9
467,9, 751,7
466,5, 757,0
465,0, 763,0
463,2, 765,8
459,8, 764,4
458,4, 762,8
464,1, 749,3
465,7, 745,7
472,5, 716,0
477,4, 701,1
477,0, 702,9
433,5, 753,0
432,6, 757,0
433,6, 759,4
438,9, 771,1
440,5, 772,7
444,8, 771,4
453,8, 769,7
452,2, 777,3
453,7, 778,9
454,8, 774,8
458,0, 770,5
458,0, 769,3
454,6, 774,7
451,9, 773,9
452,0, 772,6
452,5, 772,5
451,5, 769,1
451,8, 771,0
456,5, 764,8
481,9, 758,8
680,5, 719,5
1195,5, 646,7
1294,6, 622,0
1489,1, 574,7
1617,8, 529,8
1707,2, 494,4
1759,3, 466,5
1945,1, 367,5
1974,7, 345,5
1988,2, 357,5
2011,0, 368,6
2014,6, 387,2
2015,9, 398,2
2028,4, 409,9
2011,9, 401,6
2001,6, 376,6
2004,3, 364,6
1999,7, 351,4
2055,7, 301,0
2064,3, 280,3
2081,9, 234,6
2079,9, 213,2
2081,2, 209,8
2083,7, 186,7
2078,0, 152,1
2080,4, 151,1
2097,1, 156,2
2095,2, 143,2
2104,7, 144,3
2105,0, 143,1
2104,3, 131,7
2104,2, 131,6
2102,5, 131,8
2101,0, 138,1
2100,4, 140,9
2100,7, 141,4
2101,5, 142,8
2102,5, 142,7
2104,5, 135,7
2103,4, 140,1
2106,0, 123,8
2109,0, 117,7
2109,7, 119,0
2107,7, 113,2
2106,2, 104,2
2108,1, 106,7
2107,3, 103,7
2112,5, 113,1
2113,1, 113,5
2116,2, 114,3
2128,0, 104,1
2156,4, 93,7
2666,5, -9,1
2784,1, -36,8
3334,8, -65,9
3382,9, -151,6
3403,9, -189,3
3403,9, -189,3
3404,6, -190,7
3411,7, -207,7
3418,7, -205,9
3377,0, -202,9
3377,0, -202,9
3356,7, -188,6
3351,2, -184,8
3341,4, -175,6
-71,2, -80,6
8,4, 107,0
17,9, 312,0
-25,9, 452,3
25,4, 562,2
103,3, 622,9
238,3, 762,6
252,9, 818,4
267,0, 817,2
277,2, 816,7
287,1, 822,6
298,7, 829,7
321,0, 843,2
443,8, 565,7
436,9, 556,2
432,8, 554,7
423,6, 551,3
425,6, 552,3
430,1, 555,4
436,1, 560,5
442,3, 564,7
453,0, 570,8
460,3, 577,0
460,5, 578,1
467,5, 586,9
474,0, 594,5
472,5, 594,5
469,4, 591,6
468,1, 591,4
419,0, 608,4
432,4, 599,1
402,5, 634,8
433,0, 641,2
425,5, 641,3
432,3, 642,5
405,2, 631,3
377,6, 619,5
368,3, 625,0
499,0, 583,2
492,2, 624,0
511,6, 704,0
507,0, 819,7
482,9, 950,8
449,3, 964,6
439,6, 1007,5
436,8, 1024,6
419,3, 1054,5
359,7, 1285,4
272,5, 1319,5
303,7, 1338,3
327,6, 1347,6
318,1, 1347,3
304,6, 1355,4
408,9, 1376,9
328,3, 1361,2
331,0, 1357,6
320,9, 1358,0
291,4, 1352,9
288,1, 1351,9
272,7, 1349,7
283,8, 1333,8
281,0, 1335,0
187,9, 1201,6
132,5, 1061,4
115,5, 991,7
118,3, 1027,7
168,7, 1004,9
185,5, 992,7
259,2, 977,0
300,3, 985,3
313,0, 992,5
311,5, 981,0
312,5, 995,2
317,1, 1006,7
320,3, 1016,8
319,2, 1001,1
332,6, 995,2
332,1, 982,9
310,2, 1004,3
293,8, 1002,4
288,3, 987,9
319,2, 949,4
288,4, 913,0
287,6, 916,2
242,4, 845,9
242,1, 796,1
238,3, 777,5
228,2, 763,4
297,8, 569,3
289,3, 542,0
367,1, 458,3
364,9, 453,0
381,2, 419,3
356,3, 412,2
170,7, 261,1
264,2, 310,8
299,9, 323,8
326,0, 328,5
226,7, 290,7
310,5, 289,4
389,5, 300,1
330,4, 394,6
344,9, 398,7
334,2, 482,3
378,5, 524,0
371,0, 568,1
391,9, 556,1
394,5, 566,3
398,0, 569,6
395,7, 606,7
408,6, 600,4
401,9, 609,7
387,8, 647,2
432,4, 511,0
396,8, 570,7
390,9, 657,5
373,1, 679,1
342,4, 566,6
292,3, 677,6
313,8, 636,6
306,6, 643,3
382,2, 761,4
377,1, 759,3
429,5, 856,3
470,1, 1003,8
460,5, 987,8
484,9, 1012,3
484,9, 1000,2
481,5, 1000,3
478,2, 983,5
471,1, 987,3
458,7, 974,0
444,3, 956,1
416,4, 969,6
421,7, 968,5
421,9, 962,8
431,7, 956,7
391,9, 972,6
326,0, 1111,2
296,9, 1189,9
282,1, 1223,4
286,9, 1238,2
289,8, 1249,3
284,5, 1281,6
278,8, 1293,9
277,0, 1290,8
283,8, 1277,3
281,5, 1269,6
278,9, 1268,1
277,3, 1274,8
271,7, 1280,0
258,9, 1273,2
263,4, 1288,8
267,0, 1288,3
277,1, 1292,7
284,7, 1302,6
287,2, 1286,5
266,4, 1304,3
275,4, 1291,2
276,2, 1293,3
279,9, 1276,5
241,9, 1289,1
252,2, 1281,0
239,9, 1297,0
239,9, 1283,0
211,5, 1293,5
185,5, 1273,7
218,4, 1262,8
223,6, 1294,7
181,4, 1289,6
191,6, 1319,2
170,7, 1307,1
162,1, 1295,3
208,7, 1307,1
430,3, 1378,4
480,0, 1399,8
486,6, 1399,2
587,6, 1433,8
584,9, 1432,5
686,1, 1474,6
720,6, 1489,0
718,1, 1488,4
714,3, 1484,0
720,4, 1468,0
708,3, 1471,9
842,3, 1463,0
1170,2, 1445,7
1283,0, 1437,2
1426,2, 1430,8
1470,9, 1427,9
1496,8, 1426,1
1514,7, 1423,6
1525,6, 1420,1
1529,2, 1416,1
1527,3, 1418,2
1530,1, 1414,0
1529,2, 1401,2
1519,1, 1400,6
1518,8, 1400,2
1521,9, 1400,1
1540,2, 1391,6
1637,1, 1378,2
1741,8, 1363,3
2300,4, 1326,5
2421,9, 1317,5
2902,9, 1263,1
2944,8, 1261,9
3018,3, 1260,2
3008,0, 1267,3
3112,4, 1240,8
3099,6, 1259,1
3156,5, 1244,9
3148,4, 1248,2
3171,5, 1244,2
3175,6, 1238,6
3180,0, 1240,1
3184,0, 1232,0
3186,3, 1225,6
3186,3, 1220,6
3207,2, 1201,6
3226,0, 1191,2
3185,9, 1223,4
3193,6, 1219,2
3218,6, 1215,3
3361,1, 1162,2
3418,9, 1140,7
3399,3, 1140,7
3385,3, 1131,8
3399,1, 1117,9
3395,3, 1101,5
3384,5, 1103,4
3376,7, 1104,9
3368,7, 1108,0
3352,7, 1110,1
3283,3, 1116,9
3223,7, 1120,5
3201,1, 1116,0
3203,7, 1115,5
3195,1, 1110,4
3192,4, 1099,2
3196,7, 1063,9
3204,2, 1045,1
3218,0, 1037,1
3251,0, 1012,1
3268,9, 999,9
3268,6, 996,7
3292,8, 963,4
3291,4, 952,5
3236,2, 949,7
3244,0, 941,8
3291,7, 922,0
3257,8, 930,9
3152,5, 967,1
3147,5, 969,6
3107,5, 980,5
3085,2, 982,6
3062,8, 986,3
2936,5, 962,7
2942,7, 965,4
2836,1, 941,8
2590,9, 946,9
2460,7, 966,3
2245,5, 974,4
1852,2, 980,4
1803,9, 982,6
1648,0, 978,1
1637,4, 950,6
1694,8, 864,4
-92,4, 485,3
54,3, 594,6
67,1, 601,2
70,2, 601,1
105,9, 605,8
150,5, 656,4
136,3, 624,3
161,6, 659,2
146,7, 690,5
169,1, 684,2
178,6, 685,6
184,3, 716,0
192,6, 748,7
192,6, 748,7
204,1, 726,8
205,0, 720,5
188,3, 709,3
181,4, 708,9
330,6, 587,1
339,4, 576,4
320,2, 649,3
331,6, 561,4
318,9, 613,7
227,8, 676,4
204,5, 710,0
303,5, 745,0
303,2, 744,0
297,4, 737,4
297,5, 738,5
290,7, 732,4
291,4, 742,7
288,9, 739,0
301,0, 724,0
393,1, 696,2
661,0, 662,2
749,2, 652,1
912,8, 637,9
2917,2, 729,5
2910,0, 706,9
2912,0, 707,3
2910,2, 707,5
2914,1, 707,7
2900,1, 722,2
2896,1, 729,1
2886,3, 774,2
2860,8, 817,3
2794,7, 936,3
2702,3, 1195,3
2662,7, 1286,8
2549,8, 1681,5
2510,6, 1793,6
2400,4, 2196,1
2384,4, 2266,1
2416,6, 2362,0
2414,2, 2358,6
2401,7, 2385,4
2388,7, 2448,4
2342,8, 2478,2
2330,8, 2481,7
2309,9, 2511,2
2299,2, 2522,4
2296,2, 2523,2
2297,2, 2516,7
2303,4, 2564,5
2326,9, 2574,5
2332,9, 2569,1
2333,1, 2566,7
2329,0, 2564,6
2327,6, 2545,3
2313,2, 2506,9
2315,9, 2509,7
2310,7, 2504,3
2319,9, 2520,1
2314,7, 2557,3
2307,6, 2564,6
2315,9, 2550,7
2313,0, 2551,8
2446,1, 2532,8
2400,4, 2527,2
2347,4, 2534,7
3016,6, 1367,6
3063,2, 1315,6
3112,5, 1229,3
3122,5, 1207,1
3119,4, 1200,0
3078,4, 1133,6
3141,7, 1121,9
3102,3, 1134,0
3099,8, 1134,7
3086,2, 1126,4
3069,2, 1124,6
3087,3, 1114,9
3092,3, 1111,9
3068,7, 1116,2
3077,0, 1113,5
3068,5, 1112,5
3077,1, 1115,3
3085,9, 1115,7
3080,7, 1115,7
3085,0, 1118,9
3096,0, 1117,3
3089,0, 1117,9
3088,9, 1119,9
3090,7, 1122,8
3056,0, 1148,6
3066,3, 1142,8
3061,5, 1143,6
3070,5, 1133,0
3071,6, 1131,6
3063,2, 1128,9
3067,2, 1126,3
3062,9, 1128,8
3040,9, 1128,1
2848,2, 1130,0
2752,6, 1128,5
2086,5, 1203,5
1962,1, 1217,5
2047,9, 1207,4
1846,8, 1229,6
1795,6, 1236,2
1777,5, 1239,7
1761,2, 1242,4
1757,3, 1247,2
1753,1, 1241,2
1707,6, 1254,4
1620,6, 1256,9
1533,5, 1256,6
-73,3, 1231,2
-99,5, 1242,1
-99,9, 1245,0
-100,0, 1245,0
-100,4, 1241,5
-116,8, 1234,2
-122,7, 1233,4
-122,8, 1234,5
-124,6, 1234,7
-126,0, 1234,9
-167,7, 1249,0
-166,0, 1248,7
-153,5, 1250,1
-165,3, 1261,4
-146,9, 1267,7
-132,4, 1250,4
-102,0, 1254,6
-50,5, 1251,9
-49,2, 1255,3
-32,8, 1262,4
-26,9, 1256,6
24,4, 1255,0
34,8, 1249,5
7,9, 1250,5
-10,1, 1245,0
-2,2, 1255,5
8,0, 1261,7
23,1, 1269,8
40,7, 1276,6
50,9, 1276,3
67,5, 1280,3
63,8, 1279,3
85,1, 1259,2
84,0, 1251,2
82,3, 1243,8
94,6, 1234,0
120,5, 1203,5
132,3, 1186,3
144,0, 1154,3
145,6, 1147,6
154,7, 1131,4
144,0, 1145,0
132,6, 1174,6
124,0, 1202,8
122,3, 1205,1
120,9, 1199,0
102,6, 1209,8
86,8, 1207,2
50,1, 1190,9
49,8, 1193,5
54,5, 1199,6
50,7, 1200,1
67,0, 1195,2
70,1, 1196,1
115,1, 1100,8
82,4, 1143,8
205,8, 1134,7
292,0, 1123,0
979,1, -177,6
2300,5, 202,6
2300,5, 202,6
3903,3, 670,2
3903,3, 670,2
3945,7, 614,7
3950,2, 566,8
3966,8, 578,6
3907,5, 612,8
3867,8, 634,3
3559,8, 779,8
3575,1, 773,4
3167,4, 945,8
3160,9, 945,5
3137,1, 944,7
3123,8, 938,5
3090,6, 918,3
3099,4, 909,4
3102,6, 904,6
3101,1, 904,8
3117,4, 899,3
3120,2, 898,7
3122,6, 898,4
3122,1, 885,7
3125,5, 888,4
3145,4, 910,9
3152,3, 908,0
3128,9, 892,9
3136,5, 898,2
3126,0, 893,2
3124,8, 895,9
3121,9, 893,6
3124,1, 894,1
3117,4, 888,2
2962,7, 936,8
2927,9, 938,7
2916,6, 943,6
2942,0, 929,9
2984,1, 896,6
2990,6, 880,6
2999,0, 877,7
3024,5, 860,2
3036,6, 847,5
3046,7, 837,5
3058,9, 823,2
3077,9, 810,2
3066,3, 807,1
3058,7, 809,0
3007,2, 820,5
2683,2, 834,2
2475,5, 792,4
2271,7, 765,5
2118,8, 741,4
1763,9, 674,6
1660,6, 661,1
1445,2, 651,1
1097,6, 638,7
919,5, 609,7
887,6, 583,3
578,4, 448,0
496,4, 406,6
290,3, 294,3
323,0, 314,1
315,0, 314,3
239,0, 278,4
252,5, 287,2
276,3, 306,8
284,5, 313,6
309,9, 371,6
307,3, 355,8
310,3, 476,8
313,0, 521,9
336,8, 624,3
375,1, 699,4
404,1, 719,2
414,8, 736,7
418,6, 738,7
424,2, 764,6
370,8, 761,2
364,6, 756,7
335,2, 741,1
-165,3, 513,3
-362,5, 410,3
-358,8, 391,1
-341,0, 417,0
-22,4, 633,2
222,6, 760,7
291,4, 806,5
295,8, 804,9
293,9, 807,7
330,2, 815,9
301,6, 800,0
198,6, 788,4
217,5, 793,2
193,2, 780,4
235,3, 787,7
207,0, 759,9
147,2, 717,1
181,5, 727,8
98,8, 686,6
150,3, 701,6
137,9, 688,7
189,1, 692,5
155,1, 657,1
224,4, 671,0
219,7, 656,8
166,0, 635,6
205,6, 632,9
234,3, 632,0
236,0, 635,7
280,2, 646,7
311,7, 654,8
376,1, 670,6
540,4, 701,1
835,1, 730,0
1238,9, 768,3
1270,2, 771,0
1322,7, 774,7
1317,4, 764,3
1319,6, 741,0
1468,2, 385,0
2498,9, 359,6
2581,1, 296,7
2633,4, 258,7
2619,8, 273,4
2603,9, 293,6
2708,5, 238,0
2699,6, 236,0
2616,7, 304,2
2543,6, 365,7
2557,7, 353,4
2482,2, 561,4
2446,4, 741,3
2392,2, 1221,4
2378,7, 1565,6
2373,0, 1707,5
2359,1, 1949,8
2356,7, 2164,0
2350,1, 2415,9
2351,3, 2473,3
2298,8, 2524,3
2304,8, 2515,5
2312,3, 2517,6
2314,0, 2514,4
2326,9, 2526,7
2322,5, 2520,1
2336,0, 2525,9
2334,3, 2541,1
2345,6, 2530,0
2359,3, 2399,7
2626,8, 1514,1
3081,2, 676,0
3260,5, 418,8
3328,4, 277,3
3311,3, 287,0
3325,5, 273,7
3374,9, 211,3
3138,5, 418,0
3152,0, 391,2
3189,9, 350,6
3303,2, 120,2
3351,5, 22,9
3331,9, 28,0
3329,0, 32,7
3312,6, 42,6
3396,3, 46,1
3399,6, 48,5
3387,6, 46,4
3386,4, 45,5
3371,1, 37,3
3370,6, 32,6
3368,2, 18,0
3401,4, 10,9
3414,4, 107,4
3380,2, 255,0
3407,9, 287,2
3390,8, 271,5
3381,3, 279,2
3378,9, 290,6
2975,2, 218,0
2549,6, 257,8
2026,6, 379,1
2078,8, 320,4
1565,9, 291,7
1185,1, 257,5
752,4, 105,6
474,8, -11,0
469,7, 52,2
341,3, 49,8
319,0, 57,7
296,4, 70,3
319,5, 94,5
324,9, 97,9
316,6, 87,0
271,1, 19,9
231,8, -6,2
161,6, -4,1
64,3, -48,3
-28,6, -58,7
-23,4, 20,4
176,9, 25,8
255,5, 24,0
258,8, 45,1
168,9, 22,9
173,7, 75,5
105,1, 43,5
139,3, 63,7
69,9, 31,9
192,8, 98,9
298,0, 24,7
288,8, 22,5
267,6, 43,7
171,5, 25,2
180,5, 22,8
168,1, -11,9
41,5, -38,8
41,5, -38,8
-202,4, -112,3
-185,3, -101,9
-146,0, -69,0
-143,4, -63,2
-141,4, -58,9
-153,0, -78,4
-154,5, -80,7
52,7, -31,9
-25,2, -58,8
-41,2, -52,3
-39,8, -50,3
-39,7, -50,9
43,1, 11,6
39,5, -21,0
45,9, -34,8
124,0, -89,0
148,1, -68,5
1772,6, 352,0
1841,9, 388,6
1899,5, 388,3
2054,0, 389,9
2043,9, 390,5
2339,5, 386,3
3020,8, 362,8
3025,8, 366,5
3155,1, 358,5
3282,6, 356,4
3434,5, 353,6
3436,2, 355,3
3438,4, 356,8
3305,8, 488,8
3281,2, 513,8
3278,1, 516,7
3257,0, 543,2
3247,5, 549,1
3227,0, 578,9
3215,0, 596,4
3206,2, 597,6
3178,5, 611,2
3174,3, 613,3
3166,9, 617,4
3162,2, 621,9
3149,6, 630,9
3147,8, 632,6
3144,7, 636,9
3125,7, 644,0
3122,5, 661,4
3278,4, 743,7
3295,1, 895,9
3326,0, 952,9
3318,6, 959,9
3323,4, 954,7
3309,3, 977,2
3335,0, 965,7
3323,1, 965,4
3349,5, 952,0
3377,2, 955,2
3389,2, 971,3
3379,8, 959,1
3301,8, 986,5
3302,3, 997,2
3300,5, 1007,0
3303,5, 1006,5
3287,7, 1012,0
3273,6, 1033,1
3243,2, 1024,3
3131,1, 845,9
3144,3, 791,7
3144,4, 784,7
3154,7, 773,9
3153,8, 763,3
3148,1, 773,2
3152,9, 761,9
3153,8, 752,7
3143,9, 730,0
3034,7, 758,7
2622,8, 794,8
2760,0, 796,3
2350,9, 776,7
2105,5, 720,9
1665,0, 631,0
525,4, 462,6
-141,0, 567,5
-8,5, 616,4
-5,2, 612,3
-35,6, 590,3
-49,2, 589,1
-34,9, 599,7
-27,9, 605,8
18,1, 637,3
148,0, 714,9
214,8, 768,3
340,2, 816,0
390,7, 839,5
381,3, 848,4
400,8, 856,0
421,6, 848,0
429,5, 838,0
394,0, 835,1
399,3, 840,1
405,7, 839,9
389,2, 844,2
389,6, 845,7
391,1, 846,7
376,5, 857,4
392,6, 857,6
388,0, 860,5
387,2, 862,9
395,8, 868,7
391,2, 879,5
404,6, 880,6
404,6, 881,4
396,4, 879,9
404,2, 877,9
393,2, 876,1
405,7, 875,5
433,8, 863,9
436,4, 864,3
437,7, 869,9
443,5, 866,9
388,9, 873,1
393,3, 882,1
408,6, 876,9
362,4, 860,7
377,6, 861,9
362,7, 866,1
401,0, 872,9
386,0, 873,9
356,1, 862,0
397,1, 856,9
334,1, 817,4
355,2, 821,9
348,3, 805,9
376,7, 808,7
316,5, 769,3
362,4, 782,7
457,8, 713,2
513,0, 710,2
617,8, 708,9
991,5, 635,2
1142,0, 592,9
1193,8, 578,4
1613,9, 485,7
1990,1, 411,7
3067,9, 351,7
3054,1, 306,2
3055,8, 343,3
3100,9, 431,6
3240,2, 639,9
3366,5, 733,1
3423,7, 963,4
3490,0, 1078,2
3490,7, 1077,3
3580,4, 1034,6
3625,8, 1020,5
3635,5, 1014,7
3637,7, 1010,6
3606,6, 1026,4
3592,3, 1028,8
3575,7, 1039,6
3509,8, 1063,4
3427,7, 1091,0
3398,6, 1087,5
3401,0, 1090,3
3397,1, 1093,9
3397,9, 1095,7
3397,5, 1096,5
3364,4, 1084,2
3365,1, 1085,4
3392,2, 1123,0
3388,5, 1122,5
3384,9, 1122,3
3389,3, 1126,0
3384,8, 1125,3
3382,5, 1128,7
3384,4, 1128,5
3358,8, 1119,9
3376,2, 1121,8
3395,5, 1127,4
3395,5, 1127,4
3444,5, 1324,4
3434,6, 1339,6
3413,2, 1347,8
3379,0, 1366,9
3375,6, 1364,6
3374,2, 1363,5
3386,3, 1367,1
3394,0, 1368,3
3348,9, 1363,6
3357,3, 1364,7
3221,4, 1259,0
3218,3, 1253,2
3217,0, 1249,4
3211,3, 1243,0
3205,4, 1222,8
3178,4, 1222,8
3172,8, 1222,7
3146,3, 1225,8
3124,8, 1232,5
3122,8, 1232,9
3072,3, 1246,4
3033,7, 1237,7
2707,7, 1214,3
2727,0, 1221,3
2698,0, 1267,5
2029,6, 967,9
1913,1, 980,9
1581,4, 1082,7
1525,9, 1098,8
1543,5, 1074,3
837,6, 1118,3
570,9, 1054,9
709,5, 1108,2
677,2, 1092,2
579,8, 1041,5
585,1, 1046,2
589,7, 1059,7
496,5, 1083,1
353,9, 1126,8
357,3, 1130,6
139,6, 1175,2
133,1, 1171,6
134,8, 1171,2
129,6, 1166,1
128,3, 1165,0
130,1, 1171,7
131,1, 1174,9
139,9, 1181,9
159,9, 1198,1
170,4, 1196,4
187,0, 1190,3
196,4, 1191,5
177,3, 1191,1
125,9, 1190,2
129,7, 1191,9
132,6, 1196,8
173,4, 1202,4
186,0, 1204,3
131,9, 1199,0
148,1, 1201,7
138,0, 1203,6
141,4, 1202,3
143,3, 1203,2
157,0, 1208,7
189,9, 1209,5
204,3, 1209,3
144,7, 1192,8
172,0, 1200,8
181,2, 1202,9
220,2, 1214,4
191,8, 1231,6
140,1, 1234,8
160,8, 1237,6
117,3, 1242,4
130,3, 1242,3
137,5, 1245,6
110,4, 1244,5
151,1, 1250,5
179,2, 1256,2
156,1, 1252,8
136,3, 1249,7
148,9, 1251,3
128,3, 1251,4
154,5, 1240,6
146,7, 1238,2
147,7, 1240,8
152,0, 1237,1
110,5, 1237,3
126,2, 1238,2
128,1, 1241,6
98,2, 1236,3
115,0, 1237,2
124,7, 1236,8
176,1, 1233,0
188,0, 1232,1
179,2, 1230,6
159,8, 1230,5
130,5, 1232,0
145,9, 1233,9
156,7, 1235,3
323,1, 1178,7
577,2, 1090,9
768,4, 1024,5
817,8, 975,0
1008,1, 938,0
1755,9, 788,3
2098,2, 713,6
2449,2, 720,5
2662,8, 682,8
2769,7, 667,5
2775,3, 652,2
2779,6, 649,5
2780,5, 648,1
2780,5, 656,0
2765,9, 648,7
2765,6, 651,2
2763,2, 651,3
2769,6, 648,2
2776,1, 650,8
2778,7, 644,0
2781,8, 647,7
2793,0, 637,0
2800,4, 611,9
2808,2, 602,2
2815,1, 592,1
2845,6, 597,4
2837,2, 592,9
2842,1, 580,1
2843,7, 590,9
2834,8, 598,2
2845,1, 585,3
2842,4, 589,6
2840,3, 591,8
2853,1, 589,6
2856,2, 587,0
2852,3, 588,0
2853,7, 589,8
2852,7, 596,2
2858,4, 593,7
2852,5, 615,7
2852,0, 616,1
2853,9, 603,9
2853,2, 591,7
2854,5, 584,2
2852,8, 582,7
2861,8, 576,9
2859,5, 585,6
2857,1, 594,6
2861,1, 595,0
2867,8, 568,6
2866,8, 572,3
2867,4, 576,8
2868,4, 568,7
2866,6, 567,9
2863,1, 578,1
2867,6, 573,0
2878,5, 570,3
2985,7, 538,3
3127,1, 554,0
3194,1, 539,2
3250,2, 535,9
3283,4, 543,4
3278,7, 542,3
3273,3, 541,9
3320,5, 538,7
3254,7, 522,3
3245,2, 521,9
3229,5, 516,0
3234,6, 517,7
3251,2, 523,7
3248,9, 503,4
3276,2, 510,5
3293,7, 511,6
3279,1, 501,5
3246,6, 500,1
3242,6, 504,0
3234,2, 509,3
3235,1, 511,3
3216,4, 507,4
3171,3, 505,9
3062,4, 524,8
2948,7, 566,3
2859,1, 586,4
2806,4, 631,4
2789,6, 638,6
2787,1, 633,5
2784,2, 650,4
2730,3, 679,1
2716,6, 690,4
2707,4, 714,3
2717,6, 724,7
2998,4, 576,3
3094,4, 505,1
2644,6, 496,0
2740,2, 489,8
2094,8, 517,8
2076,8, 475,3
2067,2, 464,2
2045,5, 474,6
2046,1, 469,7
2059,2, 419,5
2051,0, 375,7
2064,9, 376,9
2077,4, 368,7
2082,2, 363,1
2080,1, 353,1
2082,8, 346,0
2074,3, 340,7
2037,4, 317,6
1798,7, 268,4
1478,0, 263,7
1356,2, 235,4
995,6, 197,2
942,6, 197,8
856,7, 199,6
691,5, 192,8
535,5, 169,5
514,0, 181,7
508,9, 192,7
498,4, 184,1
470,4, 168,5
550,8, 248,5
545,6, 256,2
-282,7, 204,6
70,7, 380,5
-47,2, 323,8
-107,8, 294,9
-105,1, 302,5
-89,9, 328,6
-78,6, 337,2
-72,7, 336,7
-70,3, 333,8
-113,0, 301,6
-113,0, 301,6
-140,8, 256,3
-138,3, 256,4
-127,8, 256,8
-312,3, 214,9
-312,3, 214,9
-306,9, 216,6
-199,6, 217,1
-146,9, 220,9
-210,9, 124,1
-117,6, 148,4
-20,8, 184,5
36,8, 194,7
-20,2, 121,7
161,4, 246,3
330,7, 310,6
491,9, 320,3
575,7, 332,5
653,2, 351,0
742,5, 346,4
1402,7, 311,3
1413,6, 307,1
1724,3, 288,2
1676,7, 341,1
2155,6, 282,1
2252,6, 263,0
2280,5, 259,4
2635,3, 82,5
2474,7, 80,9
2386,6, 88,8
2543,5, 83,2
2170,5, 179,0
1987,6, 250,5
2118,7, 266,7
2234,8, 372,8
2260,6, 415,7
2370,9, 430,4
2376,9, 426,4
2406,2, 418,9
2440,7, 414,2
2436,7, 403,6
2411,8, 403,7
2451,7, 406,2
2428,4, 409,0
3198,0, 552,8
3185,0, 542,9
3173,2, 534,6
3163,6, 542,3
3162,3, 545,6
3163,8, 547,9
3166,9, 552,7
3169,4, 550,4
3183,3, 530,8
3183,9, 540,4
3147,4, 572,8
3129,0, 644,8
3133,9, 655,1
3162,8, 622,9
3183,7, 590,6
3183,1, 590,4
3181,4, 600,5
3181,5, 600,9
3194,4, 587,3
3226,2, 589,5
3246,6, 588,7
3268,1, 566,7
3276,7, 556,4
3289,9, 539,9
3290,5, 540,2
3321,8, 520,4
3316,1, 520,0
3327,3, 523,1
2951,7, 733,4
2943,0, 701,0
2903,9, 687,7
2860,9, 692,2
2564,6, 770,3
2225,6, 888,6
2072,2, 965,5
2089,2, 958,2
2151,1, 937,5
1951,3, 1033,2
1928,3, 1044,6
1933,0, 1071,0
1930,3, 1076,4
1927,7, 1077,8
1930,6, 1166,1
1930,5, 1237,4
1909,4, 1670,2
1899,5, 2081,5
1888,3, 2309,9
1884,4, 2363,6
1884,3, 2437,3
1893,8, 2464,2
1897,1, 2475,9
1903,2, 2437,2
1905,7, 2436,3
1907,4, 2439,8
1697,3, 1980,6
1594,7, 1796,6
1471,0, 1620,1
1383,3, 1486,0
1112,8, 1124,0
329,7, 340,4
310,7, 330,7
268,0, 307,0
171,3, 256,1
173,5, 258,4
209,6, 292,7
212,6, 295,5
182,2, 287,6
213,7, 304,4
221,3, 302,5
197,9, 272,9
180,8, 265,7
146,8, 242,4
141,9, 231,9
123,5, 217,0
120,0, 217,5
30,1, 146,0
9,7, 128,1
11,2, 128,0
15,0, 120,5
-17,9, 103,9
-59,2, 107,1
-186,0, 103,7
-308,8, 170,0
-61,0, 312,5
-62,0, 330,2
-40,4, 343,7
-17,3, 352,9
21,3, 385,7
86,8, 439,1
115,4, 470,6
64,3, 534,8
58,7, 573,5
67,2, 578,7
226,0, 641,4
265,1, 655,0
290,7, 663,6
272,5, 653,3
394,1, 666,0
338,8, 640,8
312,7, 633,6
311,2, 631,4
295,6, 623,5
398,8, 671,6
349,9, 660,6
385,3, 655,7
334,1, 643,0
379,8, 657,1
401,9, 654,0
325,6, 625,3
346,0, 619,9
339,3, 616,2
378,1, 617,6
350,8, 588,7
404,6, 602,3
559,0, 583,9
716,3, 558,2
760,7, 562,9
772,5, 574,0
783,4, 572,6
800,3, 555,0
755,8, 417,9
764,0, 409,2
766,8, 402,5
769,2, 394,8
796,0, 385,4
793,6, 352,0
826,2, 256,4
896,5, 241,7
1412,9, 248,4
1554,0, 256,4
1457,0, 266,8
1780,5, 303,2
1797,4, 315,2
1792,0, 323,6
1792,8, 324,0
1806,5, 328,7
1857,3, 355,9
1866,6, 347,8
1898,7, 258,2
1925,1, 169,5
1926,0, 177,0
1930,4, 155,9
1928,8, 95,0
1950,7, 78,8
1963,1, 63,2
1964,4, 61,3
1981,1, 66,6
1990,8, 73,8
2004,6, 77,7
2012,7, 76,4
2007,0, 79,5
2020,3, 79,1
2028,5, 76,4
2034,1, 74,6
2048,4, 70,3
2055,8, 67,0
2064,4, 62,8
2082,3, 78,4
2104,0, 132,5
2351,5, 2555,9
2369,2, 2541,1
2379,0, 2545,6
2370,7, 2548,3
2378,9, 2587,4
2374,3, 2597,4
2323,8, 2561,6
2447,7, 2398,0
2865,7, 1603,9
3158,2, 1004,4
3305,0, 557,7
3458,7, 444,9
3377,2, 502,4
3602,9, 331,1
3655,4, 288,3
3598,9, 326,2
3556,7, 360,8
3536,9, 392,5
3527,6, 403,9
3520,2, 408,8
3521,6, 407,7
3502,0, 424,2
3487,1, 435,5
3459,6, 456,7
3411,4, 453,5
3199,1, 450,2
3025,6, 464,5
2485,4, 565,7
1485,4, 659,7
1529,7, 658,0
1500,0, 647,0
1391,5, 653,1
1404,6, 664,8
1388,5, 645,0
1382,2, 627,5
1343,9, 526,3
1329,5, 537,2
1246,5, 474,2
955,2, 373,4
655,0, 354,6
402,3, 443,4
458,6, 423,8
309,2, 560,3
316,2, 629,1
364,5, 662,8
365,2, 664,1
449,8, 732,6
448,1, 732,2
431,5, 726,7
437,7, 729,2
458,9, 734,6
474,0, 722,5
473,7, 724,5
456,9, 759,4
475,4, 761,7
488,7, 761,2
490,9, 743,6
488,9, 745,8
488,0, 747,0
497,5, 746,3
511,8, 745,6
513,7, 745,8
509,8, 750,3
516,1, 738,3
513,0, 733,2
502,3, 728,4
499,1, 726,2
3029,1, 417,0
3029,4, 417,5
3029,4, 417,5
3059,1, 269,1
3055,3, 250,4
3114,1, 283,7
3057,9, 206,6
3058,9, 199,3
3057,1, 197,1
3053,5, 201,8
3060,8, 199,9
3074,2, 194,2
3071,5, 184,3
3071,0, 177,2
3073,7, 174,9
2326,0, 360,8
2282,4, 334,0
2251,2, 341,0
2217,8, 343,2
2063,7, 343,0
1956,2, 333,4
1926,7, 328,7
1821,6, 319,7
1816,4, 295,4
1835,9, 267,0
1830,7, 258,2
1834,9, 247,7
1842,5, 232,3
1833,8, 211,2
1830,0, 204,7
1822,1, 178,1
1808,0, 135,7
1809,6, 127,9
1815,6, 107,4
1834,3, 94,1
1851,1, 82,6
1834,3, 70,2
1844,4, 63,9
1847,7, 56,2
1877,8, 36,5
1860,0, 54,4
1858,9, 57,4
1848,0, 52,3
1838,6, 44,1
1825,3, 42,5
1825,9, 45,9
1823,2, 45,6
1795,1, 58,5
1796,5, 51,9
1161,9, 92,3
1012,1, 93,0
793,7, 94,4
758,6, 85,2
737,1, 78,4
698,9, 91,3
587,4, 104,6
576,3, 119,1
572,4, 157,0
570,8, 163,9
570,0, 161,2
573,6, 161,9
516,8, 150,2
492,1, 160,2
391,4, 210,1
379,9, 218,4
123,2, 215,8
144,2, 250,0
94,4, 259,5
38,0, 245,0
42,7, 255,9
66,7, 259,7
53,6, 275,1
15,0, 250,3
-9,5, 238,3
-9,1, 237,9
-17,6, 233,2
13,1, 242,0
-1,8, 234,1
49,4, 249,6
1397,9, 230,4
1314,6, 194,4
1329,9, 202,4
1354,5, 211,6
1380,2, 222,8
3041,6, 843,6
3008,9, 813,9
2998,0, 799,5
2993,5, 790,3
3003,9, 780,5
3021,6, 768,9
3032,1, 761,3
3040,0, 749,3
3060,1, 720,8
3069,0, 721,7
3065,9, 730,6
3057,2, 729,1
3054,5, 732,4
3046,5, 751,5
3048,7, 788,2
3042,9, 787,1
2832,5, 900,3
2861,8, 890,9
2793,5, 926,0
2807,5, 918,0
2818,8, 910,5
2788,7, 911,3
2708,7, 930,2
2707,4, 928,7
2689,5, 940,4
2676,4, 932,4
2674,8, 940,0
2641,4, 914,8
2655,8, 924,7
2557,1, 932,3
2202,1, 968,7
2057,4, 988,6
2017,9, 993,9
1966,6, 1004,8
1749,4, 1052,6
1623,5, 1090,3
1619,8, 1094,7
1603,6, 1091,7
1597,7, 1086,0
1577,9, 1067,6
1394,6, 1062,2
1029,1, 980,5
1087,2, 894,2
-100,9, 1023,6
-87,4, 1030,5
-82,2, 1026,0
-72,8, 1020,6
-63,2, 1018,7
-63,6, 1010,0
-57,6, 1009,1
-42,9, 1014,5
-30,3, 1017,1
-25,2, 1015,7
-38,2, 1014,5
-66,5, 1012,5
-50,1, 1010,0
-47,0, 1009,9
-113,9, 982,6
-166,2, 961,7
-229,0, 940,7
-242,2, 936,1
-261,4, 930,7
-276,2, 930,3
-273,6, 930,5
-203,0, 963,8
54,8, 1039,0
115,6, 1053,9
154,3, 1067,6
205,4, 1083,5
225,9, 1089,0
217,7, 1088,6
236,9, 1092,7
256,8, 1091,5
284,0, 1082,2
285,3, 1069,7
262,4, 1072,3
262,9, 1072,0
278,2, 1054,7
236,8, 1046,0
217,9, 1039,9
241,6, 1039,7
193,2, 1018,0
207,9, 1011,5
183,5, 999,4
225,6, 998,5
234,8, 996,8
203,4, 980,0
220,7, 971,6
226,6, 968,2
188,4, 955,8
196,4, 957,7
199,8, 957,1
214,3, 960,4
340,5, 998,7
344,6, 998,7
327,4, 992,3
341,3, 995,8
280,5, 982,8
303,9, 984,6
307,1, 984,4
331,6, 993,3
344,7, 1001,9
333,5, 998,9
314,8, 992,6
265,1, 981,8
262,8, 983,9
273,2, 984,4
291,6, 987,8
274,5, 983,7
322,2, 998,5
276,5, 989,5
299,9, 1001,4
314,5, 1005,9
301,0, 1009,7
275,7, 1004,1
297,9, 1009,0
293,1, 1007,6
332,5, 1023,3
327,1, 958,4
341,0, 857,6
320,1, 868,9
321,8, 800,3
342,6, 800,1
384,7, 762,7
384,4, 776,8
391,3, 777,6
450,9, 809,3
486,0, 826,5
635,2, 865,8
666,1, 873,0
638,9, 885,4
639,2, 885,3
605,3, 878,8
593,2, 877,9
581,6, 880,1
565,9, 872,2
535,6, 852,2
525,6, 843,2
490,2, 803,0
484,5, 795,1
440,3, 779,9
449,1, 787,9
450,9, 788,6
414,3, 780,7
427,1, 786,5
522,3, 729,0
-96,4, 633,1
140,9, 673,6
61,1, 653,9
327,0, 693,0
288,9, 679,9
376,5, 703,3
461,0, 944,7
514,2, 1152,6
619,3, 1496,7
650,2, 1624,8
642,4, 1603,0
647,9, 1657,8
615,3, 1893,4
601,1, 1857,9
661,9, 1962,6
614,1, 2124,3
948,6, 2100,9
948,7, 2112,9
955,4, 2113,4
946,3, 2130,3
924,1, 2149,3
865,5, 2211,6
845,2, 2227,7
831,8, 2245,6
805,7, 2276,7
796,7, 2278,2
792,7, 2280,9
766,9, 2296,2
764,4, 2297,3
760,0, 2297,0
756,0, 2269,0
746,6, 2188,4
702,9, 2069,4
445,2, 1498,2
-48,1, 569,0
-239,7, 219,8
-266,6, 144,2
-276,4, 70,1
-285,2, 2,4
-252,8, 40,7
-41,6, 205,9
-35,5, 221,1
-44,5, 210,0
-52,4, 200,3
-380,8, 30,0
-456,8, -8,1
-39,2, 282,8
-25,5, 298,2
-24,0, 307,1
33,3, 350,9
188,0, 467,1
333,6, 593,9
354,7, 653,4
352,8, 655,4
388,4, 690,4
391,0, 692,0
386,7, 703,4
359,4, 729,9
343,2, 742,6
286,2, 798,7
288,2, 804,9
202,1, 903,1
198,2, 910,0
224,2, 920,7
227,7, 917,2
241,2, 924,3
260,6, 922,7
256,1, 923,5
259,2, 934,3
268,7, 932,6
273,2, 939,1
305,3, 964,9
326,0, 975,4
327,6, 979,7
328,7, 979,3
341,3, 979,5
350,9, 986,9
362,5, 989,0
372,0, 995,3
367,0, 991,7
356,3, 995,6
362,3, 1002,4
341,5, 975,5
323,0, 947,6
318,7, 921,4
315,4, 909,8
295,7, 821,8
303,0, 849,8
313,9, 846,4
317,7, 839,4
328,2, 850,4
354,2, 852,4
380,7, 859,1
380,6, 866,7
389,5, 968,8
383,5, 949,5
419,6, 1077,3
433,9, 1161,8
447,1, 1175,4
458,2, 1199,6
417,4, 1218,7
418,9, 1214,5
417,9, 1208,4
420,4, 1207,1
441,4, 1205,9
433,6, 1210,3
431,5, 1210,8
423,2, 1210,6
369,1, 1232,1
325,7, 1241,0
297,0, 1250,2
260,0, 1258,0
218,9, 1271,0
174,1, 1279,5
163,6, 1272,3
172,2, 1263,2
163,1, 1266,8
159,6, 1274,4
179,3, 1277,2
223,2, 1295,7
232,1, 1296,0
217,0, 1300,8
222,1, 1296,2
226,9, 1294,1
209,5, 1297,2
214,2, 1296,2
217,7, 1289,7
211,3, 1294,5
215,1, 1294,0
166,9, 1288,7
220,0, 1300,6
254,0, 1308,3
240,5, 1289,4
282,2, 928,6
287,4, 893,9
280,3, 836,9
276,5, 824,8
263,3, 794,5
249,2, 773,5
244,0, 767,0
252,8, 755,7
255,1, 750,5
259,4, 741,1
256,0, 735,9
256,4, 740,8
255,1, 739,2
264,8, 737,2
266,3, 734,6
424,9, 748,6
681,2, 779,3
681,6, 783,6
709,9, 779,5
698,4, 768,1
695,6, 770,4
688,6, 768,2
662,4, 759,2
655,1, 755,6
653,1, 756,2
624,4, 755,1
544,8, 729,2
463,5, 702,6
313,3, 658,0
262,9, 642,4
119,6, 599,4
167,9, 631,8
166,6, 636,2
195,8, 668,1
216,5, 692,0
253,5, 707,6
286,3, 722,0
304,2, 763,5
309,9, 784,9
317,5, 796,9
335,5, 796,1
363,1, 794,4
359,2, 799,8
379,3, 795,3
368,3, 808,2
373,2, 806,2
378,8, 802,7
367,8, 809,0
367,3, 808,6
373,0, 804,4
361,1, 812,0
367,7, 806,6
322,5, 846,1
391,4, 823,1
404,3, 818,6
435,2, 829,8
486,8, 839,1
560,7, 831,4
709,9, 813,0
943,7, 780,1
1033,1, 771,8
1397,8, 761,8
1731,6, 749,8
1942,3, 762,0
3004,3, 687,6
3008,0, 688,4
3004,8, 688,6
3004,8, 688,6
3101,5, 636,2
3114,4, 626,3
3098,4, 639,0
3077,9, 649,6
3005,6, 689,0
3006,9, 689,6
2996,2, 699,2
2967,6, 726,4
2993,6, 705,1
3206,2, 776,8
3346,0, 815,0
3362,5, 828,4
3373,0, 834,1
3365,4, 837,3
3246,4, 879,7
3270,7, 875,1
3260,5, 888,4
3237,5, 898,4
3230,2, 895,7
3195,2, 918,5
3179,0, 912,1
3198,9, 902,9
3175,1, 904,7
3178,9, 910,8
3156,0, 921,0
3138,7, 931,6
3141,1, 935,1
3126,9, 942,3
3142,9, 941,8
3135,6, 941,8
3125,6, 941,7
3144,4, 936,5
3139,8, 927,9
3135,4, 926,8
3133,0, 933,1
3133,1, 938,9
3109,6, 932,3
3101,5, 933,5
3104,2, 933,5
3126,4, 935,9
3140,2, 934,4
3132,3, 917,3
3135,1, 916,3
3164,4, 911,2
3199,0, 908,4
3195,5, 904,9
3198,0, 904,6
3291,5, 859,9
3266,8, 844,6
3277,0, 835,1
3272,0, 762,1
3306,3, 694,1
3313,6, 692,7
3325,6, 676,0
3351,6, 650,6
3315,2, 639,3
3294,4, 642,4
3236,2, 688,6
3244,3, 686,1
3242,8, 686,8
3233,1, 697,2
3210,3, 722,3
3240,0, 704,3
3268,0, 680,9
3295,7, 665,4
3286,7, 672,6
3267,0, 716,9
3227,3, 712,6
3178,6, 718,4
3107,0, 747,8
2973,0, 798,9
3006,5, 775,3
2594,1, 817,1
2439,6, 817,9
2061,4, 756,4
1777,1, 726,5
1541,4, 659,2
1266,6, 619,9
1154,2, 606,3
989,7, 616,5
827,2, 605,3
765,2, 599,1
732,8, 600,3
599,5, 602,2
367,8, 597,9
276,6, 528,2
220,9, 528,7
220,4, 522,1
189,3, 484,2
150,8, 437,1
137,6, 419,9
93,0, 338,3
94,2, 339,2
61,0, 278,1
60,6, 252,3
70,5, 250,7
94,8, 258,2
94,1, 253,0
89,5, 249,1
-186,5, 139,0
-197,3, 88,7
-75,0, 212,2
26,1, 248,2
-69,3, 196,1
-88,8, 188,2
-20,3, 224,5
-89,3, 210,7
-24,9, 239,7
-14,1, 283,7
63,4, 309,3
92,9, 442,1
268,6, 605,5
315,1, 667,8
201,9, 614,0
215,6, 608,6
304,0, 607,4
316,5, 606,6
367,8, 621,5
341,7, 614,1
251,5, 583,5
149,9, 569,8
204,9, 591,8
167,5, 587,2
109,2, 573,3
177,9, 598,4
115,1, 554,5
167,4, 576,7
474,3, 632,0
395,3, 624,6
1065,7, 650,0
1321,4, 632,0
1568,4, 621,6
1797,6, 586,1
2011,7, 526,2
2012,8, 541,9
2612,5, 355,2
3006,2, 277,2
3014,9, 273,0
3020,8, 270,2
3021,8, 236,1
3020,9, 244,9
2994,7, 307,5
3009,7, 261,2
2998,3, 276,6
2956,5, 320,3
2914,6, 369,1
2877,1, 416,9
2873,0, 433,2
2862,0, 438,9
2854,0, 448,5
2864,2, 438,5
2862,5, 444,7
2868,1, 451,0
2877,3, 459,6
2904,8, 444,7
2999,4, 470,4
3197,6, 668,4
3185,1, 662,0
3222,2, 687,0
3267,5, 737,0
3280,4, 724,5
3274,7, 725,0
3239,8, 733,3
3290,9, 749,1
3284,9, 745,0
3240,7, 755,7
3229,0, 764,5
3200,7, 774,0
3179,6, 789,2
3164,4, 794,2
3143,8, 807,6
3155,6, 834,2
3126,4, 839,7
3125,7, 836,5
3134,0, 837,8
3082,1, 852,9
3070,2, 856,5
3067,3, 859,8
3042,1, 854,8
3043,1, 857,1
3092,7, 986,9
3118,3, 1063,9
3187,9, 1255,7
3196,2, 1258,3
3293,8, 1230,1
3309,7, 1225,5
3320,6, 1222,4
3371,4, 1209,3
3410,4, 1216,0
3405,9, 1209,3
3414,3, 1217,5
3424,4, 1217,9
3421,7, 1211,6
3441,9, 1214,0
3387,5, 1202,8
3201,4, 1177,8
3165,1, 1158,5
3081,6, 1139,0
2986,9, 1121,9
2935,4, 1116,6
2927,4, 1112,2
2936,9, 1110,3
2936,5, 1110,8
2964,7, 1111,9
2976,6, 1112,8
2973,0, 1113,6
2961,2, 1127,9
2953,9, 1128,4
2946,2, 1130,5
2772,0, 1143,3
2120,4, 1195,5
2118,6, 1197,5
2078,5, 1200,4
2003,4, 1208,3
1990,9, 1208,5
1973,2, 1215,1
1972,4, 1208,4
1970,2, 1213,0
1971,5, 1210,6
1966,1, 1216,5
1967,4, 1215,1
1956,8, 1204,0
1887,7, 1188,4
1860,5, 1183,5
1599,6, 1142,8
1319,2, 1152,6
1336,3, 1155,8
973,7, 1132,8
971,8, 1133,5
977,3, 1136,6
992,1, 1141,8
994,7, 1144,4
934,2, 1163,8
932,8, 1159,7
945,6, 1161,7
616,5, 1197,1
298,3, 1244,0
-83,2, 1298,6
-17,6, 1291,3
-88,0, 1303,0
-174,5, 1319,7
-156,0, 1317,9
-129,8, 1304,4
-101,8, 1285,3
-96,6, 1283,2
-99,7, 1286,3
-81,1, 1275,2
-78,4, 1290,3
-73,3, 1285,6
-67,3, 1271,9
-74,4, 1221,2
-71,9, 1210,5
-71,9, 1152,1
-53,1, 1167,9
-51,6, 1164,9
-34,4, 1154,5
-25,9, 1114,6
-4,6, 1103,1
12,8, 1063,9
4,4, 1058,5
5,2, 1054,7
-13,7, 1056,1
-94,8, 1050,6
-109,7, 1045,8
-78,0, 1040,3
-140,8, 1012,4
-54,1, 968,9
-182,8, 949,1
-139,4, 964,2
-168,2, 953,4
-120,5, 966,4
-133,0, 960,9
-178,8, 952,3
-144,7, 962,3
-119,9, 972,6
-22,7, 999,3
-25,0, 1003,0
-90,6, 1002,3
-42,0, 1015,2
58,8, 1106,4
82,2, 1110,6
117,6, 1137,1
151,4, 1140,4
393,1, 1158,1
607,9, 1127,5
905,8, 1098,5
1246,2, 1082,2
1459,8, 1070,1
1763,4, 1024,4
3294,4, 1186,1
3258,5, 1166,8
3256,4, 1168,0
3260,5, 1157,8
3261,7, 1156,6
3262,8, 1157,6
3262,7, 1157,6
3242,3, 1158,1
3226,9, 1161,8
3193,7, 1171,4
3185,3, 1181,1
3183,3, 1184,5
3172,4, 1186,3
3163,7, 1182,0
3186,3, 1180,2
3208,3, 1177,1
3203,3, 1177,8
3196,3, 1178,3
3187,2, 1179,5
3166,8, 1181,7
3164,2, 1182,2
3167,7, 1184,7
3170,4, 1189,2
3171,0, 1189,9
3167,9, 1192,4
3201,7, 1213,1
3204,6, 1232,4
3250,7, 1341,1
3274,5, 1395,9
3281,4, 1422,9
3272,8, 1435,9
3268,4, 1438,3
3266,8, 1439,0
3257,1, 1446,2
3253,5, 1452,4
3251,2, 1460,6
3242,6, 1461,3
3236,4, 1442,0
3265,9, 1438,4
3257,5, 1434,5
3258,1, 1442,1
3261,2, 1444,5
3260,0, 1441,2
3258,8, 1430,6
3208,0, 1403,0
3109,2, 1372,5
2872,0, 1303,0
2933,8, 1315,7
2772,1, 1255,6
2739,5, 1233,8
2745,8, 1219,2
2746,5, 1215,7
2746,8, 1213,3
2757,8, 1200,7
2756,9, 1195,0
2771,9, 1188,1
2788,6, 1185,6
2793,6, 1176,7
2805,5, 1162,7
2806,4, 1158,2
2767,9, 1151,7
2728,8, 1146,3
2424,0, 1086,5
2089,6, 995,0
2018,6, 980,1
1987,9, 962,7
1970,5, 951,7
1880,7, 918,2
1876,9, 915,8
1876,5, 915,5
1878,4, 900,3
1876,3, 898,9
1874,1, 893,9
1843,2, 881,3
1587,3, 177,7
-142,1, 880,0
-213,8, 867,0
-212,2, 863,2
-207,0, 848,6
-190,1, 825,5
-201,9, 815,6
-217,5, 811,4
-217,3, 804,6
-222,5, 802,9
-221,1, 802,4
4,8, 886,7
196,8, 950,8
223,0, 960,0
225,9, 960,2
216,0, 950,2
243,7, 954,3
253,7, 958,7
256,0, 960,8
229,4, 970,8
251,4, 1032,6
282,9, 1182,5
284,7, 1245,6
282,9, 1244,2
267,2, 1244,4
252,2, 1238,5
238,1, 1223,9
74,1, 1103,0
72,5, 1093,2
62,0, 1085,3
60,9, 1085,7
53,0, 1072,0
52,0, 1066,3
45,2, 1056,4
31,3, 1057,9
12,8, 1056,9
16,1, 1056,6
0,7, 1088,1
11,1, 1138,2
2,6, 1146,5
-3,7, 1175,1
12,3, 1184,0
19,7, 1187,0
31,5, 1192,3
31,8, 1192,2
34,8, 1193,2
34,3, 1192,4
41,6, 1163,5
42,5, 1163,7
46,1, 1170,3
45,8, 1171,2
37,4, 1151,4
42,4, 1147,8
46,0, 1144,2
47,7, 1147,1
27,4, 1130,0
33,2, 1094,8
64,5, 1095,4
53,8, 1088,6
72,8, 1088,2
72,8, 969,6
41,8, 846,7
53,8, 879,5
40,2, 820,1
90,9, 673,8
117,5, 661,6
137,8, 659,4
164,5, 660,4
171,5, 660,6
160,1, 652,1
291,1, 712,5
332,0, 732,2
383,6, 744,2
395,0, 742,9
410,8, 743,0
444,0, 735,8
451,0, 735,8
440,7, 737,8
476,2, 722,2
484,6, 709,5
467,4, 691,4
405,7, 649,9
390,6, 631,5
384,6, 622,1
384,4, 607,4
401,6, 604,9
420,0, 601,8
387,7, 536,7
512,0, 578,2
457,1, 560,6
458,1, 562,7
451,9, 529,8
685,4, 468,8
724,0, 464,9
879,1, 467,2
1018,1, 485,1
984,0, 477,3
1391,1, 484,8
1499,0, 482,7
1620,6, 478,5
1925,1, 468,8
1843,1, 467,3
2145,1, 364,8
2194,9, 351,4
2205,2, 345,0
2241,3, 282,1
2246,6, 273,0
2249,5, 277,0
2248,8, 279,8
2250,3, 232,4
2252,0, 225,1
2253,8, 224,5
2261,6, 227,5
2272,3, 239,5
2274,7, 246,8
2276,8, 255,5
2273,1, 254,6
2278,2, 255,4
2293,0, 259,9
2452,5, 225,4
2549,2, 205,9
3083,1, 130,4
3272,4, 173,7
3287,4, 175,8
3226,6, 165,7
3241,6, 165,3
3278,6, 238,0
3301,8, 272,9
3295,2, 292,2
3303,2, 317,9
3278,4, 333,4
3265,3, 336,6
3258,7, 339,0
3277,8, 364,3
3283,7, 389,1
3311,6, 506,0
3328,8, 625,3
3333,7, 668,0
3283,2, 732,1
3265,1, 759,5
3245,0, 748,0
3250,4, 756,5
3234,0, 760,4
3229,2, 762,5
3209,2, 803,6
3188,6, 817,6
3183,6, 821,3
3176,6, 814,4
3175,2, 815,3
3155,5, 787,8
3144,2, 770,6
3144,8, 791,1
3143,3, 796,2
3156,6, 795,5
3170,1, 795,5
3190,2, 772,7
3194,3, 768,5
3221,4, 781,6
3214,6, 775,8
3279,6, 759,4
3311,4, 743,4
3346,0, 754,8
3334,3, 783,0
3321,9, 793,7
3310,3, 803,4
3272,5, 823,7
3189,3, 858,0
3168,3, 870,3
2959,2, 946,8
2861,4, 990,6
2757,2, 1033,4
2776,6, 1025,0
2828,6, 1004,9
2818,0, 1021,9
2815,9, 1029,5
2787,0, 1047,5
2796,0, 1039,8
2772,3, 1048,5
2691,8, 1036,6
2658,4, 1043,4
2602,6, 1034,3
2309,0, 998,5
2254,8, 992,8
2230,4, 997,5
2184,8, 1003,3
2141,8, 998,2
2139,6, 1009,7
2122,0, 1011,1
2040,5, 1005,3
2016,6, 998,8
1909,6, 968,4
1759,5, 960,3
1611,2, 942,2
1259,6, 991,8
449,9, 1855,1
-295,6, 981,9
-221,1, 996,7
-167,7, 1007,2
-181,7, 998,8
-172,0, 1001,2
60,5, 1063,0
-137,2, 1008,1
141,7, 1092,9
97,8, 1083,3
218,9, 1107,7
232,9, 1118,4
233,5, 1119,2
256,7, 1103,6
279,0, 1090,3
295,5, 1057,3
284,7, 1069,0
294,6, 1054,9
308,5, 1045,4
328,9, 1033,7
333,9, 1032,3
338,0, 1029,5
327,4, 1028,5
323,1, 1026,1
239,8, 893,3
230,3, 909,4
234,2, 901,5
236,6, 904,8
246,6, 895,6
258,2, 893,6
276,4, 907,9
269,0, 900,9
248,4, 897,9
233,3, 889,5
231,8, 885,4
223,6, 869,0
208,0, 872,0
207,7, 873,1
210,3, 866,1
1993,3, 515,4
1904,7, 501,8
1922,0, 446,4
1921,2, 460,8
1969,6, 381,0
1979,0, 345,9
1986,2, 299,3
1989,6, 301,7
2004,9, 265,1
2014,8, 199,1
2032,2, 120,1
2032,7, 120,6
2060,6, 104,8
2056,6, 102,7
2054,4, 110,9
2031,7, 119,5
2020,5, 121,2
2028,2, 122,0
2060,4, 87,7
2085,1, 55,7
2083,0, 60,4
2092,5, 52,6
2111,2, 33,7
2097,9, 27,1
2099,0, 28,8
2115,1, 18,0
2115,8, 15,9
2116,9, 15,9
2113,9, 12,4
2109,0, 3,8
2121,8, 23,4
2103,5, 6,6
2113,1, 20,7
2116,9, 27,2
2100,2, 29,3
2105,5, 32,9
2102,4, 29,9
2105,6, 29,6
2109,3, 25,8
2111,6, 20,3
2136,3, 23,9
2138,3, 24,7
2130,4, 19,4
2132,6, 18,2
2150,0, 7,5
2144,0, 13,1
2267,7, 36,6
2502,3, -22,8
2861,8, -123,9
3105,4, -121,6
3145,3, -74,0
3127,7, -56,4
3135,9, -60,4
3180,9, -82,1
3368,7, -172,3
3257,0, -129,7
3196,9, -115,4
3246,2, -43,9
3229,9, -28,4
3128,3, -1,2
3151,9, -5,7
3343,1, 185,5
3263,6, 271,5
3450,9, 425,9
3386,0, 386,4
3398,6, 493,2
3283,9, 604,7
3273,1, 605,4
3135,1, 620,2
2970,2, 702,9
2871,3, 767,9
2859,6, 897,1
2820,6, 963,1
2797,8, 948,7
2692,0, 1080,5
2610,0, 1168,9
2372,9, 1720,7
2350,7, 1913,9
2287,4, 2217,5
2255,2, 2310,8
2254,0, 2319,2
2235,4, 2331,8
2221,1, 2361,0
2202,9, 2338,2
2218,0, 2326,1
2236,0, 2315,6
2236,9, 2312,2
2243,7, 2323,7
2250,3, 2320,4
2248,5, 2333,4
2254,8, 2337,2
2297,5, 2496,5
2309,0, 2534,4
2337,6, 2562,4
2349,0, 2583,0
2354,5, 2585,7
2353,3, 2604,0
2338,7, 2561,9
2346,4, 2573,0
363,2, 273,1
192,4, 184,4
142,2, 184,1
40,5, 124,7
28,5, 117,7
25,7, 116,1
34,0, 126,8
42,1, 135,9
53,7, 149,4
219,4, 279,6
334,8, 349,9
411,3, 421,5
514,5, 513,9
510,0, 526,8
515,1, 562,6
520,7, 564,4
557,4, 588,3
555,5, 610,4
557,8, 605,0
554,0, 612,2
567,4, 611,2
519,3, 644,2
450,1, 691,2
456,4, 693,6
450,4, 713,6
461,8, 718,9
460,2, 719,4
440,9, 723,5
434,0, 729,3
433,2, 733,0
434,4, 737,3
443,0, 744,0
468,6, 765,8
468,4, 766,1
496,0, 735,7
488,0, 745,0
490,6, 725,9
472,1, 728,1
466,2, 728,4
463,2, 727,6
453,5, 710,0
452,5, 701,3
449,3, 697,8
440,3, 683,0
443,8, 677,8
452,1, 674,9
450,7, 675,5
455,2, 671,8
476,6, 656,5
514,5, 904,5
517,7, 951,6
610,9, 958,1
610,4, 961,1
596,3, 960,0
580,1, 956,0
559,6, 946,0
548,3, 934,6
532,5, 920,2
532,8, 919,6
480,9, 897,3
469,6, 897,5
439,2, 893,0
437,8, 891,2
428,5, 872,9
406,0, 839,8
404,7, 837,0
399,2, 830,2
386,5, 818,9
386,1, 818,9
373,4, 823,0
372,6, 812,5
338,5, 820,7
337,6, 821,0
348,5, 820,6
345,2, 819,4
370,6, 816,7
394,0, 800,0
403,3, 794,6
387,6, 799,2
386,8, 799,2
387,0, 799,1
264,0, 819,5
270,3, 760,1
266,0, 735,5
262,8, 724,6
264,3, 723,3
271,2, 707,7
278,1, 694,7
276,6, 691,9
262,9, 674,8
262,0, 678,3
198,1, 644,0
203,0, 647,1
230,5, 654,6
164,7, 602,2
195,3, 609,3
173,4, 611,3
231,6, 630,6
280,0, 930,7
281,6, 972,9
279,4, 983,0
401,3, 1186,5
434,9, 1188,9
459,3, 1197,4
432,5, 1196,1
668,6, 1104,5
528,3, 1106,5
552,4, 1094,1
636,8, 1089,6
676,1, 1088,3
681,7, 1088,9
1086,0, 1047,0
1086,2, 1049,3
1595,1, 1004,1
1822,7, 1001,7
1870,1, 1002,6
2277,1, 998,7
1994,2, 990,9
1996,0, 993,8
2994,1, 1060,4
2996,7, 1026,9
3008,7, 1015,0
3019,2, 1006,4
3029,6, 1001,6
3063,5, 980,1
3059,7, 981,5
3057,7, 981,1
3073,3, 971,9
3081,7, 970,4
3059,8, 1001,9
3056,0, 1006,6
3028,5, 1038,1
3011,3, 1018,7
3014,5, 1004,6
2757,4, 1005,1
2475,3, 1010,6
2415,8, 1015,9
2390,9, 1048,3
2375,6, 1050,2
2373,1, 1036,7
2283,9, 1044,6
2246,2, 1070,3
2342,1, 1049,0
2497,5, 1020,8
2554,6, 1007,8
2679,4, 974,0
2828,3, 913,6
2864,0, 907,8
2964,4, 852,7
3019,8, 819,9
3066,6, 780,5
3054,0, 835,4
3058,4, 813,5
3060,5, 821,8
3066,0, 791,8
3067,8, 791,3
3035,6, 779,2
3044,0, 792,8
3033,8, 797,9
3027,1, 792,8
3050,6, 811,0
3048,3, 805,9
3048,4, 808,1
3035,1, 798,1
3037,6, 806,9
3024,0, 817,4
3005,0, 811,0
3010,3, 826,2
2922,8, 828,2
2705,2, 859,5
2514,5, 868,2
2164,7, 942,8
1952,4, 1002,4
1808,3, 1032,7
1759,5, 1048,5
1744,2, 1049,0
1733,6, 1044,1
1732,6, 1040,1
1728,2, 1034,7
1756,9, 1042,0
1950,7, 1008,7
2034,5, 1002,4
2344,6, 970,6
2386,0, 965,9
2445,1, 960,6
2652,6, 945,2
2603,1, 971,0
2584,5, 980,1
2592,4, 976,2
2596,5, 974,2
2574,7, 986,5
2572,1, 978,7
2573,1, 976,1
2584,7, 960,9
2624,6, 935,2
2095,9, 983,5
507,7, 1227,8
541,6, 1249,9
669,0, 1220,3
802,1, 1193,8
1112,4, 1150,1
1084,4, 1153,5
1297,3, 1118,7
1453,3, 1097,6
1634,1, 1063,3
2072,8, 979,3
2197,3, 954,1
2213,8, 954,4
2502,2, 900,0
2503,6, 901,5
2489,1, 913,5
2509,3, 889,8
2485,4, 888,2
2458,4, 882,4
2457,8, 880,7
2487,0, 878,7
2503,6, 874,2
2495,1, 872,7
2496,2, 871,0
2483,1, 879,0
2487,5, 878,1
2494,9, 872,7
2496,8, 862,7
2496,7, 865,8
2487,2, 874,0
2474,6, 882,3
2474,4, 880,1
2473,6, 854,9
2481,7, 823,5
2480,4, 817,6
2479,7, 838,5
2479,8, 840,7
2469,9, 858,3
2373,2, 851,1
2089,2, 866,4
2102,7, 863,2
1809,9, 886,6
1384,3, 894,8
-0,4, 850,8
1,0, 802,0
-15,3, 795,0
-26,8, 790,9
-28,0, 792,4
-12,4, 782,0
-9,5, 782,4
28,8, 801,3
139,5, 851,8
274,9, 898,8
284,5, 900,4
304,7, 906,8
408,6, 937,7
410,6, 933,5
403,1, 928,2
389,4, 916,5
384,9, 910,1
384,6, 908,3
382,9, 902,1
378,0, 891,8
379,6, 891,1
378,9, 889,7
380,3, 887,6
381,3, 881,5
380,7, 880,4
373,5, 879,2
312,8, 854,2
311,7, 852,5
316,6, 854,5
367,8, 879,5
396,6, 891,6
357,0, 877,4
365,7, 882,2
301,7, 863,7
342,3, 875,7
329,2, 867,4
287,4, 852,7
336,0, 888,3
240,8, 1043,6
255,6, 1059,5
281,4, 1110,9
246,6, 1172,0
273,0, 1207,6
268,4, 1249,5
283,7, 1254,4
315,5, 1271,9
290,1, 1276,3
320,9, 1286,7
343,5, 1296,2
300,4, 1290,3
311,5, 1289,6
314,7, 1288,6
100,4, 1310,9
90,5, 1310,5
90,5, 1310,5
290,3, 1127,2
312,3, 1112,0
329,8, 1155,9
395,7, 1132,8
409,5, 1114,7
363,0, 1182,1
369,8, 1157,0
333,3, 1214,0
345,8, 1140,5
344,8, 1121,8
314,4, 1157,8
265,1, 1202,2
126,3, 1268,8
92,9, 1289,0
48,5, 1295,7
160,7, 1280,7
287,5, 1264,9
988,4, 1191,2
1485,7, 1142,2
3168,9, 1033,4
3104,3, 1020,4
3114,2, 1066,0
3104,6, 1051,1
3091,9, 1035,8
3087,0, 1028,4
3092,5, 1025,7
3103,8, 1026,9
3108,5, 1029,7
3102,5, 1055,7
3065,4, 1121,6
3132,9, 1118,2
3091,7, 1145,9
3236,5, 1124,8
3235,7, 1123,2
3267,4, 1110,7
3267,1, 1110,0
3257,4, 1112,3
3272,2, 1112,7
3270,4, 1108,7
3269,0, 1104,9
3280,1, 1090,7
3282,1, 1074,3
3297,2, 1090,8
3296,3, 1092,2
3316,0, 922,8
3317,2, 884,8
3319,7, 813,1
3321,5, 806,1
3186,2, 755,5
3191,4, 580,1
3141,8, 503,1
3083,0, 443,7
3080,5, 454,7
3012,5, 409,6
2934,5, 412,6
2932,0, 412,6
2912,1, 415,6
2861,1, 481,0
2841,4, 513,9
2858,7, 513,1
2845,3, 510,0
2863,7, 488,4
2902,0, 466,8
2952,7, 451,5
3505,9, 232,7
3483,2, 236,0
3473,1, 231,3
3458,8, 231,7
3457,9, 231,9
3289,9, 247,0
3474,5, 185,6
3465,3, 191,1
3400,4, 244,6
3344,1, 286,6
3343,0, 281,9
3126,0, 378,7
2758,8, 496,0
2439,8, 554,7
2446,6, 547,3
2376,4, 539,7
2241,0, 494,7
2236,4, 468,4
2249,1, 450,6
2275,1, 426,3
2304,3, 382,7
2336,8, 379,3
2333,3, 362,9
2381,2, 360,0
2527,2, 336,2
3190,3, 316,1
3258,2, 283,8
3374,2, 188,5
3419,8, 143,1
3418,6, 144,5
3421,2, 142,3
3434,1, 130,2
3437,6, 126,8
3355,4, 172,5
3381,3, 131,2
3359,8, 155,9
3341,5, 175,6
3302,1, 192,0
3280,7, 209,5
3252,6, 217,0
3100,0, 250,7
2976,3, 279,0
2741,4, 329,2
2478,1, 385,0
2246,4, 457,2
2230,8, 465,6
2213,6, 434,9
2208,4, 428,3
2211,4, 388,1
2211,9, 386,3
2205,6, 375,9
2174,4, 335,5
2178,7, 335,9
1990,8, 285,1
1905,5, 273,4
944,6, 280,0
308,8, 230,0
270,6, 216,9
210,9, 141,7
224,1, 157,1
215,8, 158,9
212,0, 161,1
198,6, 144,4
184,7, 132,6
162,8, 99,0
111,9, 39,7
112,8, 40,4
217,9, 83,3
207,0, 97,4
207,4, 101,3
188,5, 130,1
358,6, 286,8
307,3, 289,4
332,1, 309,1
378,1, 340,3
368,3, 338,5
398,2, 361,1
401,0, 375,3
480,2, 483,8
503,4, 559,0
379,1, 581,0
458,4, 647,4
377,2, 626,9
374,6, 627,0
324,2, 608,5
413,7, 629,6
382,7, 621,5
416,5, 626,6
377,2, 596,2
384,5, 606,2
302,0, 561,9
295,1, 518,9
471,8, 502,0
448,1, 489,3
486,6, 494,2
484,2, 494,8
482,3, 483,0
487,7, 469,7
488,9, 463,9
360,4, 341,2
192,7, 215,6
256,2, 226,5
181,7, 196,4
227,9, 185,1
272,7, 191,7
619,1, 222,2
791,0, 268,2
897,5, 295,1
1055,9, 325,1
1381,5, 349,5
1484,7, 339,2
1697,6, 316,6
1797,7, 324,8
3084,3, 419,8
3106,6, 403,2
3109,0, 386,7
3106,0, 387,1
3105,8, 385,2
3069,9, 402,3
3075,3, 401,9
3064,6, 414,3
3025,5, 449,7
3016,1, 462,3
2886,6, 584,6
2881,9, 582,0
2888,2, 587,5
2887,5, 594,0
2883,6, 596,3
2885,0, 594,4
2880,7, 586,7
2882,0, 579,1
2881,6, 572,0
2889,3, 590,0
2885,6, 588,0
2882,1, 601,7
2881,1, 607,3
2909,1, 588,4
2933,2, 573,2
2956,4, 551,1
2993,1, 538,4
3008,7, 528,5
3187,2, 355,5
3145,1, 455,4
3136,1, 444,7
3130,6, 435,8
3133,2, 436,5
3132,3, 438,8
3128,9, 468,7
3126,4, 492,3
3125,9, 492,7
3126,2, 491,2
3126,8, 473,5
3129,9, 449,6
3130,7, 451,2
2871,6, 465,0
2733,8, 436,6
2674,9, 431,5
2629,3, 437,1
2610,2, 440,3
2606,3, 441,0
2615,3, 422,2
2616,5, 383,9
2615,8, 377,9
2610,3, 390,9
2618,7, 369,0
2611,2, 370,4
2592,1, 368,8
2420,8, 361,4
2307,4, 355,8
2124,4, 348,8
1871,7, 352,0
1789,1, 346,8
1731,0, 349,6
1474,9, 346,9
1458,5, 338,3
1401,8, 313,1
1399,3, 314,0
1396,0, 315,4
1384,8, 299,1
1388,4, 298,6
1386,6, 296,0
1385,7, 296,1
1393,5, 292,7
1391,7, 287,7
1389,6, 276,5
1388,0, 269,2
1387,0, 270,4
1385,0, 270,2
1379,9, 266,2
1371,9, 259,2
1367,7, 258,5
1361,9, 250,1
1357,8, 246,2
1355,9, 238,1
1348,2, 212,9
1339,3, 193,2
1334,3, 182,7
1342,2, 185,0
1342,5, 189,0
1400,6, 196,7
1476,7, 217,7
1577,4, 231,5
1607,7, 236,1
1613,0, 235,5
1617,4, 234,6
1612,7, 225,8
1613,9, 221,0
1615,7, 216,9
1643,3, 225,4
1780,2, 230,3
1846,6, 239,2
2601,1, 294,1
3015,6, 296,5
2945,4, 301,9
3011,2, 296,4
3076,4, 290,4
2987,5, 276,9
3090,3, 302,4
3138,5, 341,7
3113,9, 373,5
3096,7, 378,5
3043,6, 390,2
2637,5, 361,5
2119,5, 348,3
2068,1, 347,3
1909,1, 349,5
1446,2, 360,8
1096,8, 364,0
330,7, 296,2
264,1, 261,1
149,4, 136,2
149,5, 142,8
21,0, 73,0
9,5, 78,5
9,5, 78,5
166,0, 136,8
83,7, 44,1
165,4, 118,8
246,0, 198,7
332,0,