Listening for gaze data, press any key to exit...
1234,0, 557,2
1236,9, 558,4
1232,9, 557,4
1232,7, 557,3
1232,6, 564,9
1179,6, 549,8
1039,1, 478,6
1005,2, 467,4
974,8, 461,6
983,4, 474,5
983,6, 479,3
981,2, 478,8
974,3, 477,0
970,7, 472,4
968,4, 463,1
966,8, 460,6
966,0, 458,6
971,0, 454,4
972,5, 455,4
972,0, 457,8
975,3, 460,8
974,0, 457,7
976,8, 463,9
977,4, 464,7
984,3, 475,6
986,1, 507,2
1093,2, 1058,9
1099,8, 1100,8
1107,4, 1191,0
1180,4, 1884,0
1216,0, 1860,6
1228,1, 1830,8
1211,0, 1847,8
1211,1, 1845,6
1210,8, 1849,9
1218,2, 1827,8
1209,9, 1830,9
1185,2, 1837,0
1195,7, 1834,0
1200,5, 1825,9
1202,1, 1815,1
1163,8, 1874,7
1158,5, 1888,0
1198,3, 2228,9
1231,2, 2608,3
1236,7, 2699,5
1239,5, 2759,4
1224,6, 2789,0
1237,5, 2773,0
1234,8, 2774,8
1225,6, 2718,5
1230,2, 2726,1
1231,4, 2721,7
1224,8, 2664,7
1223,0, 2659,2
1307,4, 2661,1
1341,1, 2648,7
1527,2, 2598,0
1515,3, 2559,6
1769,9, 2471,7
1965,8, 2511,4
2096,3, 2507,5
2155,3, 2421,5
2147,1, 2437,0
1340,4, 1258,1
900,7, 793,1
684,1, 621,5
436,3, 476,2
395,9, 465,4
332,9, 453,6
320,0, 508,9
339,5, 533,3
360,9, 552,3
375,9, 562,4
397,7, 570,9
403,9, 575,6
413,1, 575,0
416,0, 579,1
428,5, 586,5
463,2, 602,7
429,5, 579,4
419,9, 573,4
382,6, 560,2
382,4, 564,1
-120,8, 169,8
-98,6, 153,6
-115,8, 166,3
-98,8, 171,9
-153,9, 102,6
157,4, 259,7
2300,6, 2359,9
2374,4, 2381,8
2307,6, 2397,7
2179,6, 2416,9
2210,5, 2415,6
2194,1, 2397,9
2217,1, 2354,9
2227,3, 2341,3
2223,2, 2371,2
2240,0, 2350,7
2249,5, 2332,7
2242,8, 2327,1
2247,6, 2336,6
2254,4, 2362,5
2294,8, 2384,7
2263,3, 2307,3
1368,6, 1329,5
766,7, 751,7
387,4, 511,5
76,3, 366,8
-567,4, 141,4
-479,8, 195,8
-430,2, 212,9
-482,7, 178,2
-497,9, 153,7
-460,1, 159,1
-460,1, 159,1
-115,2, 186,1
177,5, 153,5
330,3, 223,2
216,0, 171,6
272,5, 195,4
399,9, 265,5
485,9, 307,2
488,9, 307,5
484,8, 294,7
506,2, 312,3
540,6, 347,0
547,2, 352,6
575,5, 379,3
598,3, 398,4
624,7, 425,4
619,4, 425,3
623,5, 422,2
616,3, 412,0
619,1, 421,6
607,7, 445,5
628,7, 440,0
689,1, 502,2
693,5, 514,8
781,4, 594,6
881,2, 668,4
1089,4, 852,6
1274,5, 1020,4
1423,8, 1167,6
1587,1, 1323,3
1589,4, 1321,3
1626,1, 1351,0
1681,7, 1396,1
1681,2, 1395,1
1678,7, 1396,1
1673,6, 1398,1
1674,1, 1393,3
1672,0, 1391,1
1669,7, 1390,3
1669,0, 1391,1
1670,2, 1393,9
1670,9, 1396,9
1674,5, 1400,1
1675,1, 1399,5
1678,4, 1392,4
1749,4, 1379,7
2002,8, 1334,8
2430,3, 1222,1
2939,0, 1085,6
3050,7, 1045,0
3048,9, 1039,1
3144,1, 1016,0
3163,6, 1015,5
3181,0, 1007,7
3256,8, 993,0
3257,3, 980,8
3251,9, 983,0
3258,2, 980,8
3307,8, 980,7
3170,5, 1014,5
3103,9, 1052,2
1650,3, 1863,0
1251,0, 2064,0
1002,8, 2141,8
953,5, 2135,7
925,7, 2127,1
926,6, 2137,4
915,9, 2160,0
920,8, 2150,8
913,5, 2161,8
906,5, 2163,9
901,7, 2153,9
890,3, 2171,6
838,3, 2169,6
836,8, 2183,9
815,9, 2168,9
759,9, 2212,2
800,5, 2194,4
794,3, 2201,6
771,8, 2192,1
772,5, 2193,4
771,0, 2197,8
766,9, 2196,2
767,4, 2187,0
759,4, 2150,1
734,1, 2033,6
734,9, 1932,1
671,3, 952,0
594,8, 498,8
588,6, 471,0
602,3, 512,9
611,9, 543,0
598,7, 398,1
597,5, 376,1
614,4, 392,6
615,3, 403,1
615,0, 402,7
615,2, 403,1
616,2, 403,0
619,1, 403,8
633,7, 408,9
639,5, 409,1
636,8, 412,2
675,2, 420,8
676,8, 425,0
687,9, 432,3
693,7, 451,6
692,7, 453,0
695,7, 456,1
708,1, 462,1
713,2, 448,9
711,4, 468,9
705,6, 469,9
702,4, 461,7
706,2, 450,1
706,1, 464,0
709,4, 437,5
709,9, 436,9
690,7, 452,4
675,0, 453,2
647,9, 439,2
652,9, 443,4
356,9, 632,8
135,2, 773,0
113,9, 793,9
135,8, 874,8
130,2, 868,4
141,3, 882,1
133,4, 876,2
79,8, 847,1
49,5, 801,9
47,3, 815,9
15,8, 807,9
-28,4, 780,5
-29,1, 783,5
-20,3, 791,1
6,2, 807,6
103,3, 834,9
118,5, 844,2
122,3, 849,2
172,7, 886,0
181,4, 887,2
161,9, 890,1
169,7, 894,2
176,6, 885,0
174,7, 891,8
170,1, 900,8
151,2, 868,7
143,1, 880,5
141,7, 879,3
111,3, 876,6
90,5, 867,2
103,9, 865,0
118,9, 867,8
132,8, 862,3
260,1, 967,5
684,8, 1372,2
813,5, 1585,5
850,6, 1780,6
920,5, 1847,9
905,2, 2009,0
885,7, 2219,7
887,4, 2226,5
885,1, 2252,8
837,7, 2287,5
830,2, 2283,5
823,5, 2263,9
834,7, 2271,4
839,6, 2254,0
856,9, 2253,8
850,9, 2257,9
835,6, 2431,5
838,8, 2448,6
843,2, 2445,6
843,4, 2459,1
842,8, 2472,7
852,5, 2494,2
844,3, 2478,3
839,7, 2472,4
813,2, 2459,5
813,4, 2457,3
827,5, 2481,1
825,9, 2479,1
831,4, 2481,5
830,4, 2474,2
784,4, 2468,4
761,4, 2463,7
838,3, 2497,4
953,0, 2548,0
1036,7, 2605,7
1103,0, 2643,1
1099,7, 2615,7
1100,3, 2651,3
1098,9, 2667,8
1113,5, 2643,7
1098,3, 2630,7
1096,6, 2633,2
1095,8, 2642,0
1097,6, 2627,4
1072,7, 2603,2
1071,7, 2601,5
1077,9, 2607,9
819,3, 2051,3
817,3, 2046,9
423,4, 1274,4
-19,0, 743,9
-1,9, 754,9
27,2, 774,3
-12,8, 642,1
-0,1, 610,4
-44,7, 586,7
-1,9, 590,0
113,8, 669,4
260,2, 756,8
347,3, 813,5
349,5, 809,5
410,0, 850,0
437,7, 856,2
395,7, 838,9
385,0, 830,0
261,2, 806,1
296,9, 812,8
321,5, 815,9
281,7, 805,8
311,8, 803,7
313,7, 802,7
329,9, 798,5
444,1, 709,5
410,5, 746,1
497,3, 684,2
537,0, 636,8
547,7, 521,9
574,4, 537,9
598,3, 554,4
595,3, 551,8
623,5, 568,5
606,7, 554,2
587,7, 540,6
587,8, 538,6
604,1, 547,4
589,1, 532,8
629,4, 562,0
654,7, 574,3
689,2, 591,9
755,2, 646,4
756,7, 652,2
727,9, 620,7
684,1, 581,0
661,5, 564,0
596,4, 539,2
542,3, 501,5
423,5, 426,2
346,2, 375,4
314,7, 363,8
325,5, 397,8
313,9, 388,1
302,5, 397,5
266,9, 358,7
261,2, 351,4
338,8, 823,6
350,1, 876,2
364,8, 919,4
364,6, 933,4
393,1, 986,9
418,3, 1004,0
440,0, 1006,8
422,6, 1006,0
426,9, 1003,4
466,7, 961,2
458,6, 978,2
460,3, 981,9
499,1, 936,4
445,4, 989,7
534,6, 888,8
569,6, 849,0
551,7, 865,9
503,9, 933,3
444,9, 997,4
417,4, 1029,8
410,1, 1014,9
417,3, 1031,1
393,8, 1002,8
378,1, 1010,4
377,0, 996,9
359,9, 990,9
339,6, 997,2
323,9, 986,3
322,8, 992,9
308,8, 978,0
300,7, 975,7
300,6, 980,9
277,3, 959,3
305,2, 941,3
252,8, 928,6
215,8, 791,8
348,7, 735,6
381,1, 767,5
402,7, 790,0
426,2, 796,0
572,3, 909,9
586,1, 921,5
594,1, 930,8
603,2, 929,1
594,2, 920,2
570,8, 902,9
568,4, 899,3
529,0, 877,5
524,3, 872,1
501,1, 835,0
501,3, 844,8
503,3, 851,8
491,3, 841,0
496,0, 828,4
479,4, 808,4
481,6, 813,9
550,7, 671,9
659,3, 270,4
675,7, 276,9
679,7, 268,2
686,0, 264,5
711,0, 329,5
713,2, 332,9
714,1, 323,5
853,5, 335,5
934,2, 282,6
1024,9, 256,1
999,4, 264,3
1031,1, 254,6
1034,2, 251,7
1047,0, 221,3
1046,4, 193,1
1033,3, 175,3
1021,9, 159,8
1022,2, 158,8
1020,9, 156,8
1028,1, 167,1
1027,7, 170,3
1025,8, 181,1
1027,5, 182,1
1095,9, 168,7
1146,9, 184,7
1660,1, 203,6
2027,7, 225,4
2161,2, 283,0
2198,5, 295,9
2256,5, 270,3
2277,4, 285,6
2271,0, 294,1
2355,6, 367,2
2360,8, 364,3
2379,3, 352,3
2399,5, 317,9
2384,1, 309,8
2485,1, 169,6
2455,7, 176,2
2487,9, 123,6
2557,0, 35,1
2566,1, 18,0
2591,3, -16,0
2538,5, 37,2
2546,1, 63,9
2548,0, 70,0
2544,8, 66,8
2547,7, 34,0
2534,5, 63,8
2562,2, 36,4
2602,0, 7,0
2617,5, 0,7
2632,8, -39,9
2632,7, -39,9
2613,6, -0,7
2608,0, 39,8
2609,7, 41,9
2607,0, 48,8
2596,8, 79,4
2545,8, 87,6
2562,6, 75,6
2567,2, 70,1
2559,2, 86,5
2559,9, 93,0
2566,9, 92,4
2577,5, 102,4
2567,1, 110,4
2532,2, 127,3
2544,4, 119,4
2556,1, 113,1
2542,1, 121,3
2552,6, 113,4
2557,8, 108,7
2552,6, 107,7
2558,2, 103,8
2554,0, 104,6
2556,2, 101,9
2546,4, 108,7
2551,4, 106,9
2559,5, 96,2
2547,7, 89,5
2550,7, 87,7
2543,7, 87,3
2561,0, 76,9
2559,6, 76,9
2562,4, 74,0
2582,0, 55,1
2599,6, 22,7
2609,3, 3,4
2615,7, -1,9
2616,9, -0,7
2594,3, 41,2
2604,7, 32,2
2586,8, 52,6
2582,5, 55,8
2595,4, 46,5
2594,8, 46,8
2560,0, 73,2
2572,5, 67,5
2563,1, 77,8
2540,4, 94,3
2554,7, 85,5
2538,4, 93,5
2546,3, 89,5
2571,8, 95,4
2570,2, 91,9
2570,8, 103,6
2575,5, 96,5
2610,0, 8,1
2596,1, 47,8
2594,0, 52,9
2570,7, 82,2
2568,3, 91,7
2555,5, 100,5
2508,4, 69,2
2446,2, 63,1
2344,0, 38,9
1952,9, 90,8
1862,0, 84,8
1202,6, 454,3
974,0, 555,3
398,2, 588,7
7,6, 343,7
437,3, 683,3
324,1, 498,1
52,8, 159,7
58,9, 182,1
56,0, 174,5
57,6, 184,8
56,7, 181,5
58,0, 177,4
45,4, 163,2
-5,9, 121,5
18,1, 44,8
20,5, 46,0
21,8, 25,5
5,2, 25,6
-77,9, -22,3
-36,4, 7,1
3,2, 32,0
109,4, 146,3
97,4, 133,2
191,5, 173,4
174,1, 174,7
215,5, 213,3
331,7, 321,5
397,9, 394,1
426,6, 428,3
725,6, 667,1
1025,3, 1002,1
1165,5, 1164,1
1333,6, 1340,4
1398,5, 1423,7
1440,1, 1449,9
1581,6, 1615,3
1902,1, 2008,2
2048,3, 2206,8
2021,3, 2120,5
2027,5, 2207,3
2068,3, 2256,2
2138,7, 2327,7
2160,2, 2355,1
2272,8, 2543,2
2268,0, 2520,3
2301,5, 2543,0
2333,2, 2614,8
2338,3, 2620,1
2320,8, 2573,5
2320,5, 2573,4
2312,7, 2563,5
2282,4, 2511,1
2276,4, 2507,0
2289,4, 2528,5
2293,4, 2534,7
2229,6, 2402,8
2256,2, 2453,1
1309,8, 1334,5
1480,5, 1559,3
1255,8, 1329,4
1350,0, 1430,8
959,1, 1068,4
31,8, 230,2
-5,4, 214,8
29,4, 277,9
4,4, 282,2
-57,5, 272,3
-23,4, 291,6
-9,5, 296,8
8,6, 329,0
210,8, 572,6
192,7, 554,9
297,8, 814,1
328,4, 887,5
326,1, 919,1
358,6, 987,4
395,7, 1109,4
374,5, 1108,6
376,5, 1113,1
347,7, 1107,8
364,1, 1109,7
331,3, 1097,9
358,5, 1102,1
290,1, 1094,3
274,3, 1094,5
272,1, 1095,8
218,6, 1065,3
225,2, 1067,6
207,4, 1067,6
200,0, 1095,3
185,5, 1124,3
80,9, 1207,3
-51,0, 1287,8
-137,3, 1309,1
-142,2, 1309,4
-130,8, 1311,5
-133,1, 1332,0
-112,6, 1329,0
-83,5, 1341,7
-46,2, 1336,4
-40,5, 1334,7
-48,9, 1311,8
-66,0, 1328,1
-45,3, 1329,3
-54,7, 1333,9
-58,3, 1349,0
-47,8, 1342,0
-47,0, 1351,6
-34,8, 1337,0
-38,3, 1338,8
-47,9, 1342,6
-49,8, 1324,9
-53,5, 1344,3
-53,5, 1334,3
-80,6, 1346,8
-74,7, 1340,8
-79,6, 1345,6
-70,1, 1333,7
-71,5, 1336,6
-62,5, 1320,8
-63,2, 1328,8
-54,8, 1315,2
-33,0, 1333,6
-41,8, 1351,7
-36,8, 1340,7
-42,4, 1344,6
-29,6, 1328,4
-18,3, 1333,5
-23,2, 1341,1
-15,5, 1331,4
-37,6, 1353,4
-23,7, 1340,1
-21,1, 1341,9
-10,7, 1333,6
-14,4, 1330,2
-11,2, 1313,3
-14,0, 1311,4
-3,7, 1309,2
-17,0, 1320,2
-13,9, 1323,1
-0,3, 1323,8
24,9, 1334,7
18,8, 1332,3
59,4, 1347,8
399,9, 1491,4
873,6, 1723,3
1224,5, 1916,5
1362,3, 1980,1
1459,4, 2036,9
1884,1, 2293,7
2127,8, 2414,4
2050,5, 2375,6
1984,6, 2340,5
2289,8, 2502,4
2285,2, 2519,5
2274,8, 2495,2
2284,4, 2504,2
2267,6, 2471,6
2253,2, 2442,2
2261,6, 2430,5
2251,9, 2421,9
2055,9, 2286,8
2030,8, 2294,5
1901,5, 2172,4
1088,4, 1474,9
627,0, 1199,8
589,4, 1177,2
490,0, 1124,1
66,8, 901,4
104,8, 912,5
112,1, 915,9
150,5, 929,3
245,7, 970,7
281,7, 990,2
287,0, 994,6
304,7, 1000,3
337,6, 989,8
324,4, 992,5
313,5, 992,5
302,6, 992,3
305,6, 990,4
271,2, 979,5
226,5, 965,4
231,1, 967,8
199,0, 963,9
206,9, 963,7
210,8, 964,8
288,9, 983,6
256,6, 976,2
174,1, 1020,5
180,7, 1031,1
83,7, 1057,1
80,8, 1071,7
38,9, 1082,3
27,8, 1100,6
105,2, 1119,4
150,0, 1123,3
173,6, 1131,2
179,0, 1128,9
164,9, 1120,4
172,6, 1108,5
170,7, 1097,0
176,5, 1066,7
175,4, 1064,6
179,8, 1060,3
182,4, 1064,9
191,4, 1061,1
193,5, 1045,7
184,6, 1046,8
180,5, 1032,5
163,6, 1020,6
161,8, 1023,8
152,9, 1014,6
168,7, 1041,9
167,2, 1066,0
171,7, 1030,2
165,2, 947,9
141,3, 764,3
34,0, 862,7
12,9, 855,9
2,6, 842,6
26,1, 811,6
117,9, 600,3
155,1, 493,9
156,0, 533,5
163,2, 579,7
280,5, 916,8
284,7, 928,4
340,4, 986,6
384,7, 999,6
400,6, 1005,2
413,3, 1032,8
418,2, 1049,7
434,1, 1056,9
425,1, 1039,7
421,8, 1039,1
419,4, 1033,0
413,5, 1019,9
408,5, 999,9
401,8, 989,4
414,5, 1026,7
414,4, 1022,8
404,2, 998,2
391,0, 994,3
394,9, 1014,7
394,9, 1006,6
396,6, 1026,6
390,4, 1015,7
372,6, 1063,3
368,7, 1084,0
366,3, 1092,5
366,8, 1115,9
437,9, 1213,9
420,4, 1205,5
426,0, 1211,5
414,5, 1204,5
403,9, 1200,3
365,0, 1175,3
364,2, 1182,1
360,4, 1167,0
352,6, 1176,2
346,4, 1176,9
349,1, 1160,1
345,6, 1165,3
343,3, 1168,9
340,6, 1173,2
336,2, 1173,6
339,9, 1175,9
338,2, 1172,5
328,4, 1173,0
328,5, 1164,5
306,9, 1322,1
300,0, 1359,5
276,5, 1328,5
185,5, 1335,3
101,9, 1316,0
164,5, 1343,9
131,1, 1324,0
204,0, 1350,6
190,1, 1302,3
164,0, 1263,8
109,9, 1056,4
41,6, 984,0
48,3, 980,2
50,3, 963,0
91,1, 992,4
77,5, 996,1
91,2, 1006,5
82,0, 992,0
142,2, 1025,4
128,5, 1000,8
139,8, 1006,4
124,6, 985,5
150,3, 1010,9
170,7, 1031,0
169,5, 1032,2
149,0, 1021,0
136,3, 1013,7
164,3, 1030,4
147,8, 1003,4
225,7, 1045,5
214,1, 1036,8
210,7, 1027,7
199,3, 993,2
229,5, 1019,9
208,5, 995,8
229,3, 1007,4
206,0, 981,5
219,2, 994,6
190,1, 960,8
186,9, 956,3
174,2, 939,4
166,7, 926,1
147,3, 895,4
125,0, 859,1
145,1, 868,1
136,9, 837,5
134,0, 827,6
131,9, 821,2
125,5, 799,2
126,9, 791,6
127,9, 769,6
126,6, 766,2
127,5, 764,4
170,5, 821,2
197,5, 900,6
173,9, 934,1
183,0, 963,1
181,8, 961,3
196,3, 987,6
206,5, 1003,4
176,8, 936,4
186,5, 947,5
235,3, 978,3
274,0, 991,0
317,3, 1027,2
320,4, 1021,2
296,2, 991,4
262,2, 963,5
222,6, 847,6
220,8, 842,5
212,1, 799,4
205,8, 765,9
259,2, 823,3
247,3, 794,3
246,1, 790,9
265,0, 807,1
310,3, 809,2
341,5, 832,6
335,5, 831,0
349,5, 851,0
350,9, 837,0
369,2, 879,4
380,5, 887,3
387,2, 889,6
388,1, 898,3
385,0, 884,8
358,1, 898,7
367,7, 881,8
407,2, 863,5
579,0, 876,3
590,1, 873,7
562,1, 838,2
553,8, 834,0
367,9, 730,7
351,6, 713,2
323,6, 687,7
276,1, 650,0
281,6, 655,3
179,0, 562,9
264,0, 641,2
267,4, 633,9
260,9, 631,1
364,5, 696,9
363,1, 689,2
404,7, 719,7
443,9, 752,3
406,7, 719,4
420,3, 730,5
401,1, 712,9
446,2, 744,1
472,8, 755,3
393,3, 701,3
391,9, 705,8
391,4, 705,9
360,5, 685,9
342,8, 681,7
305,4, 654,6
274,3, 645,9
174,5, 619,4
225,6, 631,7
159,6, 620,2
106,6, 602,1
16,6, 588,8
-11,0, 553,0
-25,8, 551,5
-35,1, 525,9
-3,1, 564,9
12,4, 564,8
12,9, 574,4
31,1, 577,8
27,6, 591,9
40,1, 591,6
58,5, 593,0
30,1, 586,0
63,0, 592,4
54,4, 597,2
-114,6, 443,1
-108,2, 429,2
-111,1, 389,8
-113,9, 377,9
-107,5, 373,2
-56,8, 382,5
-31,5, 405,8
-25,6, 413,1
41,6, 464,4
108,9, 502,8
138,4, 544,2
188,5, 565,0
155,4, 579,1
223,9, 606,7
229,1, 616,9
138,8, 576,2
170,7, 592,2
145,3, 593,4
212,8, 624,0
245,2, 627,2
188,3, 594,4
239,4, 637,3
217,1, 700,2
207,9, 730,5
221,2, 793,6
292,2, 998,5
368,4, 1056,3
380,1, 1117,4
376,0, 1143,8
398,1, 1162,4
375,8, 1158,6
381,9, 1155,5
340,6, 1144,8
339,1, 1146,4
318,0, 1141,5
286,7, 1131,8
287,5, 1125,8
294,3, 1118,2
291,7, 1086,2
295,7, 1064,8
306,2, 1002,3
241,0, 831,2
266,1, 758,9
263,6, 750,0
261,1, 733,2
240,9, 725,3
258,2, 719,2
277,6, 721,9
229,0, 723,9
227,0, 724,9
226,2, 727,2
241,3, 730,1
274,4, 744,3
322,9, 744,6
370,1, 737,4
343,6, 714,3
374,4, 683,0
321,7, 661,8
310,8, 615,1
358,1, 587,9
265,6, 533,3
12,4, 473,6
-21,1, 458,5
52,5, 456,2
43,0, 425,2
79,3, 448,4
40,6, 420,3
81,1, 458,2
96,1, 470,5
103,4, 425,3
32,5, 354,3
35,7, 356,9
37,1, 358,1
62,8, 324,1
320,6, 419,8
162,2, 331,5
229,9, 385,2
114,7, 314,4
275,2, 404,9
278,5, 370,8
276,6, 369,5
-183,4, 180,3
-166,2, 192,3
-154,8, 208,5
-159,5, 208,2
-157,0, 198,4
-172,3, 185,9
1,8, 299,8
131,2, 301,7
209,8, 278,4
191,8, 270,5
300,4, 240,2
135,4, 170,6
178,0, 192,7
231,1, 217,4
199,5, 199,2
199,1, 197,1
155,9, 180,0
157,1, 137,0
99,4, 125,7
110,1, 206,5
59,3, 208,9
63,1, 273,0
55,3, 330,7
7,2, 387,2
173,9, 475,5
142,7, 470,9
180,9, 485,3
133,2, 476,2
166,9, 484,8
225,4, 496,0
164,9, 475,2
253,4, 483,1
207,9, 473,8
173,9, 473,1
140,9, 462,5
175,8, 480,6
138,0, 469,9
164,7, 476,5
99,8, 469,6
164,0, 477,0
170,5, 479,1
145,6, 547,4
126,6, 591,4
170,4, 718,4
235,3, 847,2
263,3, 943,1
275,3, 1001,7
336,3, 1064,2
324,9, 1066,4
305,8, 1063,2
299,6, 1058,6
299,8, 1055,8
298,6, 1056,5
311,0, 1048,3
308,5, 1052,3
317,3, 1054,1
271,5, 1067,1
268,0, 1066,8
226,6, 1134,6
198,7, 1326,8
171,0, 1324,4
158,0, 1320,1
192,3, 1319,9
183,6, 1324,5
205,8, 1316,9
207,2, 1315,7
158,3, 1329,0
167,3, 1326,0
156,8, 1332,8
170,8, 1332,2
144,6, 1337,1
167,8, 1321,7
141,8, 1322,6
133,4, 1309,8
133,8, 1298,3
158,6, 1293,3
143,4, 1296,9
139,9, 1304,4
139,7, 1307,5
129,6, 1304,9
129,2, 1273,1
82,8, 1013,2
72,9, 946,4
86,7, 933,3
142,7, 924,0
134,8, 930,0
170,0, 933,4
161,1, 934,0
180,3, 935,5
96,8, 974,1
104,1, 994,9
102,3, 1071,8
128,6, 1198,1
121,7, 1237,4
131,9, 1268,8
90,6, 1323,3
145,2, 1283,6
112,3, 1303,4
113,0, 1291,3
106,0, 1287,4
102,9, 1291,6
88,0, 1290,0
71,1, 1294,8
39,8, 1303,8
52,7, 1290,9
40,4, 1309,3
57,1, 1292,6
65,3, 1297,6
84,1, 1285,8
70,1, 1297,2
84,7, 1287,0
59,2, 1298,1
25,4, 1305,0
17,9, 1287,1
6,8, 1283,5
5,7, 1293,4
23,2, 1293,2
35,1, 1292,4
49,4, 1298,1
107,1, 1301,4
124,2, 1303,5
159,4, 1309,8
201,0, 1308,2
147,5, 1323,3
144,8, 1322,2
173,8, 1313,5
194,1, 1307,6
202,1, 1301,9
186,5, 1306,0
187,9, 1305,9
160,6, 1311,6
172,1, 1300,4
165,5, 1302,9
134,7, 1319,0
140,9, 1317,7
144,0, 1321,9
172,1, 1311,1
161,4, 1316,1
174,4, 1311,6
80,8, 1301,0
98,6, 1287,1
97,6, 1286,7
46,9, 1303,3
53,7, 1289,6
36,6, 1285,1
47,5, 1278,1
19,0, 1259,9
0,0, 1250,7
-14,3, 1230,8
11,9, 1208,9
21,4, 1201,8
1,8, 1203,9
-14,5, 1192,5
-32,4, 1204,6
-22,4, 1203,3
-14,8, 1195,3
-35,6, 1194,9
-17,0, 1192,8
75,3, 1196,4
97,1, 1199,1
153,1, 1201,1
175,1, 1205,8
202,3, 1209,1
209,0, 1210,7
161,9, 1221,7
164,3, 1222,4
138,7, 1225,5
107,0, 1231,4
149,2, 1226,3
130,3, 1228,1
161,2, 1219,3
184,2, 1209,7
165,8, 1187,8
59,8, 1163,0
34,2, 1145,6
12,1, 1135,3
-23,4, 1131,8
-15,4, 1132,1
11,8, 1125,7
8,1, 1130,6
18,5, 1130,3
58,7, 1133,0
107,4, 1138,3
229,1, 1158,7
225,9, 1164,0
235,0, 1168,5
228,7, 1172,5
243,5, 1162,2
231,9, 1161,4
191,4, 1165,3
229,1, 1153,8
201,2, 1160,2
207,3, 1161,2
205,6, 1163,4
212,2, 1172,2
248,9, 1178,8
248,9, 1180,5
242,4, 1181,5
222,6, 1186,2
188,0, 1188,2
161,2, 1190,2
169,7, 1191,4
141,7, 1193,4
137,5, 1193,3
143,8, 1191,7
122,7, 1186,6
144,3, 1180,2
163,1, 1179,3
202,8, 1176,4
231,1, 1176,4
185,6, 1184,1
172,9, 1186,2
216,1, 1180,6
195,6, 1193,5
185,8, 1197,8
201,7, 1191,3
171,5, 1180,0
185,9, 1182,4
205,6, 1169,0
159,1, 714,1
153,5, 653,7
107,6, 616,2
145,2, 585,5
153,4, 579,6
112,1, 578,4
111,9, 579,2
132,9, 588,4
156,3, 592,6
206,6, 603,4
217,0, 620,8
248,0, 630,1
244,3, 631,6
277,7, 636,8
286,3, 633,1
88,0, 565,0
32,3, 648,3
57,2, 585,6
-11,8, 611,3
71,0, 637,4
205,0, 613,0
227,9, 663,0
252,1, 618,8
257,1, 606,8
258,4, 593,2
165,0, 568,5
192,0, 575,8
152,9, 565,0
237,6, 590,5
283,2, 602,7
308,0, 607,8
309,0, 611,7
311,9, 620,6
316,1, 634,6
319,8, 647,4
335,1, 645,7
353,9, 638,4
357,4, 627,2
351,1, 622,8
342,6, 625,3
340,2, 627,5
347,1, 623,0
334,0, 612,2
333,7, 578,0
433,0, 509,6
478,0, 484,1
478,6, 465,6
463,1, 432,2
393,3, 367,5
372,9, 340,3
334,8, 326,4
335,1, 319,0
339,6, 336,2
308,0, 381,1
202,3, 403,9
20,5, 375,9
20,1, 390,5
-101,6, 371,8
-102,1, 378,0
-69,0, 387,6
-54,7, 395,4
-34,3, 407,7
187,2, 535,8
184,9, 540,5
192,2, 545,5
301,9, 622,3
270,2, 609,2
260,7, 603,5
303,7, 629,5
329,1, 639,4
335,6, 637,6
267,9, 615,4
279,3, 615,5
313,0, 616,6
266,9, 590,7
246,5, 580,8
247,3, 580,3
315,6, 596,6
317,2, 601,0
299,6, 709,0
350,9, 771,4
359,0, 787,5
382,1, 900,7
385,7, 932,0
466,0, 1051,8
450,3, 1064,3
462,5, 1137,5
429,2, 1133,9
460,2, 1136,3
449,0, 1130,4
439,5, 1127,3
405,5, 1128,4
384,8, 1123,2
335,1, 1105,9
321,9, 1081,3
323,9, 1100,8
321,0, 1088,0
319,4, 1081,8
306,3, 1081,4
314,1, 1078,0
318,6, 1076,9
292,4, 1077,8
271,0, 1076,4
263,5, 1077,0
264,1, 1081,5
266,6, 1084,7
232,6, 1083,9
216,4, 1263,2
223,0, 1349,5
163,2, 1321,8
164,8, 1335,7
176,1, 1342,4
167,4, 1361,5
171,2, 1398,6
163,1, 1408,8
192,2, 1402,0
203,2, 1397,5
198,5, 1406,4
193,2, 1404,0
177,9, 1401,4
148,8, 1398,4
136,8, 1389,8
114,7, 1386,1
147,3, 1382,3
138,9, 1379,1
86,7, 1380,6
130,2, 1381,3
149,4, 1381,8
146,4, 1395,2
161,0, 1388,9
163,0, 1385,6
154,9, 1374,9
115,3, 1390,9
120,9, 1387,8
108,5, 1390,3
137,9, 1376,2
128,8, 1375,4
101,1, 1383,8
105,7, 1376,4
106,1, 1374,5
93,3, 1379,6
123,1, 1382,0
126,5, 1378,0
150,8, 1373,5
174,7, 1365,6
168,9, 1370,1
172,3, 1385,5
207,3, 1376,5
194,9, 1385,0
222,2, 1364,0
168,8, 1385,9
201,4, 1374,1
189,7, 1376,3
224,0, 1356,1
174,8, 1375,5
178,8, 1369,3
168,2, 1351,2
122,9, 1365,5
127,3, 1363,1
123,9, 1362,4
72,0, 1383,4
91,1, 1365,4
25,1, 1390,9
47,4, 1380,1
43,5, 1379,0
67,2, 1368,1
30,9, 1384,5
51,3, 1370,3
33,2, 1381,1
51,8, 1361,0
20,3, 1374,2
34,2, 1370,1
16,1, 1377,8
-65,0, 1374,0
-34,4, 1361,9
-54,1, 1361,4
-79,4, 1361,9
-92,2, 1370,4
-101,4, 1390,3
-93,8, 1376,9
-105,3, 1352,7
-75,3, 1344,5
-71,8, 1359,1
-49,2, 1350,3
-68,1, 1364,5
-41,7, 1348,3
-52,6, 1355,3
-32,0, 1350,5
-75,8, 1359,6
-50,1, 1352,2
-66,8, 1355,7
-96,9, 1365,1
-91,6, 1350,6
-97,0, 1340,8
-94,9, 1348,8
-77,1, 1348,6
-49,5, 1355,9
9,3, 1314,9
35,2, 1303,2
207,9, 1240,0
381,9, 1182,6
750,1, 1074,5
888,9, 1032,5
1059,0, 983,4
1294,8, 915,2
1359,7, 901,4
1425,6, 882,0
1538,7, 857,8
1661,9, 828,6
1794,6, 787,7
1803,2, 781,3
1807,4, 776,9
1809,1, 774,7
1795,7, 766,0
1809,3, 763,5
2212,4, 907,2
2540,3, 1021,0
2709,4, 1087,9
2716,1, 1087,7
2728,0, 1087,9
2740,3, 1090,0
2758,9, 1088,6
2795,4, 1082,4
2789,2, 1091,1
2777,6, 1093,0
2756,1, 1095,8
2757,5, 1095,9
2703,2, 1110,9
2688,7, 1114,3
2678,1, 1117,7
2628,6, 1135,3
2633,3, 1133,5
2635,9, 1135,1
2629,4, 1138,2
2601,2, 1139,0
2606,0, 1138,3
2632,0, 1127,1
2627,6, 1129,8
2605,6, 1136,1
2608,8, 1142,8
2594,9, 1140,2
2077,2, 1090,1
1943,8, 1066,1
856,8, 914,8
251,4, 880,5
317,8, 885,6
295,8, 884,4
344,5, 894,9
447,5, 899,7
371,2, 928,4
357,7, 937,9
374,3, 944,4
385,6, 952,1
394,2, 947,6
396,1, 944,4
412,0, 984,8
408,6, 965,1
406,4, 957,3
410,7, 978,5
340,9, 1018,8
249,3, 1079,4
140,3, 1143,8
118,1, 1161,1
116,8, 1163,5
117,5, 1158,9
121,2, 1150,9
165,7, 1114,2
192,1, 1096,6
188,8, 1113,9
259,1, 1063,1
237,7, 1153,4
284,2, 1070,6
273,4, 1084,1
233,3, 1149,4
234,8, 1162,2
255,0, 1164,3
238,2, 1180,3
245,0, 1177,3
251,0, 1173,9
256,8, 1168,4
197,1, 1231,4
195,7, 1236,1
208,6, 1265,3
200,0, 1294,3
208,0, 1302,0
213,3, 1322,8
212,3, 1317,7
210,7, 1317,3
185,1, 1336,0
186,8, 1336,0
208,0, 1325,9
183,8, 1339,1
191,9, 1333,9
192,3, 1330,5
156,6, 1338,9
157,8, 1338,6
149,1, 1340,8
158,0, 1320,3
172,8, 1320,6
165,0, 1326,0
172,9, 1323,0
185,0, 1319,8
175,9, 1323,7
182,1, 1321,2
175,4, 1324,3
188,5, 1317,6
182,1, 1316,5
129,6, 1340,8
140,7, 1334,7
150,2, 1329,0
138,4, 1333,6
141,5, 1329,2
152,6, 1315,0
195,6, 1311,2
176,2, 1312,9
161,3, 1323,9
143,8, 1330,5
146,8, 1330,7
147,8, 1330,5
158,0, 1303,7
147,2, 1278,4
132,8, 1258,0
127,9, 1240,4
125,3, 1225,7
128,4, 1202,4
112,1, 1177,3
107,8, 1174,8
115,8, 1162,8
137,5, 1146,4
133,4, 1149,0
140,4, 1154,6
139,3, 1155,9
135,1, 1152,5
131,5, 1164,3
145,5, 1153,8
140,5, 1149,6
141,7, 1145,6
128,5, 1150,1
116,0, 1160,7
117,9, 1157,2
130,1, 1181,5
132,5, 1182,5
124,1, 1186,3
102,4, 1187,0
97,8, 1167,6
57,8, 1164,7
65,4, 1157,9
27,5, 1157,6
17,7, 1156,5
31,8, 1152,8
28,8, 1145,9
5,4, 1111,0
14,3, 1079,2
32,6, 897,8
35,0, 967,0
37,0, 960,7
47,8, 856,3
44,9, 894,8
36,4, 889,3
28,7, 918,8
-17,9, 1115,8
-15,7, 1129,9
-1,5, 1113,5
36,8, 1061,4
122,8, 968,2
105,3, 1033,4
111,3, 1026,9
101,5, 1056,0
123,1, 1020,7
105,6, 1067,3
103,8, 1064,4
102,5, 1068,1
77,1, 1125,4
87,8, 1112,9
77,2, 1124,5
56,7, 1136,1
64,9, 1127,9
48,3, 1128,1
61,1, 1115,5
70,8, 1103,6
115,7, 957,5
128,1, 928,1
101,7, 1003,0
121,3, 941,3
104,2, 984,8
80,3, 1042,3
80,3, 1029,1
31,1, 1125,1
67,4, 1126,0
19,2, 1122,5
25,8, 1105,6
60,5, 1114,7
86,2, 1125,1
125,2, 1138,9
272,8, 1172,6
411,7, 1199,6
574,3, 1226,9
790,8, 1266,9
891,8, 1286,3
953,9, 1296,7
1066,7, 1320,9
1229,5, 1353,0
1143,6, 1342,0
1093,9, 1341,5
795,7, 1329,4
587,1, 1316,0
209,9, 1257,9
187,3, 1254,6
146,3, 1249,1
144,9, 1248,7
127,1, 1239,2
7,1, 1216,3
-3,8, 1215,9
70,8, 1223,6
93,0, 1241,6
124,8, 1239,4
151,7, 1240,8
161,2, 1247,0
172,6, 1247,1
184,3, 1248,8
221,3, 1252,0
244,8, 1254,1
231,4, 1256,9
230,2, 1257,2
236,7, 1258,0
213,4, 1260,0
211,3, 1260,4
219,2, 1259,8
310,3, 1268,1
561,2, 1285,5
522,5, 1283,0
1004,8, 1315,8
1829,2, 1331,9
2089,2, 1343,4
2312,7, 1356,7
2234,1, 1349,9
2914,9, 1388,1
2924,4, 1386,9
2959,6, 1393,1
2940,1, 1390,4
2962,1, 1389,4
3014,6, 1388,8
3067,7, 1375,3
3084,5, 1375,2
3094,8, 1373,8
3109,5, 1370,6
3131,3, 1370,6
3132,6, 1369,9
3128,7, 1364,4
3126,3, 1354,3
3122,1, 1328,1
3120,0, 1305,4
3118,8, 1293,9
3118,2, 1284,7
3118,1, 1283,0
2850,2, 1318,3
2745,4, 1293,2
358,5, 978,4
400,7, 952,6
404,9, 951,2
343,1, 944,6
251,0, 948,0
260,0, 947,7
134,0, 965,1
-3,1, 1044,5
-20,5, 1054,7
-40,8, 1066,7
-40,4, 1066,2
-78,4, 1071,4
-80,3, 1072,3
-83,1, 1073,1
-92,1, 1073,3
-80,5, 1073,2
-74,4, 1072,9
-60,5, 1076,3
-21,8, 1077,8
86,0, 1110,9
69,5, 1103,3
50,1, 1091,4
118,8, 1116,0
151,4, 1123,9
158,3, 1124,8
146,4, 1129,2
161,4, 1130,3
196,5, 1133,4
229,2, 1128,9
236,3, 1125,2
207,1, 1122,3
193,1, 1119,9
180,7, 1111,6
195,9, 1091,4
215,9, 1093,7
230,2, 1092,6
302,7, 1007,9
272,0, 1086,7
313,2, 995,5
300,7, 1008,0
289,5, 1029,0
231,1, 1081,0
220,9, 1112,1
216,4, 1114,8
166,4, 1111,3
186,1, 1111,7
173,3, 1109,7
191,9, 1111,7
213,1, 1113,2
170,9, 1106,2
210,5, 1103,5
209,3, 1101,6
194,7, 1097,1
193,9, 1069,8
122,6, 1008,1
124,4, 1007,9
114,9, 990,1
151,3, 987,6
130,1, 975,9
73,2, 957,5
98,7, 953,2
16,9, 941,2
28,8, 943,0
19,0, 943,2
43,2, 931,4
-2,7, 936,9
25,6, 937,2
-5,3, 934,2
32,1, 935,1
4,0, 938,4
44,3, 935,1
3,2, 936,3
-7,4, 942,0
18,5, 941,9
-7,3, 938,2
36,6, 942,8
11,7, 940,0
-26,6, 934,9
14,1, 928,9
52,6, 920,6
6,3, 928,0
40,1, 923,7
-20,2, 931,8
-13,0, 932,8
45,8, 945,9
41,3, 938,0
65,9, 946,5
167,6, 973,0
165,8, 971,7
166,7, 973,0
185,1, 976,4
175,2, 978,9
177,6, 978,2
112,9, 977,9
108,5, 976,9
144,6, 980,2
140,7, 980,6
119,4, 976,5
159,2, 984,8
115,9, 998,9
144,4, 996,2
183,9, 873,5
193,0, 831,2
191,6, 757,3
223,1, 708,9
222,1, 564,2
155,5, 540,1
156,7, 536,6
164,5, 529,2
190,6, 540,9
180,6, 545,7
243,5, 574,6
312,7, 609,8
373,3, 650,1
389,3, 715,9
415,0, 727,6
393,2, 732,4
412,0, 733,6
424,2, 730,6
387,3, 725,9
417,5, 761,2
373,6, 748,2
401,0, 757,1
394,9, 743,3
343,7, 683,0
320,8, 663,4
314,0, 659,7
253,6, 574,8
255,8, 581,8
251,5, 577,3
237,8, 549,8
248,3, 539,9
270,7, 523,1
287,7, 493,7
297,1, 455,5
331,5, 472,0
322,9, 475,6
371,9, 522,8
372,4, 523,1
364,7, 521,1
409,7, 511,8
425,9, 475,6
395,0, 461,0
390,5, 452,9
394,7, 451,6
359,0, 435,2
287,2, 420,1
14,7, 445,4
18,9, 483,7
84,8, 489,3
49,3, 560,2
66,9, 577,9
145,3, 672,2
181,7, 812,6
164,0, 818,4
260,0, 821,6
161,0, 823,2
233,1, 830,0
299,0, 834,2
340,0, 769,9
411,2, 760,1
380,9, 734,3
425,3, 741,4
411,3, 729,0
445,6, 736,6
437,6, 724,8
429,5, 716,1
459,1, 693,1
430,3, 668,5
431,0, 643,4
410,1, 622,0
381,1, 589,8
322,1, 568,4
197,5, 554,9
104,4, 533,2
126,0, 535,4
75,4, 508,8
-17,4, 468,8
43,9, 484,1
-21,0, 471,2
-16,5, 472,2
57,6, 494,1
5,7, 476,0
68,9, 498,8
74,5, 505,8
152,3, 532,8
110,4, 521,8
60,0, 494,7
-51,8, 393,6
40,5, 434,0
105,6, 432,3
50,1, 398,0
144,2, 428,0
202,3, 451,5
216,2, 455,8
237,1, 467,3
276,5, 536,3
283,4, 538,9
291,6, 521,8
294,9, 511,0
300,8, 494,7
308,5, 464,6
307,9, 430,1
302,8, 423,0
246,5, 377,4
257,0, 380,4
126,4, 351,6
72,5, 315,8
-40,6, 249,0
-65,6, 243,9
44,5, 316,8
4,3, 288,9
56,3, 317,3
-43,2, 248,9
131,7, 294,5
162,4, 262,1
142,9, 248,2
138,8, 244,2
139,3, 240,6
113,6, 230,4
103,4, 227,9
113,8, 224,6
87,2, 193,5
89,4, 173,9
87,2, 171,8
71,8, 167,6
72,5, 159,4
74,4, 160,0
67,4, 162,0
68,9, 167,5
67,9, 163,4
64,5, 163,6
67,3, 163,6
70,4, 173,6
70,9, 173,0
59,8, 155,9
67,5, 136,1
41,5, 112,6
52,9, 135,2
54,3, 141,1
49,3, 157,3
-163,8, 50,7
-85,2, 93,2
-231,6, 30,1
-234,4, 30,3
151,1, 522,2
146,2, 615,7
186,9, 633,4
141,6, 623,4
160,2, 623,0
196,8, 624,1
177,5, 629,7
196,2, 670,0
311,7, 743,0
359,6, 787,1
482,2, 854,3
483,8, 851,7
524,6, 870,7
503,2, 860,0
460,9, 845,0
485,4, 855,0
480,6, 850,0
498,2, 863,4
471,7, 864,2
460,3, 868,9
460,8, 871,3
473,2, 871,1
459,6, 869,3
466,6, 863,1
459,1, 861,1
456,9, 861,2
461,9, 863,6
473,7, 871,1
470,0, 868,2
485,7, 875,0
496,5, 880,3
537,4, 879,0
532,2, 880,2
528,8, 881,0
535,9, 879,5
520,7, 881,3
518,1, 872,6
512,1, 872,1
501,0, 876,6
506,7, 865,7
500,8, 871,8
496,7, 875,4
508,2, 866,5
502,6, 870,7
512,6, 863,4
505,2, 868,8
505,9, 863,9
502,8, 855,1
503,0, 855,8
507,9, 873,0
522,0, 868,4
516,2, 872,3
507,7, 874,8
497,5, 878,8
494,2, 877,9
488,3, 871,5
488,4, 869,9
490,3, 870,1
499,8, 855,3
501,0, 854,5
493,6, 860,5
502,2, 855,8
502,4, 854,7
505,5, 850,0
498,7, 854,1
495,7, 859,1
479,4, 874,2
487,2, 866,9
261,9, 540,5
115,8, 378,1
232,9, 635,8
233,3, 654,7
211,2, 657,9
166,6, 989,4
-28,4, 417,1
-219,3, -163,6
-195,5, -151,2
-197,4, -149,0
-197,4, -149,0
-203,0, -158,7
-210,6, -177,5
-200,9, -164,3
-283,5, -218,2
-270,1, -229,5
-251,9, -228,0
-250,4, -228,0
-457,8, -231,2
-483,1, -264,9
-502,6, -277,9
-457,0, -253,8
-437,4, -243,5
-437,7, -243,6
-471,8, -276,4
-377,1, -248,8
-349,0, -254,3
-405,7, -249,0
-342,3, -180,9
-402,0, -247,8
-335,6, -188,9
-331,5, -165,5
-325,4, -161,2
-324,1, -167,8
-347,5, -203,3
-337,2, -200,5
-352,6, -197,4
-385,2, -212,2
-366,3, -215,2
-311,4, -163,0
-287,3, -140,1
-287,3, -140,1
28,6, 264,1
-185,8, 147,2
-210,3, 130,2
-126,6, 224,3
-89,5, 244,7
16,1, 297,4
116,6, 385,8
136,9, 397,4
174,2, 436,7
241,9, 478,6
315,0, 612,9
326,0, 721,4
329,1, 833,2
334,7, 1093,5
327,5, 1108,9
321,6, 1134,8
340,1, 1140,4
417,5, 1137,3
400,9, 1139,4
397,3, 1135,3
362,8, 1090,2
312,4, 990,0
192,8, 816,7
157,4, 765,7
56,2, 643,3
105,9, 649,0
98,3, 684,5
132,3, 684,6
163,0, 708,6
159,1, 724,3
179,6, 723,5
154,1, 730,9
177,7, 729,7
194,1, 773,0
182,9, 1163,0
186,0, 1146,5
228,3, 1180,5
227,2, 1230,5
226,4, 1231,2
256,8, 1216,9
271,9, 1197,1
254,4, 1202,9
258,3, 979,7
254,0, 1008,6
242,1, 1023,7
249,7, 1027,7
247,3, 1048,7
239,4, 1123,4
208,2, 1197,8
202,1, 1218,9
236,7, 1088,6
232,6, 1229,1
245,8, 1226,4
265,7, 1172,1
272,4, 1116,6
265,7, 1193,3
281,8, 1049,3
274,3, 1060,3
273,0, 1088,0
246,1, 1182,8
241,9, 1218,4
214,5, 1255,1
230,4, 1250,3
241,8, 1246,2
215,5, 1258,7
221,5, 1255,6
227,9, 1251,1
218,4, 1253,5
224,3, 1249,1
217,3, 1240,4
230,6, 1237,7
233,3, 1236,7
222,3, 1252,3
224,4, 1236,5
216,3, 1217,8
213,1, 1227,5
194,5, 1109,4
177,7, 1034,9
177,8, 1031,2
168,4, 984,8
119,5, 959,8
122,4, 957,5
149,4, 941,1
125,3, 946,0
112,2, 947,3
132,6, 938,5
222,4, 866,3
158,9, 909,3
111,9, 942,4
112,8, 940,7
94,5, 925,1
102,8, 910,9
33,8, 881,2
36,7, 875,0
19,3, 862,1
20,4, 829,2
-10,7, 814,3
7,2, 811,0
83,0, 861,3
65,8, 829,0
159,1, 866,0
535,8, 1054,3
579,3, 1058,5
599,8, 1065,1
630,8, 1070,5
722,7, 1073,0
694,0, 1072,2
754,9, 1067,2
639,1, 1065,6
569,8, 1054,4
522,6, 1033,7
568,0, 1002,7
578,8, 946,6
489,2, 890,9
457,6, 868,6
420,5, 831,9
365,4, 799,3
314,5, 767,0
282,6, 745,7
236,2, 718,0
212,8, 708,7
208,4, 715,4
258,0, 777,7
323,3, 855,1
317,2, 848,0
316,2, 844,3
391,1, 916,6
353,4, 888,8
388,0, 917,5
414,3, 926,5
409,0, 922,1
407,0, 920,9
407,5, 920,5
314,0, 918,9
396,9, 912,4
399,0, 909,7
393,7, 905,8
387,1, 904,3
371,4, 904,4
343,4, 907,1
357,2, 907,3
201,6, 908,9
86,4, 910,8
9,0, 912,7
106,6, 913,7
119,6, 913,5
-9,5, 913,5
71,8, 910,6
15,5, 912,1
155,3, 911,7
183,1, 912,1
408,9, 906,8
153,8, 910,5
152,7, 917,5
261,9, 924,1
51,7, 925,5
69,1, 923,3
118,8, 922,9
6,7, 922,2
140,2, 919,8
375,1, 916,2
395,8, 916,0
402,9, 914,3
395,8, 911,5
384,8, 908,1
383,4, 906,2
418,1, 895,7
533,9, 900,4
569,0, 895,8
656,2, 894,0
689,1, 898,4
705,2, 898,0
735,9, 866,4
720,7, 843,5
705,6, 824,1
686,3, 806,1
598,2, 738,7
579,4, 728,9
557,3, 690,2
604,9, 690,5
738,0, 677,9
770,0, 669,5
815,0, 664,4
1090,4, 619,1
1144,7, 619,2
1192,7, 597,9
1210,0, 597,9
1222,6, 599,7
1225,1, 598,1
1243,5, 591,5
1275,2, 583,9
1284,0, 579,3
1286,9, 577,1
1247,2, 567,7
1078,1, 563,3
1017,5, 565,4
610,0, 568,6
26,8, 572,3
66,1, 614,0
86,1, 632,3
105,0, 684,0
108,8, 676,5
122,1, 693,2
110,9, 703,3
123,8, 693,7
120,6, 705,1
131,5, 697,9
117,1, 690,9
126,1, 684,6
113,4, 688,8
129,4, 682,8
140,0, 650,7
72,0, 568,9
50,4, 442,7
64,0, 276,5
18,8, 236,2
31,8, 130,4
-85,4, 149,7
13,4, 129,7
-59,1, 96,3
-45,5, 159,1
-119,2, 119,9
6,0, 204,3
157,3, 303,5
182,5, 317,5
183,7, 299,9
192,4, 269,7
192,4, 263,2
190,7, 265,0
195,4, 258,7
163,9, 226,9
154,1, 218,2
150,7, 217,5
141,8, 223,1
144,7, 217,7
121,2, 197,0
102,7, 187,1
49,7, 151,3
127,2, 187,5
151,5, 199,8
127,9, 188,2
146,9, 194,6
135,4, 188,9
133,2, 173,3
174,8, 162,1
176,7, 161,2
-124,2, 94,8
-123,7, 85,4
-106,3, 103,7
-107,6, 102,6
-126,7, 84,1
-141,6, 68,9
-133,3, 74,9
-131,8, 113,7
-159,1, 113,6
-144,7, 100,1
-157,3, 94,0
-161,1, 108,9
-128,6, 118,4
-127,2, 106,6
-137,8, 102,9
-139,8, 103,9
-6,1, 158,8
-12,5, 163,2
-6,7, 169,8
14,1, 236,6
-25,9, 210,6
-160,1, 132,7
-196,9, 114,3
-203,5, 111,6
152,2, 155,6
376,3, 192,1
710,7, 254,7
845,3, 274,9
1332,9, 317,4
1131,5, 298,7
1833,4, 288,3
1907,0, 272,8
1983,1, 263,5
2135,5, 244,3
2206,5, 238,8
2220,8, 222,8
2234,6, 217,4
2247,6, 210,4
2292,6, 196,1
2335,9, 235,0
2348,3, 226,5
2353,2, 224,6
2364,3, 215,7
2389,9, 195,7
2399,8, 183,9
2410,5, 157,7
2403,0, 140,6
2401,8, 140,3
2396,0, 127,9
2400,7, 130,4
2398,1, 132,6
2400,2, 170,9
2376,3, 219,2
2366,0, 249,5
2375,1, 234,3
2378,3, 232,2
2386,6, 219,6
2386,2, 236,1
2378,0, 242,4
2375,3, 244,4
2152,7, 237,3
2029,4, 223,9
1854,3, 242,7
1781,8, 256,6
1612,4, 273,5
1600,2, 275,2
1361,9, 314,8
1361,7, 315,4
1339,3, 321,5
1336,1, 321,6
1259,0, 310,4
1225,7, 306,0
1198,9, 296,5
1160,0, 303,1
110,4, 53,2
103,1, 42,6
108,9, 66,4
176,0, 310,8
191,0, 378,6
191,0, 378,6
-81,7, 320,8
-203,5, 266,7
-202,9, 295,5
-238,9, 285,3
-223,3, 313,2
-220,7, 309,7
-157,9, 308,2
-47,7, 358,1
-27,8, 380,8
35,5, 448,6
50,6, 460,8
143,2, 562,9
225,5, 613,4
272,1, 663,8
545,4, 770,3
1215,0, 928,0
1376,3, 914,2
1420,5, 905,9
1454,6, 900,2
1622,8, 870,6
1690,7, 861,5
1717,2, 861,3
1756,1, 859,8
1758,7, 857,6
1759,1, 856,2
1759,5, 847,7
1761,9, 842,2
1765,1, 840,0
1759,8, 844,6
1757,2, 843,1
1767,6, 829,6
1763,3, 834,9
1764,0, 831,1
1762,8, 831,7
1765,1, 825,9
1764,1, 823,2
1763,0, 820,4
1756,5, 830,2
1765,8, 817,0
1769,0, 807,2
1766,8, 812,0
1757,6, 820,3
1757,3, 799,8
1698,9, 804,3
1065,1, 788,3
1211,4, 801,3
791,9, 749,2
328,4, 678,4
251,0, 667,7
171,0, 657,4
180,8, 701,6
209,4, 731,1
218,2, 741,1
226,1, 729,3
241,9, 747,3
249,9, 728,7
254,9, 736,9
188,2, 762,4
122,1, 731,3
71,4, 721,2
90,0, 728,2
11,9, 725,8
11,5, 731,7
106,2, 790,4
131,5, 812,3
164,0, 824,0
156,7, 832,8
161,4, 835,0
171,8, 825,8
172,0, 822,6
145,4, 824,2
120,6, 830,3
151,4, 830,5
160,2, 888,1
185,8, 897,2
191,4, 901,7
224,9, 904,3
227,1, 900,2
161,0, 874,5
170,2, 873,8
155,4, 869,4
126,3, 862,5
108,1, 855,0
106,9, 853,9
62,2, 854,4
66,7, 856,0
56,1, 848,2
86,2, 847,7
74,9, 841,3
106,3, 841,0
52,2, 828,6
81,7, 831,7
205,3, 822,9
330,0, 809,9
803,0, 819,9
978,9, 816,4
1063,4, 809,5
1150,1, 805,2
1570,5, 777,6
1574,6, 777,0
1821,4, 756,3
1825,5, 751,0
1842,4, 720,0
1844,6, 724,8
1850,4, 705,1
1851,6, 683,4
1846,1, 626,1
1844,5, 611,2
1850,5, 608,6
1852,5, 615,8
1855,0, 619,4
1855,9, 614,7
1850,3, 619,1
831,9, 617,6
531,2, 636,2
450,8, 629,2
443,5, 628,8
444,7, 630,3
483,8, 612,1
437,7, 631,8
400,1, 617,5
418,8, 635,1
438,9, 637,3
462,5, 647,1
503,6, 659,8
501,6, 655,8
491,5, 653,8
495,0, 657,1
489,0, 672,0
473,0, 667,0
476,3, 669,6
479,2, 669,1
474,7, 667,5
483,9, 669,7
497,3, 679,6
504,9, 682,5
503,2, 673,9
386,1, 610,4
282,2, 582,8
310,3, 608,0
325,9, 615,5
72,8, 380,6
73,9, 379,8
73,8, 380,7
73,8, 381,0
73,8, 381,0
80,8, 355,4
87,4, 362,2
121,7, 379,6
115,7, 383,6
254,8, 437,1
311,1, 456,8
279,8, 461,3
265,6, 463,8
267,1, 459,7
269,6, 453,4
269,0, 455,7
269,0, 456,1
269,3, 454,8
356,5, 538,3
417,6, 562,7
424,6, 583,3
415,8, 572,8
369,3, 577,1
369,6, 578,8
456,2, 641,6
490,9, 668,5
490,9, 668,5
485,5, 664,8
461,2, 651,4
491,1, 670,2
457,4, 640,9
422,1, 611,7
394,7, 591,8
373,3, 615,7
443,2, 668,0
461,5, 679,0
455,8, 678,2
370,4, 605,0
446,5, 664,8
435,2, 653,6
430,3, 648,7
430,3, 648,7
444,7, 660,8
431,3, 653,0
421,5, 657,1
390,6, 633,3
440,4, 662,7
459,2, 664,6
453,9, 668,0
448,7, 666,8
447,2, 666,9
448,9, 666,8
449,0, 666,8
480,4, 665,3
508,3, 671,6
509,3, 671,9
505,2, 665,7
495,1, 648,5
480,8, 623,8
453,8, 577,3
459,6, 574,9
340,7, 511,2
213,9, 439,7
190,7, 419,7
187,6, 414,8
113,2, 316,5
39,9, 295,9
13,5, 238,0
18,7, 258,4
22,2, 265,3
25,3, 255,9
18,9, 248,8
27,9, 251,6
48,6, 275,4
59,0, 280,1
119,1, 304,9
149,7, 294,1
391,3, 477,3
487,2, 579,0
1670,3, 2061,0
1670,3, 2061,0
1670,3, 2061,0
1700,6, 2069,5
2065,2, 2196,0
2206,9, 2359,8
2214,0, 2475,4
2228,8, 2506,6
2266,2, 2448,7
-39,3, 347,0
-177,6, 243,9
-177,6, 243,9
-170,5, 240,7
-168,8, 239,9
-164,0, 233,8
-139,3, 254,6
-159,2, 232,2
-153,4, 238,5
-96,3, 268,3
-100,7, 264,8
-65,8, 277,6
-66,9, 296,6
-72,6, 293,8
-74,9, 297,1
-28,8, 492,5
-23,1, 495,5
111,9, 741,0
159,1, 800,1
315,8, 968,7
330,6, 990,7
339,5, 999,7
327,8, 973,2
341,3, 994,5
359,7, 1005,3
380,8, 1018,9
375,4, 1030,4
378,3, 1017,8
379,0, 1016,9
374,0, 1005,0
436,2, 889,1
436,3, 893,9
487,3, 830,6
429,8, 905,8
403,5, 954,3
475,1, 875,7
445,7, 891,7
425,9, 859,3
328,3, 863,0
365,2, 828,5
219,3, 847,0
219,5, 856,1
180,9, 892,7
184,1, 975,4
196,7, 978,5
225,2, 988,8
211,7, 980,4
260,5, 1003,6
255,7, 993,3
229,5, 985,7
210,3, 1029,3
215,5, 1046,8
218,9, 1052,5
210,4, 1055,2
218,1, 1072,5
213,9, 1069,7
209,1, 1068,7
221,3, 1089,8
206,9, 1073,7
216,2, 998,8
198,6, 977,5
196,5, 970,0
182,5, 951,8
199,3, 968,4
186,5, 955,6
201,6, 975,9
183,0, 955,4
193,2, 970,8
173,2, 949,7
189,3, 927,6
168,3, 921,4
265,3, 877,7
193,7, 880,5
215,1, 864,0
279,5, 837,4
242,5, 865,6
248,7, 865,2
345,9, 849,8
321,1, 881,2
327,5, 991,5
316,8, 979,4
323,6, 991,5
320,0, 971,5
335,8, 985,5
324,9, 971,9
347,3, 937,5
497,1, 887,2
435,4, 900,7
469,0, 890,2
484,1, 893,7
473,9, 919,7
606,7, 927,9
581,7, 981,3
601,6, 995,5
607,7, 1025,9
618,1, 1007,9
619,2, 1007,8
608,8, 1037,7
620,9, 1012,6
639,3, 1001,4
663,7, 1002,9
648,6, 1002,2
649,2, 1004,4
616,1, 1025,9
602,1, 1011,5
582,0, 1002,2
484,8, 982,3
522,1, 979,0
371,8, 945,7
281,1, 904,2
281,1, 904,2
266,5, 913,1
269,0, 864,3
273,1, 880,8
287,5, 916,4
282,0, 889,7
256,2, 875,1
254,2, 858,3
266,1, 828,2
329,7, 851,1
424,6, 857,5
766,9, 873,4
1066,7, 910,9
1266,3, 938,3
1275,9, 942,3
1612,2, 987,7
1663,5, 984,5
1752,7, 940,8
1791,8, 935,3
1791,1, 908,9
1835,3, 823,0
1844,6, 812,6
1847,5, 804,3
1848,1, 802,0
1851,6, 774,5
1849,4, 777,5
1841,3, 788,0
1843,0, 788,7
1848,4, 796,0
1847,9, 798,9
1850,5, 802,7
1851,5, 800,8
1852,7, 798,2
1859,6, 792,3
1859,4, 790,7
1858,8, 793,0
1876,0, 787,6
1908,1, 788,5
2239,8, 938,0
2221,0, 932,3
2291,5, 976,0
2281,8, 974,0
2360,8, 1049,4
2420,1, 1108,3
2433,7, 1118,0
2458,5, 1096,7
2458,5, 1096,7
2462,0, 1086,6
2470,4, 1071,0
2464,4, 1080,7
2419,9, 1116,9
2361,9, 1104,4
2074,3, 1109,9
1955,5, 1134,0
1757,0, 1116,9
1614,3, 1122,5
1222,3, 1127,2
594,4, 1112,6
436,5, 1109,9
537,8, 1123,7
645,2, 1134,8
475,8, 1104,9
497,6, 1111,2
540,3, 1122,0
373,6, 1101,6
345,1, 1099,2
325,3, 1094,6
311,5, 1091,0
279,2, 1085,6
293,5, 1084,3
283,7, 1072,8
266,7, 1076,6
230,4, 1083,0
178,5, 1089,9
-76,9, 1130,4
7,5, 1123,8
-32,0, 1132,2
-3,9, 1132,3
7,3, 1147,5
16,2, 1145,6
28,0, 1146,1
49,2, 1157,6
98,1, 1166,8
142,6, 1172,5
131,3, 1177,1
143,2, 1178,4
176,7, 1180,6
201,5, 1182,0
220,7, 1177,7
233,7, 1155,5
266,2, 1078,8
266,3, 1070,3
253,3, 1112,0
186,4, 1288,0
184,5, 1294,4
160,2, 1357,6
129,7, 1370,9
155,9, 1365,3
136,6, 1360,6
180,1, 1331,5
176,7, 1336,5
184,0, 1332,2
187,6, 1331,2
153,0, 1351,6
157,3, 1346,4
155,2, 1347,6
148,8, 1350,4
148,3, 1350,7
138,1, 1352,7
149,7, 1343,3
148,1, 1345,9
165,6, 1341,3
157,3, 1342,5
154,7, 1341,1
137,8, 1357,3
135,8, 1359,9
126,8, 1369,3
132,0, 1367,2
152,8, 1361,3
139,7, 1365,4
159,6, 1353,9
168,7, 1349,1
147,3, 1360,8
134,0, 1369,4
151,6, 1360,0
165,1, 1356,1
170,0, 1358,7
134,0, 1373,5
143,2, 1372,7
170,0, 1365,2
126,2, 1378,3
140,7, 1380,9
145,3, 1394,0
138,9, 1400,5
125,3, 1413,7
115,8, 1458,5
145,7, 1459,8
130,0, 1476,8
136,7, 1480,6
136,7, 1475,6
139,5, 1476,1
98,2, 1496,9
99,0, 1497,7
95,0, 1499,4
112,3, 1494,4
120,3, 1493,8
101,5, 1491,9
131,5, 1474,7
161,4, 1457,3
143,3, 1456,5
148,1, 1449,3
152,9, 1442,5
155,8, 1434,6
162,0, 1403,2
157,9, 1407,4
164,7, 1397,2
130,5, 1406,7
145,8, 1401,2
133,8, 1406,4
118,3, 1418,1
108,0, 1404,8
103,8, 1416,1
105,1, 1403,3
107,4, 1411,2
135,6, 1397,8
139,2, 1390,8
143,0, 1393,3
96,2, 1396,3
102,1, 1384,4
72,7, 1390,2
87,1, 1383,9
49,3, 1390,5
37,8, 1348,6
17,7, 1355,4
16,1, 1352,9
12,9, 1353,5
17,7, 1353,2
-21,0, 1368,6
-13,2, 1363,4
-24,7, 1369,6
2,4, 1361,3
31,9, 1358,5
28,3, 1362,7
23,8, 1355,8
9,3, 1360,7
23,4, 1356,4
15,9, 1364,8
40,3, 1354,5
24,8, 1362,4
20,5, 1361,4
10,1, 1357,9
-24,1, 1365,1
-30,6, 1368,1
-23,6, 1374,1
21,1, 1370,8
24,4, 1374,5
-6,9, 1367,9
17,2, 1361,2
7,3, 1229,5
-26,6, 1138,4
-44,6, 1028,8
-21,0, 891,5
-28,2, 761,2
-22,0, 751,3
-67,8, 738,5
-34,3, 739,8
-68,2, 723,2
-24,3, 728,6
-15,5, 683,2
-34,0, 675,3
-19,9, 639,9
-68,0, 630,3
-35,9, 643,4
2,3, 651,2
57,4, 684,8
175,1, 723,3
214,9, 736,1
248,4, 752,1
321,3, 760,8
289,2, 767,9
321,5, 769,5
324,0, 769,7
312,3, 763,6
308,4, 758,8
319,3, 756,9
304,5, 739,2
329,0, 728,3
319,2, 696,2
346,3, 699,1
346,7, 688,9
291,7, 659,6
317,7, 654,7
356,8, 640,0
316,9, 637,8
351,0, 643,7
358,2, 640,6
371,2, 634,8
316,4, 616,7
336,0, 615,3
272,7, 587,9
306,1, 597,9
465,5, 632,3
600,7, 669,5
626,8, 673,0
701,9, 685,8
742,1, 691,0
753,8, 679,4
754,6, 651,5
798,7, 622,3
780,4, 606,8
775,0, 598,5
766,2, 585,1
765,5, 582,2
787,0, 580,9
782,0, 583,3
796,3, 591,7
797,6, 589,6
785,2, 571,9
800,4, 576,5
805,1, 572,8
805,6, 571,4
832,5, 585,0
822,7, 574,4
831,6, 582,0
836,9, 577,1
833,1, 564,6
838,5, 557,9
840,5, 560,3
918,1, 571,3
1147,4, 618,5
1255,0, 641,7
1306,0, 652,4
1355,5, 664,6
1372,0, 668,3
1387,5, 661,8
1389,9, 669,1
1389,3, 658,3
1383,5, 649,1
1379,8, 639,0
1375,1, 631,4
1372,1, 625,1
1377,2, 629,4
1373,6, 621,7
1379,1, 621,4
1385,8, 613,7
1392,5, 619,5
1390,7, 624,1
1382,2, 610,3
1382,3, 618,6
1386,3, 621,1
1389,3, 624,1
1391,4, 625,2
1393,6, 623,4
1392,9, 613,5
1394,4, 613,1
1394,3, 612,5
1399,1, 604,9
1399,1, 603,4
1389,8, 602,9
1389,1, 602,4
1391,6, 602,5
1428,8, 653,5
1559,6, 828,4
1583,2, 848,4
1629,0, 909,6
1624,6, 898,9
1622,1, 902,6
1638,1, 941,3
1639,1, 944,6
1641,4, 942,5
1641,7, 938,8
1638,6, 931,5
1637,6, 927,6
1640,8, 930,7
1643,7, 929,3
1645,9, 930,3
1645,5, 931,6
1646,3, 931,9
1647,8, 932,2
1650,5, 938,8
1649,8, 939,3
1638,8, 934,6
1601,4, 934,8
1557,3, 940,0
1340,7, 993,9
1291,7, 1008,0
1109,6, 1050,8
1110,2, 1072,1
1038,8, 1078,0
1038,3, 1078,8
1061,0, 1101,3
1054,5, 1101,0
1052,9, 1103,3
1048,4, 1110,2
1036,5, 1103,7
932,1, 1091,3
842,1, 1092,5
417,1, 1099,8
405,9, 1094,4
358,8, 1094,6
318,7, 1053,5
284,3, 1047,6
214,9, 1052,8
199,3, 995,8
139,9, 1018,5
82,0, 1079,9
78,6, 1081,1
79,2, 1089,2
106,5, 1031,0
168,3, 920,3
187,4, 992,3
213,8, 968,7
187,6, 1013,0
210,8, 1048,6
232,7, 1096,5
240,6, 1077,1
232,7, 880,6
214,1, 714,9
236,9, 848,2
579,2, 1154,6
604,3, 1182,2
706,0, 1205,1
778,0, 1231,7
796,5, 1260,3
767,2, 1278,9
782,4, 1274,0
754,1, 1300,7
775,8, 1308,0
741,8, 1305,9
754,3, 1324,9
744,0, 1321,4
720,5, 1303,3
696,0, 1268,2
693,7, 1267,1
701,5, 1271,7
702,1, 1264,6
705,4, 1261,2
698,7, 1251,4
670,9, 1205,1
616,6, 1200,6
595,9, 1196,7
581,2, 1109,3
538,7, 1066,2
493,6, 1051,1
461,3, 1009,8
401,1, 1020,2
380,1, 994,7
265,6, 1020,7
169,7, 1044,4
144,7, 1076,1
189,4, 1082,1
159,3, 1080,6
175,6, 1080,0
212,4, 1099,4
225,4, 1087,8
207,5, 1097,3
220,8, 1086,1
203,4, 1076,6
196,8, 1039,0
194,3, 1036,8
145,7, 1050,8
164,0, 1034,0
135,2, 1023,7
112,6, 993,4
101,6, 990,8
175,6, 937,3
324,0, 815,5
231,8, 863,1
246,2, 849,3
181,2, 891,1
108,4, 954,6
112,6, 961,8
125,1, 955,9
63,4, 1017,7
65,0, 987,8
93,5, 936,3
292,9, 909,7
417,9, 881,5
644,7, 852,6
883,7, 859,2
983,1, 861,4
997,7, 868,3
1011,4, 788,7
1040,4, 823,3
1004,2, 771,7
953,2, 698,5
948,8, 690,0
949,8, 690,0
915,8, 659,9
933,8, 674,8
1169,1, 589,7
1173,5, 588,8
1533,7, 489,8
1905,3, 375,7
1983,3, 349,2
2015,0, 337,3
2034,5, 328,5
2061,4, 313,0
2141,9, 265,8
2170,7, 237,6
2173,5, 237,3
2189,2, 225,8
2190,5, 226,7
2185,1, 239,1
2194,2, 239,0
2191,7, 251,8
2188,8, 257,5
2184,3, 270,2
2204,8, 235,4
2217,1, 214,2
2217,0, 204,8
2230,6, 184,4
2218,0, 199,0
2217,9, 198,1
2218,6, 194,5
2228,0, 184,0
2222,8, 185,4
2229,3, 180,1
2232,3, 179,1
2235,4, 182,4
2249,1, 171,5
2258,8, 169,0
2265,4, 168,2
2268,0, 164,4
2265,9, 148,6
2273,8, 144,0
2275,4, 141,5
2279,2, 144,0
2275,8, 129,2
2306,3, 125,7
2309,8, 120,0
2326,1, 115,4
2329,2, 102,0
2334,2, 100,1
2357,9, 67,2
2397,3, 48,3
2415,3, 30,5
2565,8, -15,5
2571,2, -9,6
2628,6, 34,3
2622,9, 46,3
2629,3, 45,1
2641,5, 46,6
2649,4, 59,3
2646,9, 59,9
2657,8, 54,9
2650,6, 62,7
2640,5, 75,1
2640,9, 71,4
2646,2, 67,1
2674,1, 32,1
2646,3, 55,1
2644,4, 86,3
2643,3, 96,3
2642,9, 99,6
2641,7, 87,2
2635,2, 103,3
2636,2, 109,8
2635,4, 112,2
2629,0, 122,3
2627,9, 122,5
2578,6, 146,1
2545,7, 121,3
2401,2, 193,3
1996,0, 270,2
1552,6, 295,3
1050,3, 310,4
1088,3, 309,8
1063,6, 303,2
1042,9, 298,7
858,3, 276,4
838,4, 264,2
838,0, 263,6
827,0, 254,3
822,9, 249,2
849,6, 264,7
851,9, 262,6
824,7, 247,8
831,9, 249,9
711,5, 209,6
578,3, 194,5
341,4, 202,3
103,9, 260,5
101,0, 258,0
101,0, 258,0
44,2, 259,5
30,3, 261,9
39,2, 262,5
53,7, 276,2
45,0, 264,8
35,3, 247,2
21,0, 233,9
17,8, 217,0
5,3, 203,0
10,1, 196,3
25,6, 200,4
13,1, 211,6
3,1, 193,1
-1,9, 197,0
7,0, 192,0
-6,1, 226,8
-13,6, 211,9
-20,1, 203,9
-23,0, 200,4
-16,0, 207,7
-4,3, 208,0
234,6, 303,4
158,6, 307,4
45,7, 289,3
42,6, 284,6
50,1, 290,7
31,6, 277,6
42,0, 287,3
51,2, 295,8
753,1, 549,5
959,1, 604,5
1047,0, 638,4
1043,5, 639,3
1095,4, 663,8
1123,9, 675,6
1130,7, 678,0
1243,5, 717,7
1245,9, 717,7
1246,1, 704,1
1234,2, 652,1
1221,0, 654,5
1274,6, 735,5
1386,9, 980,9
1426,1, 1067,2
1454,4, 1130,9
1574,6, 1439,3
1621,4, 1535,6
1659,6, 1652,3
1686,1, 1703,1
1784,8, 1887,0
1884,3, 1993,6
2083,4, 2282,2
2130,6, 2351,7
2185,6, 2468,1
2235,3, 2506,9
2259,6, 2540,3
2278,5, 2564,2
2285,1, 2560,9
2278,0, 2557,8
2266,5, 2547,9
2260,8, 2522,4
2251,8, 2517,1
2261,6, 2521,2
2289,8, 2538,0
2284,5, 2532,3
2294,3, 2535,3
2293,4, 2516,8
209,2, 407,0
182,3, 371,0
239,3, 395,2
216,3, 388,0
216,7, 388,9
202,3, 383,4
203,7, 370,4
228,5, 369,2
239,2, 368,9
247,9, 371,9
270,7, 382,4
303,4, 406,5
337,6, 431,3
360,3, 446,9
402,4, 471,1
489,1, 539,9
495,7, 544,3
504,3, 534,9
521,0, 562,5
521,2, 557,5
527,5, 549,1
483,0, 627,7
418,6, 709,9
368,3, 736,9
351,9, 752,7
292,0, 792,6
266,1, 810,7
295,4, 884,4
301,3, 907,2
288,0, 895,0
253,1, 864,0
250,1, 864,1
257,3, 868,8
259,0, 870,6
298,8, 913,3
326,3, 927,0
320,4, 917,3
318,8, 908,5
295,9, 894,1
306,4, 921,4
311,7, 909,2
312,7, 913,1
309,4, 904,3
300,7, 865,3
302,2, 872,8
299,9, 876,1
309,1, 900,7
306,6, 888,4
310,6, 884,8
303,3, 883,0
277,4, 857,2
271,7, 865,1
291,2, 869,8
288,7, 867,3
271,6, 875,9
271,9, 876,3
271,6, 878,0
274,7, 873,0
277,4, 866,0
277,4, 846,6
263,6, 875,7
279,8, 877,4
265,9, 889,2
260,0, 872,3
264,1, 875,0
244,3, 891,8
239,7, 878,4
224,6, 880,5
227,1, 873,6
183,3, 866,8
176,2, 860,3
190,4, 816,6
149,2, 833,9
149,9, 817,8
136,5, 821,0
135,3, 813,7
76,3, 823,0
67,8, 815,3
57,9, 810,1
63,3, 812,8
57,7, 814,5
63,2, 801,5
62,4, 812,1
72,9, 811,3
76,1, 797,0
69,7, 817,8
79,3, 799,4
81,6, 811,7
82,3, 834,5
83,6, 816,8
63,9, 835,7
68,5, 817,4
68,2, 815,5
80,9, 802,9
91,5, 829,9
113,3, 832,1
113,9, 836,5
110,8, 821,7
99,7, 834,7
102,1, 819,5
96,1, 820,6
84,1, 832,4
87,8, 825,9
85,5, 835,1
93,6, 821,3
87,9, 823,8
79,7, 834,8
93,2, 822,3
95,7, 842,1
101,7, 826,0
97,1, 822,4
96,9, 819,8
152,4, 814,3
283,7, 824,1
600,7, 811,6
658,4, 809,4
708,0, 807,8
1195,5, 758,6
1342,9, 723,8
1358,4, 718,2
1629,1, 642,0
1771,4, 589,9
1803,2, 573,5
1796,6, 574,1
1920,5, 523,4
1928,8, 516,2
1930,1, 515,3
1936,5, 510,1
1938,7, 522,9
1937,7, 521,3
1904,2, 503,8
1907,8, 502,0
1841,1, 405,8
1692,0, 167,2
1659,4, 106,6
1654,5, 94,0
1639,7, 59,2
1637,7, 49,5
1636,0, 32,5
1635,2, 31,0
1627,7, 30,4
1630,3, 23,6
1624,5, 22,1
1621,8, 22,5
1627,4, 18,0
1633,0, 14,6
1634,4, 13,4
1640,7, 15,8
1648,4, 12,5
1658,1, 14,7
1665,5, 16,8
1676,1, 18,4
1676,7, 17,0
1685,4, 10,9
1772,9, 2,6
2243,8, -36,1
2402,9, 43,8
2425,8, 32,2
2431,7, 46,4
2422,1, 42,6
2422,0, 25,2
2422,4, 62,1
2423,3, 74,5
2438,8, 62,8
2459,5, 24,6
2484,0, 16,7
2485,6, 27,5
2489,4, 38,9
2487,3, 46,0
2485,1, 68,1
2481,9, 66,7
2485,2, 65,6
2478,9, 74,6
2451,0, 145,8
2448,7, 154,0
2416,4, 208,0
2424,6, 206,0
2437,2, 176,0
2385,3, 213,5
2404,3, 214,0
2381,7, 247,0
2258,3, 431,4
2158,8, 573,0
2103,3, 675,0
2086,2, 721,0
2083,6, 725,4
2073,6, 751,8
2091,7, 804,3
2201,8, 1317,7
2212,1, 1336,3
2229,8, 1438,5
2243,1, 1523,2
2255,5, 1717,0
2264,4, 1953,6
2264,4, 1968,5
2281,8, 2186,8
2292,6, 2291,2
2309,7, 2349,8
2325,3, 2426,8
2329,5, 2437,6
2331,3, 2437,4
2327,7, 2429,9
2316,9, 2402,3
2292,6, 2402,0
2292,0, 2407,3
2300,7, 2420,7
2304,1, 2448,7
2287,9, 2468,7
2292,4, 2476,7
2288,9, 2477,4
2281,0, 2478,0
2272,4, 2472,5
2262,5, 2461,8
2262,4, 2463,7
2262,6, 2464,7
2274,8, 2488,7
2277,3, 2492,9
2255,8, 2479,6
2234,2, 2465,5
2282,0, 2498,8
1581,3, 1741,8
1429,9, 1607,4
1144,5, 1380,0
-487,8, 201,5
-220,7, 465,8
-241,4, 450,5
-315,9, 316,2
-300,0, 332,8
-231,1, 388,7
-190,0, 412,5
-139,3, 418,8
-154,8, 419,3
-119,0, 425,8
-78,4, 436,4
-57,5, 449,3
-45,2, 410,6
-146,6, 295,0
64,9, 389,4
64,9, 389,4
49,0, 379,1
-139,2, 263,8
-149,2, 233,2
-94,8, 291,1
-33,9, 336,2
-12,6, 340,3
-8,4, 340,7
-28,3, 306,6
3,6, 342,8
7,0, 345,4
-9,1, 318,2
-9,7, 322,1
-21,6, 316,7
-47,9, 300,2
-43,4, 308,1
-48,3, 301,8
-90,5, 275,7
-104,2, 251,7
6,2, 345,5
184,2, 382,8
215,8, 380,1
156,5, 382,6
236,2, 385,0
255,5, 388,6
259,8, 383,0
325,1, 361,5
389,0, 325,4
537,6, 211,0
665,1, 114,0
838,5, 192,6
1005,1, 262,2
1082,9, 278,4
1193,3, 272,5
1241,7, 250,3
1227,1, 193,4
1204,1, 121,2
1218,1, 70,5
1211,7, 55,5
1219,0, 13,9
1206,2, 11,7
1213,9, 5,8
1220,4, 12,6
1213,2, 29,2
1212,7, 32,8
1214,2, 31,1
1216,1, 34,7
1243,1, 6,5
1241,0, 18,9
1246,3, 11,7
1259,7, 3,3
1263,9, 3,6
1261,3, 20,7
1361,2, 183,7
1380,9, 209,1
1395,2, 221,0
1415,8, 255,1
1426,6, 265,5
1443,9, 261,0
1447,0, 258,4
1459,0, 282,7
1459,8, 277,4
1460,5, 277,2
1459,7, 265,3
1462,5, 250,5
1464,0, 246,3
1466,8, 248,6
1472,4, 243,1
1474,8, 246,6
1475,6, 246,4
1476,5, 243,1
1479,3, 245,6
1481,3, 240,9
1492,2, 238,2
1496,3, 231,8
1495,3, 232,3
1494,6, 245,2
1490,3, 222,7
1483,4, 257,6
1488,1, 246,2
1494,8, 215,3
1500,0, 226,9
1501,4, 201,7
1500,2, 212,4
1498,7, 225,6
1488,7, 225,2
1455,5, 214,4
1405,1, 182,9
1102,5, 275,3
833,5, 352,2
718,5, 382,4
627,0, 408,5
444,0, 472,3
214,1, 523,6
171,7, 536,9
144,2, 539,2
111,2, 559,0
140,5, 576,6
165,5, 580,6
175,1, 582,6
168,0, 591,1
162,9, 588,4
175,0, 596,1
146,5, 575,2
142,0, 571,8
140,8, 573,3
101,5, 521,3
112,9, 554,6
111,5, 548,7
111,6, 552,5
78,4, 639,5
87,1, 637,3
25,3, 876,2
42,5, 914,8
46,3, 1017,5
48,4, 1065,4
57,6, 1124,9
68,5, 1177,9
226,7, 1247,8
156,6, 1248,7
151,7, 1251,4
190,8, 1246,8
221,5, 1239,0
259,4, 1245,6
251,0, 1245,6
212,2, 1248,9
215,3, 1247,7
220,5, 1246,7
224,9, 1253,0
233,1, 1251,0
222,2, 1246,9
222,8, 1246,3
202,7, 1246,0
177,6, 1247,6
185,2, 1247,0
177,5, 1247,1
190,1, 1246,7
194,9, 1205,0
165,2, 1059,0
114,5, 882,2
96,7, 807,0
85,0, 737,9
62,2, 629,8
55,8, 636,0
58,9, 634,3
73,8, 642,2
101,3, 661,4
159,5, 688,7
185,9, 713,4
189,5, 716,4
182,9, 713,7
151,6, 683,6
174,0, 701,7
224,5, 734,3
317,1, 784,6
350,5, 806,4
345,2, 803,3
397,2, 832,7
411,0, 843,8
410,3, 844,0
404,2, 841,4
411,9, 843,5
419,1, 846,1
432,0, 853,8
426,4, 848,2
426,3, 847,8
424,1, 849,4
391,6, 846,4
382,7, 857,7
314,9, 897,0
326,2, 897,0
312,3, 906,9
272,5, 947,8
286,7, 946,2
277,1, 953,5
310,0, 952,5
267,9, 938,4
269,3, 929,2
283,5, 898,4
203,6, 887,5
200,8, 863,0
175,9, 859,7
186,4, 836,8
34,1, 705,6
10,7, 677,9
69,1, 643,8
1,5, 613,7
16,2, 590,7
-2,1, 596,4
3,9, 601,6
35,0, 612,1
154,8, 623,5
108,9, 624,8
138,7, 632,0
135,9, 625,6
148,2, 628,0
215,2, 652,4
162,0, 651,8
214,6, 660,3
157,8, 639,4
215,2, 635,1
151,7, 589,8
208,0, 593,9
153,4, 564,8
240,3, 603,1
278,7, 624,1
273,3, 621,4
260,6, 609,2
173,9, 572,5
195,5, 579,2
284,6, 614,6
270,5, 612,9
186,3, 600,6
341,4, 925,6
346,4, 953,8
407,8, 1072,5
452,0, 1152,7
529,1, 1314,1
446,5, 1314,1
431,6, 1314,3
464,4, 1316,1
492,7, 1320,8
471,5, 1323,2
427,7, 1308,7
406,7, 1312,3
336,8, 1296,9
66,0, 1277,6
46,7, 1264,6
9,9, 1249,2
-4,2, 1246,8
2,7, 1242,4
-65,3, 1243,1
-61,6, 1243,8
-52,5, 1240,2
-10,0, 1235,5
37,6, 1236,8
79,2, 1248,8
108,2, 1255,2
120,9, 1258,5
122,0, 1271,0
144,1, 1265,2
111,6, 1282,5
101,3, 1295,3
124,2, 1287,0
176,8, 1270,7
149,8, 1278,6
142,2, 1282,2
156,1, 1279,1
122,8, 1290,9
124,2, 1290,3
123,4, 1292,0
152,0, 1284,4
160,4, 1280,3
137,9, 1277,5
157,4, 1271,3
138,7, 1278,3
162,0, 1270,8
165,4, 1271,7
172,5, 1147,0
176,6, 857,2
171,9, 762,5
61,7, 740,0
93,7, 735,3
110,6, 725,5
12,5, 705,8
32,9, 705,8
33,4, 712,9
38,2, 714,4
100,6, 747,7
203,3, 892,6
244,3, 974,8
276,9, 1017,2
292,7, 1101,7
346,2, 1146,7
352,1, 1204,8
380,0, 1200,8
335,2, 1214,1
336,0, 1215,2
385,4, 1198,7
384,4, 1198,9
344,9, 1205,8
358,6, 1202,2
339,0, 1204,0
351,4, 1201,9
335,3, 1203,9
337,2, 1203,2
350,5, 1195,6
286,9, 1205,0
316,6, 1200,0
293,8, 1198,9
258,1, 1194,9
285,2, 1177,4
216,7, 1178,5
220,3, 1172,1
218,3, 1168,7
231,6, 1157,8
193,9, 1154,2
210,5, 1143,1
150,0, 1103,1
104,7, 1060,4
38,5, 1027,3
33,9, 1015,4
-8,2, 981,3
-29,1, 986,5
-14,6, 1010,7
2,3, 1006,8
-42,6, 1019,0
-18,7, 1007,8
-29,0, 1008,3
-120,7, 1034,7
-85,9, 1016,2
20,9, 1006,1
27,0, 1010,6
25,3, 1019,3
26,2, 1019,8
56,4, 1018,7
1,0, 1029,2
30,8, 1025,2
7,1, 1030,2
36,2, 1022,5
12,6, 1036,5
37,4, 1036,0
54,5, 1113,4
64,8, 1195,6
70,6, 1184,9
58,0, 1197,3
69,2, 1187,2
49,9, 1188,7
33,9, 1195,9
55,5, 1177,9
20,6, 1188,5
31,3, 1184,1
8,1, 1179,8
30,0, 1177,2
9,3, 1177,9
25,4, 1165,6
35,0, 1065,2
40,2, 1062,8
60,5, 1000,6
122,8, 944,9
153,2, 892,5
129,6, 881,9
139,3, 859,9
134,8, 870,0
138,5, 875,7
156,2, 884,5
162,5, 889,6
193,3, 907,4
229,6, 926,7
231,8, 920,2
224,6, 922,8
246,8, 921,7
243,9, 923,5
260,3, 921,9
247,2, 923,0
266,2, 912,4
260,8, 910,3
272,2, 905,7
231,0, 898,5
249,0, 897,6
238,3, 893,8
187,6, 886,5
188,3, 886,6
182,1, 875,1
205,6, 862,4
153,0, 834,3
89,8, 835,9
105,5, 835,9
8,2, 840,1
36,2, 843,7
29,6, 836,2
61,6, 841,8
19,9, 811,2
51,5, 808,3
35,1, 794,0
73,6, 805,7
8,9, 770,7
47,7, 772,3
16,2, 760,1
-11,6, 762,1
11,7, 762,7
-4,6, 754,0
37,5, 752,5
30,2, 753,3
7,9, 743,9
53,0, 737,3
57,0, 688,3
1,0, 689,8
19,5, 690,1
22,9, 688,8
-9,0, 683,4
-0,1, 681,0
-2,9, 678,1
-8,2, 677,2
10,2, 684,8
62,3, 727,7
116,5, 746,5
153,3, 765,3
124,7, 758,2
89,0, 701,5
96,9, 702,2
116,7, 698,5
138,6, 704,8
248,0, 766,4
155,1, 756,2
207,7, 800,3
69,9, 792,8
25,9, 797,1
56,7, 804,3
22,8, 804,7
227,5, 845,1
106,3, 825,3
212,0, 844,1
109,1, 825,2
290,4, 856,6
161,9, 833,0
323,9, 866,3
119,8, 838,2
305,0, 879,7
100,1, 845,1
304,8, 896,0
203,5, 861,6
117,7, 837,3
199,1, 829,3
192,6, 824,9
92,7, 796,8
66,2, 789,3
76,4, 784,3
59,2, 794,0
76,5, 792,6
112,4, 807,1
161,8, 846,0
168,2, 852,9
219,3, 866,6
208,9, 877,1
258,7, 881,4
345,0, 846,8
414,4, 757,0
391,1, 802,9
396,0, 798,0
377,2, 828,2
395,9, 781,2
359,1, 815,1
288,1, 800,2
274,9, 800,0
367,7, 819,8
401,9, 821,4
893,7, 835,5
912,0, 830,5
916,8, 830,8
899,9, 817,2
870,2, 796,4
860,1, 781,4
859,2, 780,0
481,8, 871,1
335,0, 916,1
329,4, 916,3
323,3, 907,6
262,8, 872,1
285,6, 870,5
258,6, 865,0
173,0, 837,7
136,7, 830,9
104,4, 818,1
74,4, 812,7
92,1, 804,0
42,0, 798,0
137,3, 859,8
157,9, 855,3
185,1, 839,8
166,0, 857,3
174,2, 850,1
174,5, 852,8
156,4, 877,7
172,1, 859,4
160,1, 869,4
190,9, 867,3
192,3, 878,6
217,7, 873,3
183,1, 882,4
202,9, 878,2
180,2, 886,0
210,0, 881,2
191,0, 885,8
216,2, 874,3
207,1, 871,3
175,0, 769,7
176,2, 697,7
141,5, 637,0
161,2, 636,4
126,7, 637,7
78,8, 650,7
139,2, 665,2
257,9, 976,1
254,3, 1025,9
273,4, 1059,7
283,9, 1100,0
185,1, 1213,6
197,6, 1196,5
247,1, 1236,9
238,4, 1232,8
221,8, 1227,6
236,3, 1230,1
244,4, 1231,6
238,7, 1223,4
241,2, 1224,5
242,4, 1225,3
239,9, 1225,3
234,3, 1222,0
234,6, 1221,6
246,6, 1208,5
238,7, 1216,1
238,9, 1217,1
226,8, 1232,4
226,5, 1234,7
229,5, 1230,8
237,7, 1230,2
208,5, 1175,1
171,3, 1095,4
91,8, 946,1
126,5, 885,6
114,3, 881,4
138,1, 882,7
98,5, 888,8
131,0, 898,1
124,3, 995,0
145,9, 1116,7
159,3, 1151,1
133,5, 1180,1
125,1, 1188,9
154,2, 1198,0
275,3, 1234,6
341,5, 1251,3
325,2, 1254,4
350,1, 1256,3
319,2, 1255,6
323,0, 1222,9
314,8, 1165,3
306,6, 1205,1
289,0, 1037,8
250,1, 1223,4
260,2, 1040,5
250,8, 1076,3
250,9, 1106,9
242,4, 1177,0
239,7, 1249,8
236,9, 1247,7
186,0, 1261,7
198,8, 1262,1
209,2, 1259,2
217,3, 1257,8
212,5, 1260,3
175,6, 1269,3
187,4, 1266,6
198,9, 1263,4
173,7, 1266,3
185,7, 1264,8
187,0, 1264,7
205,0, 1261,3
193,3, 1264,7
180,6, 1269,5
173,2, 1272,5
153,5, 1275,8
164,1, 1271,4
149,7, 1273,8
178,0, 1153,9
183,1, 1142,6
195,3, 1085,7
157,9, 1011,4
163,1, 1015,4
150,7, 985,8
145,6, 981,5
168,3, 977,9
170,4, 991,8
170,9, 989,7
207,2, 1018,9
234,7, 1025,2
244,2, 1032,7
254,6, 1032,9
277,3, 1024,7
247,5, 1025,8
248,0, 1022,1
233,6, 1021,6
250,1, 1015,8
222,5, 1013,8
203,1, 1011,8
205,3, 992,4
166,2, 988,6
172,0, 985,9
138,2, 964,7
145,6, 962,6
139,3, 960,3
153,0, 953,3
104,1, 938,2
115,0, 927,5
91,0, 918,5
104,2, 907,8
77,1, 902,4
36,3, 893,6
51,4, 889,3
47,0, 885,0
83,6, 874,2
84,8, 868,2
69,5, 864,1
99,4, 872,1
126,6, 948,3
129,7, 1050,6
151,9, 1144,2
150,4, 1178,0
151,1, 1193,5
155,8, 1238,2
155,3, 1231,9
129,0, 1218,7
118,6, 1226,1
123,9, 1225,5
189,5, 1221,3
195,3, 1219,3
178,7, 1164,7
184,3, 1148,1
118,0, 1038,0
124,5, 1026,4
114,7, 1006,3
138,1, 1002,6
135,0, 1000,8
104,8, 1002,6
131,3, 992,5
101,7, 994,6
120,8, 990,7
104,6, 992,4
117,7, 991,6
83,7, 989,9
96,3, 986,2
67,5, 987,6
94,2, 985,6
109,7, 980,0
133,0, 973,6
276,8, 943,9
387,7, 922,4
354,7, 926,3
448,6, 912,7
756,8, 868,7
767,0, 864,1
804,3, 856,9
798,6, 854,5
780,1, 850,1
775,5, 847,2
638,9, 833,1
660,6, 835,1
402,6, 803,6
246,5, 779,0
224,4, 758,5
186,3, 752,6
178,5, 741,8
138,9, 705,1
121,4, 714,8
123,1, 719,1
132,3, 737,9
139,1, 740,9
214,0, 788,4
190,9, 918,4
186,1, 961,3
169,5, 1045,4
160,3, 1185,6
166,9, 1153,6
164,8, 1140,7
141,8, 1270,1
148,2, 1291,7
152,7, 1302,9
157,7, 1300,4
177,3, 1305,1
192,8, 1319,5
194,1, 1311,5
197,1, 1309,9
199,0, 1313,5
202,5, 1311,8
194,9, 1315,0
195,7, 1311,4
185,3, 1310,3
195,4, 1303,6
291,4, 1277,6
637,9, 1172,0
920,7, 1093,4
1213,1, 1021,6
1393,8, 980,9
1428,9, 974,0
1440,7, 971,6
1528,0, 944,7
1541,7, 937,3
1543,7, 917,4
1540,9, 907,9
1539,2, 876,3
1536,0, 865,4
1527,9, 863,0
1518,7, 870,1
1319,5, 851,7
1340,0, 842,7
1302,0, 818,7
467,1, 920,7
491,7, 918,3
201,5, 948,2
145,4, 956,4
92,9, 968,2
155,5, 964,4
137,0, 978,2
113,7, 982,1
78,3, 1005,1
80,8, 1005,9
86,6, 1018,6
103,4, 1036,3
107,9, 1037,5
127,3, 1035,0
153,8, 781,3
127,0, 824,8
90,6, 850,9
63,4, 826,9
-7,5, 895,7
33,4, 798,1
7,3, 816,4
-37,4, 897,1
-60,8, 928,8
-89,7, 945,8
-99,4, 945,0
-99,8, 939,1
-100,4, 931,6
-93,9, 937,2
-89,6, 926,0
-88,0, 917,5
-86,7, 901,4
-47,8, 899,3
-100,7, 819,7
-46,9, 681,5
-33,1, 661,1
3,9, 676,0
20,3, 683,2
-10,0, 705,6
1,6, 711,8
13,7, 716,4
30,0, 722,1
43,7, 738,0
89,1, 732,1
83,1, 740,9
107,5, 751,5
125,9, 776,7
178,6, 792,6
203,4, 812,8
241,6, 820,2
210,4, 827,4
257,7, 829,8
252,7, 826,4
180,6, 825,0
200,4, 824,9
176,7, 817,3
210,2, 816,9
185,6, 804,0
189,7, 788,1
177,7, 786,9
102,7, 724,3
99,1, 713,4
105,8, 745,0
110,1, 745,4
144,9, 759,0
190,8, 793,4
272,7, 821,0
363,4, 862,9
378,8, 867,8
328,6, 870,9
365,9, 871,6
359,8, 873,8
328,5, 881,7
346,2, 881,5
380,9, 864,2
401,1, 857,6
417,6, 853,2
377,8, 866,2
385,7, 867,6
406,1, 877,2
364,9, 881,4
352,9, 880,9
358,9, 879,5
319,7, 889,2
321,4, 885,0
340,2, 884,0
309,3, 886,6
336,0, 879,3
335,4, 883,3
336,6, 891,0
322,0, 880,7
305,2, 859,7
230,1, 800,2
214,5, 786,8
222,1, 795,2
185,9, 769,9
160,8, 794,4
170,3, 789,7
191,7, 807,0
214,7, 816,9
235,8, 826,9
401,3, 853,8
502,8, 850,4
592,6, 846,3
658,4, 841,0
733,4, 828,1
924,6, 782,8
1157,1, 725,8
1348,3, 673,4
1439,1, 647,9
1387,3, 664,6
1559,9, 602,8
1749,2, 531,5
1781,9, 513,9
1875,3, 479,6
1875,7, 479,1
1945,2, 451,3
1963,3, 437,2
1968,9, 429,5
1969,2, 429,4
1970,5, 426,2
1972,5, 426,2
1972,9, 421,2
1973,0, 417,2
1975,4, 416,6
1978,4, 414,2
1980,3, 411,8
1984,0, 407,3
1986,4, 405,4
1989,3, 406,8
1988,4, 406,5
1986,3, 405,0
1984,3, 403,9
1984,6, 403,6
1987,8, 406,1
1989,0, 408,4
1990,7, 410,8
1989,2, 414,1
1989,0, 413,2
1987,9, 410,8
1986,3, 410,6
1989,5, 406,9
1990,2, 405,7
1979,1, 404,8
1939,4, 405,1
1889,3, 420,8
1831,5, 442,2
1764,0, 464,6
1427,1, 585,0
1426,7, 583,9
1424,4, 582,1
1420,6, 580,0
1421,2, 578,6
1419,1, 576,2
1411,9, 573,1
1411,7, 572,8
1409,1, 567,0
1411,1, 556,8
1410,1, 558,3
1411,1, 562,9
1411,2, 565,1
1381,5, 564,2
1385,5, 565,6
834,1, 488,2
482,2, 418,8
479,0, 414,0
436,0, 402,6
339,7, 378,1
315,7, 359,2
181,5, 325,4
252,9, 336,7
278,1, 318,8
251,4, 319,6
205,0, 318,4
183,5, 316,7
-210,1, 16,0
-79,1, 126,5
125,9, 247,4
68,1, 213,4
143,4, 295,6
405,8, 667,7
415,8, 680,0
406,7, 671,2
416,3, 696,6
551,2, 911,3
545,5, 919,2
557,9, 921,9
546,3, 927,5
548,1, 926,4
570,6, 927,6
581,7, 917,8
584,3, 908,0
574,4, 910,8
537,3, 889,7
545,9, 896,1
183,2, 525,8
168,4, 513,6
211,8, 568,3
222,6, 590,5
149,0, 504,6
15,9, 375,9
-38,9, 307,2
-43,4, 299,3
-73,2, 281,0
-126,3, 247,2
-97,4, 267,8
117,5, 429,8
193,4, 496,5
286,2, 568,6
343,5, 613,3
460,0, 688,8
425,1, 673,0
462,2, 760,2
461,6, 710,5
397,9, 795,8
343,4, 813,0
350,0, 817,7
315,8, 816,4
337,0, 815,0
332,1, 816,3
360,8, 810,5
363,1, 805,5
317,8, 793,5
328,3, 788,7
348,2, 788,6
331,4, 817,1
336,0, 817,6
343,6, 818,1
385,4, 818,7
420,0, 821,8
432,1, 822,1
431,7, 823,8
431,8, 825,9
431,4, 825,9
430,5, 824,0
431,0, 824,2
431,0, 822,2
425,1, 820,6
428,9, 817,2
426,7, 817,3
421,2, 813,6
369,1, 827,0
365,5, 828,3
372,4, 826,7
353,4, 826,4
366,5, 822,3
350,9, 814,9
368,9, 812,4
368,9, 807,0
334,8, 812,4
345,7, 806,4
357,1, 801,0
324,0, 806,1
337,1, 803,9
348,7, 802,5
394,0, 797,3
416,9, 794,8
373,5, 799,8
385,8, 794,5
390,9, 784,8
332,9, 793,3
335,2, 790,7
341,5, 787,8
319,5, 790,8
341,7, 788,7
386,6, 783,9
389,1, 783,9
381,1, 782,7
376,1, 783,2
360,2, 781,9
372,5, 760,1
339,7, 760,7
338,7, 763,8
332,2, 762,0
337,9, 756,5
346,2, 753,9
328,9, 754,1
344,5, 743,9
348,1, 735,5
286,3, 751,6
291,4, 750,0
310,7, 745,3
275,9, 744,4
312,8, 734,0
266,6, 743,7
290,0, 745,0
318,9, 734,2
309,1, 736,3
312,8, 743,4
302,2, 766,8
313,8, 843,6
326,3, 911,7
331,6, 939,6
342,0, 942,4
344,6, 952,1
356,7, 984,3
351,4, 975,7
356,2, 987,2
362,3, 992,9
377,3, 1000,3
384,6, 976,7
376,5, 982,8
374,3, 977,0
359,5, 984,7
303,5, 953,8
269,1, 944,6
250,5, 938,8
216,2, 924,4
149,1, 870,1
116,8, 856,9
105,3, 869,7
90,5, 846,9
114,2, 892,9
111,5, 871,8
111,2, 874,7
113,8, 870,2
124,5, 880,1
124,1, 871,4
134,7, 874,6
147,8, 862,6
147,3, 875,4
145,4, 865,2
135,5, 860,1
114,6, 861,2
113,3, 851,3
97,1, 856,8
98,5, 843,4
91,1, 816,8
68,3, 824,6
63,6, 825,8
38,0, 812,8
71,5, 796,5
69,2, 781,6
143,3, 736,4
164,7, 719,6
193,6, 700,4
204,3, 690,7
204,5, 702,8
206,9, 696,0
196,8, 701,2
195,2, 699,5
185,2, 698,6
181,0, 703,1
189,4, 698,9
220,2, 678,6
217,8, 674,4
202,0, 662,8
221,4, 668,0
224,3, 667,7
247,8, 692,1
265,1, 704,1
249,6, 690,2
351,2, 748,8
443,9, 794,6
448,5, 797,0
455,3, 800,4
446,8, 795,9
463,1, 804,2
461,1, 803,4
461,4, 802,1
464,1, 802,8
470,6, 805,5
469,3, 806,8
466,5, 807,3
461,8, 804,2
446,8, 795,9
401,6, 903,3
453,3, 926,7
455,4, 930,6
431,5, 971,6
438,3, 962,3
434,3, 962,3
399,9, 975,9
402,8, 972,7
400,7, 970,7
396,2, 968,7
404,4, 949,8
397,1, 955,3
390,8, 953,5
380,3, 955,8
389,9, 939,5
379,9, 944,1
382,9, 928,0
366,6, 950,7
379,2, 940,3
392,2, 937,0
388,5, 954,1
401,7, 943,5
406,0, 941,8
377,7, 948,5
379,9, 943,1
381,2, 936,5
378,5, 919,4
365,1, 908,5
353,3, 925,8
351,1, 928,9
366,9, 922,1
353,3, 947,9
360,3, 941,5
358,1, 944,4
348,8, 954,9
361,0, 941,9
342,6, 947,5
341,4, 947,5
380,9, 923,4
391,9, 916,9
660,3, 773,2
690,7, 727,5
707,7, 707,8
677,3, 677,9
670,2, 655,9
656,9, 649,9
603,9, 602,9
355,6, 411,1
391,3, 440,3
327,6, 390,6
326,3, 404,1
224,0, 351,5
171,1, 330,9
104,6, 277,7
75,6, 294,9
192,0, 326,6
205,0, 331,9
215,2, 362,5
202,8, 384,5
228,3, 380,8
201,7, 396,3
229,0, 355,6
184,3, 410,0
171,4, 452,1
160,5, 472,2
151,8, 497,6
148,7, 506,8
155,8, 486,1
168,3, 437,1
223,5, 472,1
170,1, 489,4
213,0, 481,3
182,1, 500,4
171,1, 529,6
143,5, 529,3
179,3, 537,0
144,9, 529,7
201,3, 536,7
164,8, 532,4
212,5, 549,5
250,1, 571,5
219,7, 567,4
265,1, 557,0
260,3, 568,5
591,5, 718,6
646,0, 747,3
749,8, 801,7
928,5, 907,0
890,1, 884,0
1147,8, 1021,3
1159,4, 1023,0
1160,0, 1015,0
1141,1, 1002,2
1102,2, 992,8
1099,5, 991,7
483,9, 682,3
273,2, 591,3
224,4, 567,8
276,0, 593,8
292,6, 604,3
309,7, 620,2
341,7, 659,9
377,7, 678,5
359,1, 668,0
302,1, 663,5
297,6, 655,7
306,4, 647,9
320,2, 671,3
312,4, 679,0
286,8, 679,5
306,0, 679,4
268,3, 687,0
267,3, 684,7
158,0, 642,9
155,2, 642,7
158,0, 662,5
144,6, 694,5
149,0, 715,6
166,9, 700,2
250,1, 690,3
311,4, 733,1
341,2, 776,3
408,7, 878,4
428,1, 948,4
409,7, 989,6
445,4, 1053,8
420,5, 1063,7
429,6, 1085,8
423,8, 1113,8
369,6, 1108,9
378,9, 1106,8
392,1, 1099,4
358,7, 1101,3
367,2, 1097,8
344,7, 1091,6
366,6, 1081,1
363,8, 1076,6
374,2, 918,1
365,3, 932,3
351,6, 982,9
345,8, 869,7
330,8, 886,0
318,6, 904,7
250,2, 981,8
305,5, 824,2
250,8, 919,5
295,9, 848,2
250,3, 952,3
308,6, 833,2
296,4, 884,6
268,3, 993,3
301,4, 894,5
304,8, 904,1
266,3, 970,6
291,6, 1042,6
319,4, 905,3
365,3, 861,4
343,0, 949,7
346,7, 944,0
336,8, 997,1
336,9, 983,6
199,9, 1088,4
259,6, 1080,4
185,9, 1088,5
205,2, 1071,8
180,4, 1069,1
116,8, 1071,0
141,4, 1068,0
67,6, 1052,0
80,6, 1041,9
25,1, 1062,0
2,7, 1070,8
-56,0, 1040,2
-40,3, 1039,3
-50,0, 1027,1
-42,4, 1072,6
-20,9, 1075,1
-31,1, 1085,9
-12,9, 1084,3
-32,9, 1071,8
-2,7, 1087,6
27,4, 1086,5
21,3, 1091,4
76,4, 1091,5
72,3, 1088,9
29,5, 1076,3
55,4, 1074,0
32,5, 1065,3
60,9, 1058,9
93,3, 1028,8
177,2, 853,6
142,2, 912,6
148,5, 895,4
126,1, 929,5
123,6, 825,9
35,9, 681,6
6,6, 596,5
-87,8, 466,5
-57,7, 437,5
4,3, 346,6
-2,0, 371,7
21,9, 375,6
199,5, 281,6
213,0, 233,5
217,3, 198,4
176,8, 128,3
127,2, 92,4
122,6, 78,3
137,0, 102,1
134,1, 91,6
130,8, 140,1
111,1, 143,5
111,8, 144,1
106,8, 73,3
38,4, 135,5
42,6, 141,3
42,6, 141,3
-161,5, 25,8
-158,3, 30,0
-153,4, 31,9
-129,6, 39,6
-114,7, 117,9
-113,9, 129,3
71,7, 483,7
111,7, 671,5
143,3, 698,8
176,4, 748,9
191,9, 736,7
265,9, 840,8
309,7, 878,2
307,9, 873,5
339,9, 885,1
327,2, 889,9
346,1, 888,3
344,4, 888,1
327,5, 884,7
342,7, 878,9
321,4, 877,1
337,8, 874,3
313,4, 877,0
338,2, 872,5
320,2, 874,6
311,7, 880,6
296,5, 882,4
306,5, 882,8
270,7, 886,2
298,4, 886,0
303,4, 887,1
335,9, 876,0
307,7, 882,4
305,2, 863,0
272,0, 866,4
268,6, 868,6
194,4, 854,4
163,7, 816,8
111,2, 815,9
82,7, 805,4
74,4, 766,9
96,8, 806,3
119,7, 814,2
159,4, 832,4
188,7, 857,3
248,0, 877,2
263,8, 900,2
346,8, 919,1
313,0, 922,2
348,2, 921,6
317,7, 929,3
367,2, 933,6
326,1, 940,2
369,3, 945,0
346,5, 944,0
382,8, 867,6
399,2, 837,8
450,4, 803,7
511,3, 752,2
500,7, 682,2
513,5, 683,3
468,6, 633,2
463,8, 617,0
462,1, 614,1
437,4, 605,4
311,4, 552,9
344,2, 561,7
287,5, 638,8
190,7, 713,7
157,4, 749,1
185,9, 799,3
314,9, 935,0
265,0, 883,4
371,4, 1012,4
393,2, 1051,8
385,7, 1038,4
404,2, 1034,0
394,5, 1051,7
383,5, 1037,7
365,2, 1043,0
354,3, 1021,8
337,9, 1023,6
445,7, 884,7
560,7, 755,9
507,1, 778,6
509,9, 768,3
453,6, 796,7
378,0, 829,9
262,0, 878,2
294,7, 840,6
197,0, 714,7
-59,3, 686,7
53,5, 697,8
59,9, 674,7
-32,7, 657,0
-47,3, 643,7
-22,7, 626,7
140,5, 680,5
254,1, 717,8
388,7, 819,8
378,0, 805,8
394,5, 789,0
441,3, 849,6
450,0, 841,1
456,8, 855,2
448,2, 874,6
449,3, 852,9
415,2, 900,3
415,2, 895,0
418,6, 891,1
426,6, 870,1
419,5, 866,0
416,4, 852,0
380,5, 846,2
372,2, 825,7
343,5, 823,6
343,0, 807,1
307,0, 781,3
255,3, 758,4
255,7, 739,4
216,6, 743,9
217,7, 728,2
201,3, 725,5
183,6, 727,9
186,5, 711,3
161,8, 710,5
171,9, 692,7
174,1, 687,3
180,9, 664,6
179,1, 634,1
157,5, 584,8
155,2, 573,6
153,8, 561,7
149,0, 543,5
150,1, 541,9
150,0, 542,8
149,5, 543,6
160,1, 550,0
152,6, 587,1
163,0, 567,9
182,3, 520,2
177,5, 533,2
188,5, 521,2
182,0, 542,2
196,0, 544,6
210,0, 541,7
208,1, 577,9
212,0, 571,8
214,2, 563,1
211,2, 575,6
212,3, 563,4
213,4, 536,4
221,3, 541,9
237,6, 493,9
240,6, 491,5
249,1, 498,6
331,4, 510,8
319,6, 508,1
341,8, 460,2
251,4, 484,2
279,3, 479,9
221,2, 494,3
193,7, 501,8
203,6, 493,3
201,2, 477,1
177,6, 481,8
183,9, 472,6
163,2, 472,7
147,5, 424,4
142,5, 333,7
141,7, 332,7
142,3, 325,5
119,0, 338,6
91,0, 346,1
86,3, 333,1
69,6, 268,1
8,6, 240,0
76,4, 219,1
12,4, 247,8
63,8, 278,8
152,5, 319,2
191,0, 335,0
193,8, 327,7
174,7, 315,2
173,3, 312,9
146,0, 288,7
140,9, 283,2
136,8, 292,0
122,7, 281,2
122,3, 273,9
133,1, 276,1
134,3, 278,9
135,3, 283,8
123,5, 295,8
108,4, 303,3
92,0, 267,1
85,8, 235,0
84,1, 220,9
39,6, 178,5
-12,8, 131,2
-35,8, 107,6
-66,4, 122,2
-114,8, 149,8
-3,6, 280,3
-38,4, 322,5
-39,9, 377,4
-37,8, 394,6
-37,7, 394,6
4,9, 499,3
2,2, 523,2
32,8, 576,5
72,5, 597,7
133,6, 655,7
138,9, 656,5
170,9, 688,7
145,7, 690,5
54,0, 699,5
186,1, 724,6
249,9, 752,4
268,0, 768,9
175,1, 806,5
169,7, 811,5
310,6, 799,0
171,7, 826,7
190,1, 826,1
209,8, 825,3
170,2, 835,2
256,8, 831,3
368,9, 822,5
375,9, 822,3
381,5, 824,9
385,4, 824,4
385,9, 824,7
386,2, 824,5
385,1, 824,2
385,2, 824,8
151,8, 853,3
213,0, 847,6
301,0, 841,4
167,8, 861,9
211,9, 854,0
256,1, 846,5
183,5, 857,9
202,7, 854,3
279,0, 847,4
457,0, 1020,7
484,6, 1036,3
359,6, 1033,9
8,0, 1021,7
27,7, 1021,5
390,0, 1007,6
222,7, 902,0
128,3, 937,8
25,7, 873,3
-3,1, 858,8
9,4, 869,1
8,8, 865,4
41,3, 887,7
73,9, 886,3
103,0, 902,1
98,6, 899,3
120,6, 927,6
88,5, 901,6
93,8, 902,8
133,9, 949,0
117,7, 930,5
126,6, 945,6
100,7, 913,5
111,3, 920,2
131,9, 937,8
110,0, 906,1
122,2, 928,5
104,0, 900,1
36,6, 836,1
56,8, 852,0
55,5, 846,8
65,1, 859,2
54,2, 848,6
92,7, 874,7
67,7, 847,3
101,8, 866,7
101,2, 837,1
138,9, 889,1
238,8, 949,3
403,0, 951,9
439,8, 973,1
607,4, 1036,4
619,2, 1034,5
618,4, 1031,7
637,9, 1037,0
753,5, 1084,4
685,3, 1063,3
655,4, 1062,6
588,6, 1045,9
211,9, 943,3
226,7, 958,8
175,4, 934,7
148,5, 923,0
149,8, 943,2
124,1, 941,3
176,6, 982,3
199,7, 983,4
262,4, 988,6
267,9, 998,9
285,9, 998,9
291,5, 998,8
302,0, 999,2
300,9, 1006,4
284,0, 1003,2
294,3, 1016,4
308,8, 1021,2
314,7, 1016,8
317,9, 1034,8
305,2, 1022,0
305,3, 1029,8
300,7, 1038,0
289,4, 1023,3
290,6, 1025,1
276,7, 1025,0
238,8, 1044,8
227,7, 1075,3
231,6, 1080,0
232,0, 1084,0
246,8, 1102,0
269,6, 1109,7
306,5, 1131,2
480,0, 1109,9
821,1, 1083,9
1415,0, 1076,6
1325,4, 1077,3
1579,5, 1072,9
1623,4, 1064,1
1662,2, 1047,0
1688,3, 1045,9
1709,3, 1017,6
1706,1, 978,6
1714,0, 970,1
1711,2, 971,2
1707,7, 966,0
1713,4, 959,7
1712,5, 958,4
1713,0, 955,1
1691,2, 949,1
1690,1, 948,0
1700,5, 921,9
1701,0, 919,5
1694,4, 916,2
1695,1, 913,8
1698,4, 913,1
1700,0, 912,4
1707,1, 912,0
1706,2, 909,8
1709,1, 912,0
1712,3, 916,2
1712,5, 923,9
1712,8, 923,6
1712,2, 920,3
1709,3, 912,9
1709,0, 914,4
1706,4, 916,3
1706,8, 923,3
1540,9, 905,2
1329,3, 885,7
900,9, 879,2
1073,8, 879,9
1113,1, 878,1
953,7, 872,8
766,2, 867,0
630,3, 869,1
628,7, 874,4
628,2, 876,9
583,3, 876,5
408,4, 877,0
286,4, 878,1
215,3, 882,6
203,9, 931,9
157,0, 935,9
158,9, 948,4
197,3, 997,1
182,9, 966,9
220,4, 972,2
230,7, 983,9
213,7, 995,6
248,2, 1015,4
234,3, 1022,5
235,6, 1021,8
214,2, 1021,6
213,9, 1028,0
157,6, 1049,2
195,0, 1039,5
177,3, 1026,3
173,7, 1011,6
314,9, 826,3
257,7, 875,7
247,7, 883,6
290,4, 833,3
255,9, 865,3
271,2, 847,4
234,2, 880,7
219,9, 904,1
230,2, 892,7
234,6, 987,8
332,3, 989,1
468,7, 993,4
598,3, 1000,2
641,5, 1002,8
953,2, 1022,6
1049,1, 1032,2
1069,2, 1040,0
1090,4, 1043,5
1083,4, 1037,2
1049,8, 1028,8
1026,4, 1021,5
803,3, 1091,0
69,3, 1319,8
131,1, 1308,1
29,6, 1344,4
7,2, 1352,4
27,2, 1353,8
44,6, 1367,6
98,5, 1400,3
81,1, 1386,3
99,2, 1392,2
88,6, 1394,1
82,9, 1394,1
52,0, 1381,3
18,2, 1373,7
6,8, 1374,1
27,1, 1387,2
23,9, 1387,5
14,7, 1385,3
22,3, 1386,9
-6,0, 1381,6
-34,5, 1377,8
-36,9, 1359,9
6,5, 1371,9
23,1, 1371,2
7,4, 1376,2
6,6, 1372,9
2,9, 1371,7
-2,8, 1360,9
-25,8, 1363,9
-27,1, 1350,5
-44,2, 1357,3
-33,5, 1350,2
-39,1, 1354,7
-18,6, 1379,1
-3,0, 1357,1
165,7, 1360,3
715,4, 1377,1
741,5, 1378,2
730,0, 1378,1
883,0, 1384,1
930,0, 1385,9
1173,3, 1389,7
1188,3, 1389,1
1221,9, 1387,0
1395,8, 1379,0
1507,8, 1379,8
1446,4, 1379,1
1714,6, 1297,4
1808,3, 1325,4
1819,7, 1332,6
1925,5, 1278,1
1959,7, 1293,1
1943,5, 1279,8
1947,0, 1281,0
1984,1, 1305,5
2016,6, 1318,8
2008,7, 1346,4
2066,6, 1352,8
2147,8, 1362,7
2545,5, 1359,9
2644,7, 1357,3
2703,3, 1332,4
2776,5, 1315,1
2803,3, 1315,2
2965,8, 1289,9
3022,8, 1278,5
3055,4, 1271,4
3112,9, 1222,1
3086,6, 1239,7
3100,6, 1227,1
3088,2, 1214,3
3066,3, 1212,5
3066,3, 1212,0
3054,4, 1206,0
3033,2, 1216,4
3025,8, 1199,5
3017,5, 1211,3
3017,9, 1211,1
3019,1, 1210,3
2998,9, 1194,7
2992,8, 1207,6
2762,5, 1170,8
2411,4, 1101,5
384,2, 795,9
240,3, 724,1
239,1, 723,4
299,3, 756,4
298,8, 760,2
341,6, 811,6
336,5, 811,0
336,6, 807,2
387,2, 827,6
463,6, 866,2
601,6, 930,2
654,9, 937,6
716,7, 940,8
713,8, 941,3
705,5, 942,2
703,9, 942,0
707,5, 940,1
663,5, 941,0
660,0, 936,5
632,3, 924,5
622,7, 920,9
616,6, 912,5
612,4, 907,2
581,6, 906,2
503,6, 891,3
418,9, 874,3
364,1, 858,4
220,0, 815,2
236,3, 829,1
207,8, 819,7
173,9, 808,2
219,5, 846,1
208,8, 830,0
184,0, 813,0
214,8, 834,7
235,2, 845,6
245,3, 850,8
270,4, 858,3
283,1, 857,7
303,7, 866,2
270,0, 925,0
264,8, 945,0
353,0, 1037,5
498,9, 1105,6
478,8, 1111,4
453,6, 1102,3
424,4, 1097,1
302,4, 1058,5
311,3, 1031,5
319,5, 1047,9
311,7, 1037,3
261,2, 1004,2
265,2, 990,4
237,5, 990,9
250,2, 980,9
237,7, 961,3
198,7, 927,8
210,5, 925,9
282,8, 907,1
445,8, 872,3
729,1, 831,1
776,8, 825,1
919,6, 810,9
973,0, 807,7
1031,3, 801,7
1516,7, 754,5
1604,2, 738,2
1692,3, 644,2
1718,5, 629,5
1714,9, 624,9
1701,9, 649,6
1481,3, 631,2
1512,6, 619,3
1058,0, 647,4
772,4, 682,0
562,9, 699,5
357,0, 709,9
181,9, 721,2
-131,2, 750,1
-129,5, 753,8
-130,1, 753,5
-132,2, 753,1
-204,5, 707,6
-204,6, 702,0
-188,5, 688,8
-59,4, 591,3
66,6, 522,3
111,6, 493,4
100,7, 488,1
-19,2, 559,7
-177,1, 620,8
-247,9, 656,1
-302,8, 676,7
-300,2, 663,0
-300,8, 653,5
-288,4, 663,4
-298,6, 667,6
-274,1, 671,6
-250,1, 666,3
-149,3, 689,0
-135,6, 692,2
-54,6, 753,4
-65,2, 739,4
-5,6, 775,8
103,5, 841,8
116,8, 840,8
163,8, 859,2
222,4, 880,3
201,6, 880,4
256,9, 879,3
302,2, 871,0
399,8, 830,4
450,5, 818,4
538,3, 820,2
669,1, 798,0
899,5, 744,1
958,5, 741,4
1248,5, 693,2
1868,4, 674,7
1846,1, 661,7
2257,8, 659,5
2442,3, 665,5
2577,3, 663,1
2628,2, 656,5
2723,5, 625,0
2738,3, 634,1
2746,2, 602,5
2805,3, 608,0
2975,3, 518,2
3023,4, 499,9
3108,5, 445,2
3117,3, 438,5
3115,7, 437,6
3123,5, 454,0
3136,1, 461,9
3136,7, 463,3
3136,4, 461,5
3138,0, 443,7
3113,4, 421,2
3080,5, 448,5
3096,3, 473,4
3505,0, 313,0
3576,1, 275,7
3687,3, 202,2
3727,8, 175,6
3732,1, 190,1
3732,1, 190,2
3654,8, 202,7
3605,1, 231,5
3439,4, 333,0
3390,2, 365,5
3208,6, 494,6
3141,2, 546,8
3132,8, 499,2
3068,6, 485,1
3056,9, 456,5
3017,1, 385,9
3013,3, 351,3
3004,2, 353,4
3005,8, 352,7
2958,0, 360,5
1710,6, 592,2
1810,2, 733,0
674,4, 1273,9
188,0, 423,2
41,1, 336,4
142,9, 346,9
199,1, 345,5
217,0, 343,9
256,1, 360,1
217,6, 412,8
47,1, 302,0
85,8, 329,8
197,2, 406,2
221,0, 341,3
173,3, 354,3
147,4, 333,8
91,9, 351,5
120,9, 339,2
100,7, 331,9
144,9, 324,4
84,8, 309,1
126,3, 321,8
73,5, 311,9
95,6, 313,0
69,2, 343,2
143,2, 329,5
80,1, 354,9
79,1, 355,1
27,2, 423,1
134,2, 376,7
98,2, 386,7
131,5, 386,3
98,4, 398,6
112,5, 405,1
74,5, 404,6
47,0, 376,5
94,9, 427,3
171,3, 484,7
190,7, 503,9
179,3, 498,3
237,7, 408,1
790,8, 580,6
1123,1, 692,9
1139,8, 692,3
1306,9, 743,0
1407,2, 761,3
1414,8, 759,8
1421,9, 747,4
1453,0, 696,8
1461,4, 692,4
1467,0, 704,2
1462,1, 662,5
1461,6, 631,7
1460,5, 626,0
1463,5, 624,2
1462,1, 619,6
1432,8, 601,8
1368,8, 582,2
1378,2, 588,3
1332,6, 609,3
1299,4, 622,1
1298,1, 623,4
1283,8, 621,4
1282,9, 618,2
1288,1, 618,4
1306,2, 614,4
1363,4, 597,2
1480,9, 549,2
1506,1, 539,7
1623,6, 505,3
1771,1, 484,6
1980,6, 468,0
2080,5, 476,4
2123,7, 478,6
2145,7, 480,8
2154,4, 481,7
2161,7, 486,9
2163,4, 490,7
2159,8, 518,8
2180,4, 531,7
2263,5, 550,2
2678,2, 668,9
2670,7, 669,6
2691,6, 673,3
2732,7, 675,8
2716,6, 695,1
2696,7, 719,9
2700,6, 714,7
2737,5, 703,5
2726,9, 708,4
2729,8, 701,1
2746,1, 691,4
2581,1, 668,1
2491,7, 660,4
1839,7, 657,5
1056,5, 636,4
873,0, 620,7
855,4, 615,0
847,9, 610,6
804,4, 588,0
737,3, 569,3
732,4, 567,9
767,1, 577,9
771,1, 577,8
763,2, 577,7
776,2, 593,3
775,2, 595,2
769,9, 589,9
693,8, 596,8
326,7, 601,7
320,8, 598,4
190,5, 615,7
175,1, 620,4
137,2, 580,9
127,7, 589,8
131,6, 593,5
118,7, 564,2
123,4, 558,3
102,1, 613,0
85,9, 848,2
160,3, 977,0
163,6, 944,1
181,9, 933,3
181,3, 1016,4
214,1, 1019,3
209,0, 1017,0
185,1, 987,4
176,0, 980,4
157,5, 980,9
158,2, 977,6
149,5, 977,1
141,5, 972,8
134,1, 977,1
150,5, 976,2
143,2, 1005,8
157,3, 998,9
146,7, 1007,3
175,1, 1007,5
183,6, 998,0
184,3, 1004,3
216,4, 997,7
171,4, 1005,1
191,7, 1013,1
186,2, 1009,4
61,6, 974,7
63,4, 952,9
51,6, 945,3
49,8, 934,5
-3,3, 939,3
-16,7, 942,0
-4,1, 936,9
29,2, 926,1
24,1, 916,0
29,9, 916,6
31,9, 923,1
38,3, 925,9
45,8, 925,4
54,3, 927,1
132,0, 970,7
167,5, 980,2
243,1, 1006,9
337,5, 826,7
341,2, 852,3
337,0, 912,7
365,2, 827,9
359,5, 835,6
354,0, 857,2
263,2, 985,7
242,5, 1018,1
210,6, 1037,7
222,1, 1039,8
215,0, 1059,3
239,9, 1049,8
228,9, 1052,9
192,1, 1053,3
190,8, 1052,9
184,3, 1053,5
206,1, 1052,9
215,1, 1054,1
193,5, 1059,2
229,1, 1055,7
247,8, 1052,1
203,2, 1055,6
204,2, 1055,2
230,6, 1049,6
201,1, 1048,5
227,2, 1043,9
210,0, 1042,3
236,2, 1039,6
215,0, 1039,6
312,7, 907,2
405,0, 821,0
358,8, 853,9
365,0, 840,2
319,5, 871,4
309,7, 859,0
228,2, 901,7
151,7, 890,8
147,1, 889,0
106,6, 899,4
113,8, 905,0
46,2, 904,2
56,9, 897,3
30,2, 892,2
-26,7, 892,7
-14,6, 891,8
-25,9, 883,3
14,1, 872,2
1,5, 870,7
-29,3, 877,2
19,7, 876,0
-34,4, 881,8
-1,3, 876,1
187,8, 938,9
232,3, 960,3
690,2, 1183,8
731,6, 1199,7
841,1, 1247,3
880,1, 1257,5
909,0, 1264,4
956,4, 1278,3
958,4, 1278,9
951,2, 1275,5
920,6, 1266,8
908,2, 1262,0
897,6, 1253,7
898,0, 1254,4
1085,5, 1314,0
1423,0, 1432,2
1430,8, 1435,7
1451,8, 1445,5
1455,0, 1450,0
1474,9, 1459,7
1500,1, 1480,2
1501,0, 1481,1
1500,6, 1483,3
1501,1, 1484,7
1491,4, 1484,2
1504,9, 1482,3
1567,7, 1471,8
1594,0, 1467,6
1655,9, 1470,4
1656,1, 1464,3
1687,0, 1465,1
1710,6, 1444,0
1723,6, 1453,4
1723,0, 1452,1
1724,2, 1449,4
1732,8, 1445,9
1730,8, 1445,1
1729,1, 1442,8
1737,3, 1443,8
1737,5, 1443,2
1744,8, 1442,3
1742,9, 1444,0
1752,8, 1442,8
1747,5, 1439,5
1751,3, 1436,4
1759,5, 1442,6
1768,2, 1452,7
1772,3, 1455,6
1770,6, 1455,1
1746,6, 1445,1
1736,9, 1446,1
1754,3, 1456,9
1755,9, 1454,8
1764,9, 1457,9
1763,1, 1454,8
1755,2, 1444,3
1757,9, 1447,7
1755,5, 1444,2
1767,0, 1449,0
1783,2, 1453,8
1789,0, 1453,4
1758,3, 1441,7
1746,6, 1432,3
1743,9, 1438,8
1744,0, 1444,0
1734,6, 1437,2
1726,3, 1446,7
1071,6, 1059,6
1191,0, 1091,0
963,8, 1007,5
452,1, 820,2
358,3, 788,7
348,7, 795,4
266,0, 770,8
275,8, 773,4
298,2, 778,1
389,5, 816,1
384,3, 813,4
372,4, 811,2
370,4, 807,6
362,1, 803,9
334,4, 796,0
311,0, 786,6
293,6, 759,6
298,2, 759,1
298,4, 759,6
299,7, 759,4
300,4, 761,1
305,0, 759,9
303,7, 759,3
374,8, 789,7
385,0, 794,0
403,2, 804,4
432,6, 820,2
414,2, 811,8
418,6, 819,6
421,7, 828,2
310,5, 823,8
139,8, 824,2
158,6, 821,3
103,3, 807,3
66,8, 799,1
71,8, 815,1
70,2, 836,9
80,3, 840,6
146,5, 869,9
163,7, 875,0
289,8, 945,9
319,5, 930,7
328,7, 929,8
320,3, 951,7
340,8, 960,0
341,3, 959,7
343,6, 949,9
334,5, 956,3
342,7, 949,0
334,7, 952,4
350,7, 941,1
326,2, 957,0
340,4, 951,3
262,5, 954,7
244,1, 953,2
275,4, 950,5
270,8, 950,7
184,8, 928,1
207,8, 926,7
173,8, 923,4
188,3, 917,0
162,0, 904,6
124,7, 893,9
140,1, 885,8
78,2, 868,5
88,1, 866,2
87,2, 859,9
98,8, 843,8
65,9, 826,6
86,6, 815,5
64,5, 808,7
86,1, 794,4
63,3, 781,8
93,6, 775,1
81,9, 762,3
11,8, 747,5
30,3, 746,1
20,0, 737,5
61,5, 727,8
41,6, 721,0
3,1, 723,2
42,6, 724,4
-0,8, 724,4
39,8, 721,9
42,4, 719,6
88,3, 720,2
56,6, 722,2
105,8, 722,0
98,4, 707,2
50,2, 727,6
71,2, 716,7
68,1, 722,1
84,0, 736,3
99,9, 734,6
163,1, 757,9
197,9, 775,5
361,7, 889,2
348,1, 961,3
360,9, 971,7
382,0, 980,7
338,3, 998,7
334,6, 998,3
346,4, 995,6
302,8, 1007,2
327,7, 1000,6
303,8, 1043,8
328,9, 1035,3
336,7, 1038,3
360,0, 1030,0
321,9, 1034,8
344,2, 1025,7
308,3, 1025,2
294,2, 1004,8
243,2, 1000,3
250,0, 993,7
229,3, 996,8
143,9, 965,1
156,1, 950,8
136,8, 948,5
142,3, 939,8
116,6, 933,8
73,0, 933,9
94,7, 919,9
39,9, 887,6
54,6, 888,0
61,3, 872,1
80,1, 848,8
61,0, 830,7
83,9, 817,4
57,4, 821,3
78,2, 797,6
64,1, 803,6
83,0, 791,5
88,0, 795,6
70,1, 822,3
89,8, 809,1
67,5, 819,9
84,9, 809,5
76,5, 811,9
61,7, 816,3
84,5, 801,2
48,1, 866,7
46,3, 880,0
82,4, 966,3
100,8, 1074,5
95,2, 1098,3
90,5, 1170,9
81,1, 1170,7
15,6, 1173,4
6,3, 1184,3
45,1, 1182,5
91,1, 1193,4
95,6, 1204,9
133,1, 1205,3
146,6, 1223,0
151,1, 1228,4
168,5, 1218,0
148,1, 1229,7
162,8, 1212,1
188,5, 1181,8
331,2, 1039,1
357,5, 1004,8
292,8, 1095,8
346,6, 991,0
304,1, 1060,1
248,7, 1134,9
234,9, 1134,6
137,1, 1240,9
126,3, 1233,3
81,1, 1238,1
92,9, 1232,4
69,3, 1232,0
66,6, 1223,5
58,2, 1204,7
23,9, 1210,9
5,3, 1216,5
7,3, 1209,9
42,2, 1204,6
78,7, 1144,9
69,3, 1046,1
66,5, 815,3
12,4, 763,9
2,8, 789,7
11,3, 786,3
39,2, 779,4
65,7, 805,6
68,9, 802,7
132,0, 846,1
228,0, 880,8
269,4, 904,9
257,3, 882,1
231,2, 879,8
240,1, 895,6
253,4, 890,2
273,3, 892,6
287,8, 916,6
298,7, 910,6
270,0, 903,1
290,1, 891,4
282,5, 892,5
303,0, 886,5
279,7, 881,6
230,4, 872,6
226,3, 867,1
206,6, 854,0
165,0, 880,0
140,2, 889,4
119,8, 892,0
133,3, 899,9
99,1, 909,1
105,4, 908,1
109,3, 907,1
123,6, 914,2
162,7, 918,9
201,7, 930,4
208,5, 936,3
224,9, 943,5
285,3, 987,9
300,3, 986,8
324,3, 981,3
301,6, 991,0
305,9, 983,7
324,5, 973,0
296,9, 969,5
297,9, 964,2
293,2, 957,1
317,6, 944,8
296,3, 952,5
283,4, 954,3
376,4, 895,8
382,5, 887,5
405,7, 872,4
409,9, 851,4
419,9, 837,4
450,6, 802,4
435,9, 811,9
425,7, 784,0
399,4, 757,7
363,2, 744,0
333,9, 706,2
343,0, 706,3
316,7, 703,9
355,1, 874,4
424,0, 1107,3
503,1, 1279,6
580,1, 1408,5
625,3, 1468,0
698,2, 1570,9
846,2, 1703,0
936,0, 1754,1
1011,9, 1823,5
1027,2, 1838,7
1077,9, 1987,5
1080,2, 2020,0
1032,4, 2057,5
1030,3, 2082,9
1021,2, 2116,9
998,8, 2142,2
977,6, 2156,4
943,5, 2178,3
939,2, 2181,4
929,8, 2185,6
905,6, 2202,0
856,7, 2224,4
840,0, 2234,0
814,7, 2255,3
776,8, 2304,9
749,9, 2283,7
697,6, 2296,1
710,0, 2299,5
705,1, 2308,5
668,4, 2304,5
659,6, 2304,2
765,1, 2277,0
794,9, 1176,5
793,0, 1173,9
795,6, 1169,6
790,8, 1162,3
782,8, 1150,7
781,9, 1149,6
780,0, 1144,3
781,0, 1141,6
785,0, 1143,2
776,7, 1123,5
579,7, 713,7
398,3, 318,1
415,7, 363,8
399,4, 240,4
362,2, 173,8
353,3, 133,4
405,6, 123,4
403,7, 97,7
412,9, 107,6
456,8, 143,0
415,1, 105,6
293,0, -8,3
279,3, -12,7
338,9, 41,7
355,6, 93,4
401,8, 143,3
419,7, 155,2
486,9, 210,6
557,4, 250,2
880,8, 322,2
901,4, 337,1
897,1, 331,6
890,5, 319,3
607,4, 142,2
671,9, 78,8
522,6, 122,1
349,5, 239,5
327,5, 256,7
368,8, 212,9
375,7, 206,1
761,7, 346,8
806,3, 349,0
921,3, 389,0
914,0, 375,9
906,9, 339,0
901,2, 331,2
899,0, 334,5
831,3, 247,7
818,2, 221,0
770,0, 168,8
763,0, 150,0
939,0, 275,3
981,8, 271,5
1009,2, 282,9
1054,8, 276,7
1038,5, 234,0
1015,9, 167,3
1001,7, 132,5
1002,2, 135,8
1002,7, 76,3
983,0, 33,0
1003,7, 48,2
1087,4, 105,4
1091,3, 112,9
1093,2, 108,5
1099,1, 113,4
1099,1, 113,7
1086,7, 83,1
1082,8, 82,5
1087,0, 81,8
1089,7, 73,4
1090,6, 73,6
1091,3, 73,7
1101,0, 95,7
1115,8, 129,8
1113,3, 124,2
1108,1, 115,4
1125,2, 102,2
1116,6, 98,0
1111,2, 96,6
1108,4, 94,4
1107,8, 94,5
1101,9, 92,9
1107,0, 101,0
1108,1, 102,4
1108,7, 108,4
1100,4, 104,1
1100,3, 105,1
1091,6, 112,7
1070,1, 124,3
1033,5, 123,3
898,4, 91,2
868,8, 83,0
853,3, 78,9
819,9, 72,7
819,6, 72,7
811,5, 89,3
814,2, 89,4
824,9, 100,2
828,5, 93,9
837,7, 62,6
833,0, 81,0
832,8, 94,2
834,6, 88,7
833,4, 104,4
838,7, 143,5
850,3, 150,1
842,6, 159,9
839,0, 159,1
1411,0, 363,4
1304,4, 238,8
1307,0, 225,9
1326,1, 229,4
1310,0, 258,1
1323,8, 243,9
1308,8, 260,0
1307,5, 270,5
1313,1, 300,2
1313,8, 308,0
1310,8, 299,3
1315,3, 314,8
1318,0, 320,6
1324,0, 286,2
1324,1, 241,4
1312,1, 215,9
1310,5, 214,3
1298,6, 208,9
1297,2, 207,9
1299,5, 198,8
1305,6, 204,3
1318,3, 203,8
1321,4, 203,0
1326,9, 201,1
1326,1, 200,8
1311,4, 199,2
1309,0, 198,3
1302,6, 197,4
1301,9, 193,6
1284,6, 177,5
1291,1, 198,9
1289,9, 195,9
1288,0, 214,5
1286,2, 193,6
1285,6, 198,9
1283,8, 181,0
1238,4, 134,3
1241,5, 133,6
931,2, 39,7
856,8, 0,3
813,5, 1,7
842,3, 34,9
856,6, 60,0
864,1, 104,4
872,4, 162,8
893,8, 195,7
889,8, 215,4
864,8, 186,3
841,0, 172,6
803,4, 179,3
790,9, 160,2
757,0, 190,1
664,0, 245,3
664,4, 258,9
671,5, 277,6
669,8, 275,4
705,6, 287,1
714,9, 284,9
730,1, 305,6
786,2, 304,7
832,0, 285,5
854,4, 279,5
896,1, 294,3
924,8, 298,4
978,5, 314,2
992,0, 318,1
1087,9, 368,9
1076,8, 350,2
1090,2, 355,3
1108,9, 361,6
1092,9, 342,1
1085,9, 317,1
1070,4, 306,0
1062,5, 296,8
1064,4, 283,4
1043,9, 261,3
1044,3, 256,7
1006,0, 183,9
990,8, 158,9
990,4, 157,3
994,2, 162,5
985,1, 131,6
984,0, 129,3
987,6, 121,0
981,3, 115,9
963,6, 104,9
962,6, 108,7
943,0, 103,0
939,2, 96,0
936,0, 74,9
936,3, 75,0
932,0, 75,2
919,1, 72,2
889,0, 21,6
865,0, -16,3
833,0, 26,8
841,4, 22,6
844,7, 20,4
849,4, 74,1
850,0, 