Listening for gaze data, press any key to exit...
883,9, 545,0
886,4, 549,0
904,9, 568,6
911,0, 575,8
908,5, 573,6
912,0, 575,1
901,9, 564,5
887,3, 551,3
905,7, 567,8
914,2, 603,2
885,5, 546,8
899,6, 571,6
891,1, 558,8
906,9, 569,1
895,1, 565,8
901,4, 571,5
913,2, 578,8
922,1, 590,2
919,8, 593,9
917,8, 591,4
918,6, 588,3
919,6, 575,6
923,1, 577,0
923,4, 582,1
924,5, 578,2
934,6, 591,8
941,8, 602,5
935,7, 593,7
953,5, 619,0
951,4, 617,1
941,2, 605,8
916,8, 579,2
914,9, 572,3
911,3, 570,5
1083,4, 2128,3
1131,0, 2235,8
1136,7, 2284,8
1144,7, 2285,8
1155,2, 2266,5
1134,4, 2280,6
1127,8, 2286,2
1083,3, 2371,6
1078,6, 2385,8
1073,1, 2367,5
1060,7, 2341,5
124,6, 140,5
140,2, 139,3
140,2, 139,3
259,8, 252,6
287,2, 269,5
290,6, 271,2
275,2, 262,9
269,0, 280,4
275,1, 272,6
362,7, 509,7
401,4, 609,6
420,8, 700,0
491,2, 1004,0
684,7, 1680,8
713,5, 1779,0
705,9, 1768,2
721,0, 1818,2
927,2, 2047,4
899,5, 2020,4
960,2, 2032,5
931,8, 2125,6
1004,1, 2107,4
897,0, 2197,8
875,8, 2206,8
822,2, 2205,0
807,1, 2234,1
796,6, 2247,9
788,2, 2254,7
774,6, 2265,4
769,0, 2271,3
767,5, 2272,0
739,9, 2325,9
741,7, 2322,3
732,7, 2332,4
742,5, 2320,6
722,5, 2323,7
697,3, 2339,7
685,6, 2342,4
687,2, 2375,7
706,5, 2354,6
700,8, 2359,8
708,2, 2344,6
647,1, 2354,9
648,3, 2365,1
652,4, 2361,7
687,2, 2329,0
692,3, 2329,7
695,8, 2323,3
694,8, 2328,2
707,2, 2325,5
701,9, 2345,7
665,3, 2352,7
633,4, 2354,5
629,8, 2354,3
638,9, 2343,6
660,0, 2330,9
695,4, 2285,8
691,5, 2292,1
707,1, 2274,7
704,4, 2284,5
705,0, 2285,6
704,6, 2293,9
703,3, 2294,4
701,6, 2305,8
695,4, 2305,5
695,5, 2310,6
696,7, 2305,5
695,1, 2301,0
693,2, 2268,1
693,8, 2256,0
692,1, 2241,2
688,7, 2194,5
660,4, 1933,7
644,6, 1872,2
579,8, 1243,5
421,3, 501,0
406,7, 432,3
384,2, 306,2
394,8, 255,3
410,3, 268,2
463,0, 265,9
447,8, 252,8
443,2, 279,0
449,8, 293,5
450,5, 296,2
466,1, 307,9
512,9, 316,7
506,1, 317,4
542,4, 325,4
468,5, 282,3
430,8, 243,8
454,0, 260,6
488,8, 283,9
526,4, 315,2
539,5, 332,4
527,0, 320,2
526,3, 334,4
718,6, 380,3
765,4, 354,5
811,0, 372,5
798,9, 364,4
792,0, 356,1
836,2, 366,4
831,9, 366,5
831,4, 364,6
855,7, 363,5
864,9, 345,7
894,9, 384,6
904,1, 383,4
868,6, 343,9
793,6, 245,8
775,3, 228,6
732,8, 172,4
643,7, 118,1
656,3, 128,5
600,1, 72,5
592,7, 64,1
591,6, 72,2
635,4, 122,0
653,8, 144,5
680,2, 154,6
678,6, 145,6
688,7, 156,7
678,1, 140,1
796,4, 207,1
850,5, 234,2
858,4, 237,2
964,2, 281,4
1106,5, 341,3
1443,7, 479,9
1477,0, 491,2
1580,8, 528,1
1577,7, 515,1
1575,2, 508,7
1564,1, 490,5
1566,9, 475,0
1580,7, 454,4
1755,6, 370,7
2711,4, 291,3
2748,3, 250,8
2775,7, 219,3
2699,7, 220,2
2721,1, 217,0
2716,0, 251,9
2709,4, 274,0
2725,3, 272,9
2678,0, 284,7
2678,9, 282,1
2690,1, 293,9
2700,1, 351,6
2691,5, 331,9
2724,7, 378,9
2726,2, 375,0
2725,7, 375,9
2716,4, 359,3
2717,8, 356,9
2739,7, 388,7
2741,9, 366,1
2758,6, 336,7
2771,6, 346,1
2766,5, 340,7
2744,5, 325,5
2744,1, 323,8
2743,8, 326,9
2747,7, 341,3
2736,4, 339,3
2734,7, 333,5
2753,8, 296,3
2754,7, 320,1
2754,4, 316,8
2746,2, 294,7
2745,7, 298,5
2736,6, 296,6
2753,3, 341,4
2734,7, 325,1
2746,8, 360,1
2739,8, 336,4
2745,2, 352,8
2718,3, 298,8
2735,7, 340,3
2733,4, 327,1
2741,6, 375,1
2730,0, 328,2
2730,1, 316,8
2734,7, 329,9
2740,8, 370,5
2737,6, 370,3
2745,2, 387,6
2733,2, 354,2
2733,4, 337,5
2733,8, 379,4
2734,9, 386,4
2735,2, 382,7
2748,6, 373,2
2748,9, 343,3
2741,7, 347,1
2565,9, 416,8
2426,8, 475,4
2457,1, 449,2
2358,2, 501,1
1800,4, 796,0
1719,5, 849,6
1626,0, 916,1
1620,4, 923,2
1617,9, 880,7
1622,2, 901,8
1603,5, 896,2
1618,7, 825,3
1620,2, 840,1
1614,8, 848,4
1614,5, 836,6
1607,6, 878,6
1605,0, 874,7
1611,9, 851,1
1609,5, 853,7
1612,4, 854,0
1612,8, 861,0
1618,3, 855,3
1619,4, 796,4
1618,7, 787,6
1624,6, 911,6
1629,4, 949,3
1666,7, 1121,6
1698,7, 1318,9
1709,4, 1485,5
1704,8, 1507,8
1707,9, 1566,9
1721,5, 1804,3
1742,8, 2101,3
1742,7, 2097,4
1758,7, 2301,0
1709,1, 2380,0
1757,1, 2304,3
1772,3, 2316,0
1814,2, 2350,6
1875,5, 2406,7
1867,1, 2414,4
1914,8, 2430,5
1969,7, 2489,2
2020,4, 2508,8
2017,2, 2499,5
2134,0, 2580,3
2179,9, 2637,0
2208,3, 2678,7
2197,7, 2674,6
2199,1, 2663,0
2155,8, 2685,2
2088,9, 2679,3
1838,4, 2594,9
1722,4, 2597,0
1506,7, 2609,6
1419,7, 2557,4
1349,5, 2570,2
1321,4, 2580,9
1275,5, 2600,2
1279,9, 2599,6
1297,4, 2623,3
1258,9, 2650,3
1259,6, 2653,9
1249,2, 2731,9
1278,6, 2712,2
1313,3, 2704,5
1861,7, 2623,2
2155,8, 2677,5
2247,9, 2675,6
2336,5, 2687,9
2396,4, 2542,0
2507,0, 2625,2
2449,7, 2617,7
1737,3, 1658,2
1626,5, 1466,0
1415,6, 1150,5
1126,1, 685,9
1131,4, 689,7
1130,7, 690,5
1128,4, 676,8
1114,5, 649,2
1110,5, 650,0
1110,3, 643,9
1101,6, 636,8
1092,7, 630,0
1071,2, 619,4
1058,9, 613,1
688,3, 609,9
537,4, 613,3
540,8, 613,1
547,0, 614,4
283,0, 628,5
-238,2, 647,0
-323,6, 637,3
-308,8, 639,2
-326,4, 646,2
-312,1, 650,7
-229,8, 676,3
-209,7, 689,5
-194,4, 701,7
-249,0, 674,1
-179,4, 689,6
-269,9, 640,2
-300,4, 623,6
-414,8, 561,2
-418,6, 562,3
-421,6, 563,3
-422,2, 563,4
-42,7, 692,1
76,9, 766,7
109,3, 786,1
139,1, 799,4
211,7, 832,3
221,8, 835,7
254,6, 844,1
246,0, 847,9
213,7, 787,7
214,1, 794,3
175,2, 668,4
186,2, 684,2
176,0, 667,2
167,9, 635,2
209,9, 530,0
209,1, 507,7
211,7, 483,2
212,6, 470,4
189,2, 475,1
183,2, 475,8
182,2, 460,0
182,8, 457,6
169,5, 449,6
152,7, 457,4
89,8, 569,9
99,4, 629,7
109,6, 651,3
135,9, 701,8
138,1, 699,1
148,3, 711,1
239,9, 770,1
270,4, 785,4
340,5, 833,0
352,9, 841,7
389,2, 850,9
380,4, 865,0
385,4, 870,8
388,8, 872,2
400,3, 880,2
401,7, 881,6
420,7, 878,6
434,0, 878,8
435,7, 879,8
437,1, 883,5
438,7, 883,3
438,3, 882,8
436,6, 880,1
436,5, 880,4
436,0, 880,0
434,7, 878,0
432,8, 877,1
432,3, 877,7
398,1, 1157,6
388,3, 1170,2
393,4, 1180,5
396,6, 1180,4
376,5, 1176,8
366,7, 1170,4
360,5, 1168,5
352,5, 1165,3
349,9, 1165,5
348,7, 1153,3
366,3, 1143,0
365,3, 1142,6
345,4, 1145,6
282,7, 1132,0
273,7, 1089,4
289,1, 1056,5
316,4, 985,5
322,5, 949,4
313,3, 869,9
304,3, 862,6
297,1, 858,4
295,0, 862,7
286,5, 864,1
268,1, 863,7
263,4, 859,6
244,0, 850,8
238,0, 849,9
229,3, 839,0
234,5, 837,6
230,4, 838,1
234,2, 837,5
245,6, 842,5
244,9, 840,4
255,5, 842,1
254,6, 842,9
277,2, 849,2
281,2, 845,2
282,0, 846,6
276,1, 842,1
278,8, 842,9
281,3, 833,1
285,5, 811,3
277,6, 804,0
270,5, 799,5
268,5, 799,1
263,0, 778,2
263,0, 777,4
246,3, 761,3
236,5, 758,4
202,6, 732,6
147,8, 687,3
162,0, 666,2
150,7, 620,0
154,9, 604,7
164,1, 586,0
172,7, 585,0
182,7, 588,4
286,7, 652,3
336,4, 684,9
346,0, 692,9
343,4, 690,3
290,5, 665,3
289,5, 665,0
292,0, 668,0
319,9, 648,2
333,0, 646,9
325,8, 649,3
328,2, 653,1
367,4, 619,4
349,2, 639,8
363,7, 633,1
354,3, 660,8
341,8, 684,2
342,5, 684,0
345,5, 701,0
349,5, 698,2
362,9, 689,9
350,2, 705,9
382,1, 668,1
374,7, 678,1
338,2, 785,6
328,0, 814,6
323,3, 849,6
316,8, 888,1
327,9, 889,8
369,2, 899,5
354,1, 897,2
373,1, 904,1
419,7, 921,0
450,9, 924,2
463,8, 927,1
500,9, 950,7
482,3, 953,9
603,9, 964,4
867,0, 993,0
876,5, 993,2
905,6, 995,8
952,9, 997,4
974,7, 989,0
993,3, 985,4
991,7, 963,6
982,4, 948,4
976,6, 942,7
974,1, 939,8
947,6, 920,6
933,6, 914,9
928,8, 912,6
920,1, 907,3
904,4, 894,1
895,8, 887,6
889,1, 880,0
886,0, 877,0
879,7, 869,6
859,7, 855,3
858,5, 849,7
849,2, 842,0
819,0, 823,6
602,2, 779,4
540,6, 793,1
406,9, 767,2
340,1, 754,2
-149,3, 644,8
-210,5, 640,1
-46,7, 714,8
-14,0, 739,0
1,0, 741,6
8,6, 748,6
5,5, 749,3
-213,0, 657,5
-132,2, 691,5
27,1, 851,6
178,7, 900,4
297,4, 1051,4
479,5, 1243,7
610,5, 1370,5
631,6, 1376,8
657,0, 1380,3
686,1, 1387,3
691,4, 1395,0
693,2, 1395,7
682,7, 1378,4
683,3, 1380,5
692,6, 1375,8
680,3, 1365,2
676,5, 1364,8
680,2, 1356,2
679,8, 1355,5
678,2, 1356,9
676,3, 1359,5
676,0, 1357,5
664,7, 1353,1
465,8, 1266,4
319,0, 1204,6
290,8, 1168,0
297,5, 1165,7
319,1, 1162,1
320,2, 1164,8
309,6, 1159,3
310,9, 1158,5
307,6, 1157,3
300,0, 1149,5
220,9, 1085,8
172,7, 1042,4
98,9, 969,9
49,7, 920,2
26,7, 899,2
0,4, 874,5
24,4, 872,3
19,3, 873,1
18,5, 886,1
25,2, 884,8
42,7, 888,8
74,3, 897,2
83,6, 899,0
77,4, 899,3
86,0, 893,1
88,5, 901,9
52,9, 883,9
49,2, 883,8
46,4, 885,6
66,8, 893,3
78,5, 901,1
85,5, 907,5
125,6, 917,8
154,2, 929,9
181,4, 932,7
193,2, 936,8
225,8, 940,3
220,2, 937,0
224,1, 925,6
200,1, 921,8
208,7, 923,9
184,0, 917,8
210,5, 925,1
205,4, 922,8
124,1, 913,0
140,6, 914,9
142,3, 916,8
187,6, 924,1
188,8, 923,9
160,5, 920,1
186,7, 924,5
162,5, 934,4
185,5, 935,8
165,0, 948,4
171,5, 945,5
100,9, 965,9
123,2, 963,6
113,2, 969,8
83,5, 983,4
96,7, 982,4
106,2, 985,8
99,2, 987,6
99,2, 989,5
109,8, 996,0
134,9, 1021,2
202,9, 1041,0
194,6, 1065,7
212,1, 1060,6
210,6, 1069,2
202,0, 1074,2
231,8, 1077,0
198,3, 1094,1
217,5, 1098,3
206,1, 1102,8
227,2, 1104,1
168,0, 1096,8
185,2, 1102,9
153,6, 1096,6
169,3, 1090,7
112,9, 1074,6
132,4, 1070,7
99,2, 1062,4
253,0, 1012,4
362,5, 965,6
450,9, 918,1
559,4, 733,0
624,4, 743,3
726,9, 741,8
873,8, 790,9
907,4, 800,4
984,4, 830,8
1167,8, 850,3
1202,9, 834,1
1202,1, 820,0
1212,3, 812,8
2378,1, 916,3
2345,9, 940,8
2355,2, 935,3
2368,1, 927,5
2360,0, 934,2
2366,5, 949,4
2365,4, 949,9
2364,7, 953,2
2367,5, 957,2
2368,9, 953,6
2370,3, 953,3
2372,0, 952,5
2378,6, 948,6
2394,4, 932,3
2391,3, 935,1
2390,7, 935,6
2388,8, 936,2
2374,3, 937,5
2371,3, 934,8
2374,8, 928,4
2383,2, 919,8
2383,2, 906,9
2385,6, 902,6
2240,9, 889,5
1390,4, 848,9
1246,4, 836,5
1190,8, 813,1
1159,8, 795,7
1153,3, 791,9
1114,9, 772,6
1066,9, 737,2
1066,5, 735,7
1060,4, 731,0
1053,1, 725,2
801,4, 723,8
520,4, 730,2
387,9, 735,3
389,5, 736,4
-43,7, 791,0
-60,7, 792,7
-69,2, 788,7
-117,3, 744,7
-171,6, 772,3
-202,7, 845,6
-132,2, 949,7
-106,4, 996,5
-63,9, 1104,9
3,8, 1305,0
97,7, 1393,5
112,2, 1392,8
119,8, 1392,9
166,3, 1395,2
187,7, 1404,3
188,1, 1407,6
183,5, 1405,5
193,6, 1404,3
248,5, 1405,8
250,8, 1387,8
246,1, 1385,1
251,2, 1369,5
230,8, 1242,1
133,7, 1113,7
116,0, 1096,0
126,1, 995,8
122,0, 926,7
105,1, 963,8
106,7, 986,6
77,9, 1024,0
115,5, 1029,8
111,1, 1032,8
123,2, 1027,7
97,6, 1022,7
110,5, 1032,1
132,1, 1033,7
118,0, 1042,9
142,2, 1046,1
147,6, 1053,2
148,1, 1054,7
174,1, 1058,8
130,7, 1057,8
144,7, 1060,2
150,4, 1059,7
118,1, 1051,5
138,0, 1052,9
100,7, 1029,8
98,5, 1025,3
124,8, 1016,6
137,1, 993,1
88,8, 972,5
103,2, 973,8
79,9, 945,1
107,7, 939,9
96,5, 930,8
61,4, 920,4
92,0, 921,8
57,9, 899,7
80,2, 900,7
86,7, 897,9
116,0, 897,3
110,5, 895,8
121,9, 906,1
159,5, 920,4
163,1, 920,5
171,7, 923,4
170,1, 921,5
159,3, 917,0
156,2, 916,2
159,3, 945,6
124,1, 1050,6
170,1, 1054,0
154,1, 1057,1
105,0, 1070,4
134,1, 1072,6
116,6, 1071,5
137,4, 1062,7
139,4, 1064,6
158,8, 1062,4
136,2, 1067,5
153,1, 1072,2
129,1, 1075,3
145,2, 1067,1
126,3, 1066,4
146,7, 1056,7
140,8, 1055,6
109,9, 1073,1
118,6, 1068,5
115,4, 1076,3
131,5, 1064,0
178,0, 1035,6
546,8, 941,7
720,7, 922,4
818,3, 910,4
1178,3, 863,3
1436,2, 817,9
1696,9, 745,7
1706,1, 754,6
1888,5, 729,0
1958,2, 745,7
2157,0, 710,4
2347,9, 669,3
2380,5, 684,3
2413,9, 674,2
2403,5, 672,0
2446,5, 697,2
2508,4, 726,3
2518,7, 710,1
2511,1, 730,1
2546,7, 739,8
2576,5, 743,1
2906,1, 774,4
3061,9, 824,4
3001,5, 807,2
3058,9, 835,8
3152,7, 885,6
3184,9, 918,1
3206,6, 929,9
3200,6, 928,1
3202,8, 928,6
3196,6, 927,5
3204,6, 914,5
3207,7, 891,9
3196,4, 896,4
3195,6, 897,3
3159,3, 922,5
3147,3, 936,2
3146,7, 936,8
3149,1, 935,9
3141,3, 945,3
3132,5, 951,2
2950,5, 865,0
645,2, 653,5
649,0, 660,2
650,8, 662,6
650,3, 661,9
695,8, 676,7
727,4, 684,3
729,6, 679,0
778,6, 687,8
774,5, 686,5
771,4, 684,8
755,7, 671,1
753,4, 658,3
754,6, 655,8
753,7, 652,9
741,4, 647,0
737,2, 639,5
726,0, 633,6
726,3, 636,4
714,6, 618,8
715,0, 621,8
718,0, 627,8
726,3, 638,8
716,9, 624,4
673,9, 628,5
658,3, 634,2
600,8, 640,7
603,1, 625,6
517,6, 659,4
345,6, 721,1
266,6, 749,0
231,0, 765,2
245,2, 754,5
250,7, 747,6
254,1, 747,2
190,8, 781,9
215,1, 788,1
213,4, 791,9
243,3, 801,9
288,6, 812,4
297,6, 831,2
299,0, 836,3
300,4, 848,5
303,6, 866,2
302,1, 862,6
302,5, 845,6
317,6, 841,3
298,3, 855,6
173,5, 880,6
97,6, 898,0
16,8, 901,3
-4,8, 900,5
-44,8, 899,7
-33,7, 899,1
-6,5, 896,1
74,5, 905,5
134,6, 950,4
163,3, 952,7
231,8, 934,2
238,6, 930,9
247,8, 929,1
233,5, 924,1
271,4, 908,1
265,9, 910,8
284,5, 909,1
273,4, 914,2
307,8, 928,9
323,6, 938,7
335,0, 940,3
355,7, 936,3
367,5, 934,2
346,0, 908,8
347,1, 911,9
345,1, 911,5
351,2, 907,9
364,1, 911,3
362,7, 910,7
375,2, 918,9
371,7, 919,0
381,3, 928,1
381,1, 928,4
383,5, 930,8
386,1, 934,2
388,6, 937,9
389,2, 938,1
390,0, 938,7
413,3, 943,6
412,9, 940,0
402,6, 941,8
403,3, 942,1
415,3, 939,9
419,9, 939,2
424,0, 943,8
425,1, 942,8
425,1, 942,5
437,6, 931,0
443,2, 925,3
454,4, 922,0
452,5, 916,4
448,7, 918,3
404,5, 920,0
393,8, 918,6
350,3, 921,7
380,6, 934,5
363,8, 933,3
395,9, 943,2
372,7, 940,6
388,4, 936,7
410,1, 932,7
370,2, 929,3
380,3, 931,2
386,1, 930,0
406,9, 928,1
408,3, 934,0
366,2, 933,2
377,7, 935,7
396,2, 939,5
372,5, 937,9
350,8, 935,9
359,2, 933,8
353,3, 932,5
353,0, 922,0
350,3, 916,3
374,7, 929,3
380,2, 928,7
336,4, 930,4
329,3, 931,0
339,3, 927,4
318,8, 917,4
344,0, 917,6
366,3, 909,2
359,7, 914,2
483,5, 971,9
628,5, 1041,2
616,8, 1036,7
702,0, 1069,7
683,6, 1061,1
674,8, 1057,0
705,1, 1061,7
654,2, 1034,4
691,8, 1047,8
692,9, 1044,0
702,1, 1032,6
930,2, 1047,6
967,4, 1052,4
1297,0, 1092,8
1314,5, 1094,0
1476,9, 1109,9
1494,8, 1112,2
1499,2, 1119,0
1493,1, 1129,3
1491,7, 1125,0
1489,7, 1120,4
1478,9, 1105,1
1478,2, 1101,6
1474,4, 1097,5
1466,6, 1089,3
1466,1, 1093,8
1419,6, 1092,6
640,7, 1037,2
303,0, 1006,8
370,0, 1007,1
331,2, 1004,1
183,3, 989,5
127,5, 1012,9
217,4, 1040,0
354,8, 1090,9
332,6, 1086,5
379,4, 1109,6
328,8, 1118,8
324,0, 1117,2
235,8, 1124,4
-92,5, 1172,7
-200,7, 1173,2
-206,6, 1174,7
-283,2, 1179,9
-295,2, 1172,0
-312,8, 1163,4
-307,5, 1170,4
-220,1, 1211,7
-247,3, 1205,1
44,7, 1264,4
125,1, 1265,7
91,6, 1275,3
118,9, 1263,7
101,4, 1271,1
225,6, 1200,3
382,5, 1107,4
730,7, 914,3
698,3, 912,4
642,9, 913,3
694,0, 848,2
674,5, 833,5
661,5, 828,2
592,0, 797,1
604,3, 792,5
486,1, 751,9
399,9, 728,2
383,3, 727,3
338,2, 720,0
403,3, 748,0
390,5, 747,3
360,9, 747,4
283,5, 754,7
164,6, 802,8
159,0, 806,7
153,9, 810,9
176,3, 814,3
175,1, 815,8
199,9, 846,5
187,1, 815,3
189,5, 812,6
193,1, 815,7
196,6, 823,9
229,2, 846,9
235,2, 858,0
241,3, 869,9
249,3, 868,5
252,3, 883,9
269,1, 874,1
260,8, 871,7
275,4, 869,1
262,8, 872,2
233,5, 858,1
247,2, 860,4
236,4, 847,6
264,5, 846,2
244,0, 823,8
217,6, 807,9
223,0, 773,8
204,7, 735,9
192,2, 725,9
176,7, 709,7
136,7, 687,0
133,7, 663,8
118,7, 643,9
118,1, 647,7
78,8, 662,7
33,3, 665,1
38,6, 673,2
76,8, 618,1
11,9, 621,7
57,8, 649,2
89,0, 664,8
101,9, 670,4
-19,2, 652,3
-17,8, 653,4
27,9, 649,9
74,2, 679,0
77,3, 697,5
156,2, 728,2
120,6, 721,4
180,2, 731,9
130,1, 723,3
191,2, 747,1
148,4, 741,8
165,0, 743,4
152,8, 741,5
138,8, 742,5
134,0, 740,9
199,0, 758,7
296,0, 769,7
543,6, 796,4
599,3, 805,8
651,4, 810,5
633,1, 806,0
684,9, 795,8
733,3, 782,5
771,3, 758,3
771,0, 745,8
749,2, 694,8
757,9, 713,3
744,1, 688,4
767,4, 671,0
804,3, 668,4
847,5, 661,3
894,0, 657,0
945,4, 647,5
966,4, 646,4
1229,1, 608,8
1649,2, 470,2
1467,8, 642,1
1467,8, 642,1
1467,8, 642,1
2631,7, 550,5
2849,7, 539,9
2931,6, 536,9
2982,3, 534,0
3100,0, 514,3
3059,1, 533,0
3050,8, 537,2
3029,7, 546,0
3007,7, 564,4
181,8, 525,1
191,3, 527,8
189,7, 523,7
195,3, 528,2
208,2, 538,6
218,2, 548,2
218,2, 548,2
248,9, 591,0
268,5, 628,1
312,2, 667,8
301,0, 661,0
320,5, 648,3
329,1, 642,6
329,1, 642,6
470,1, 523,1
504,4, 491,3
485,1, 409,9
494,4, 418,3
497,4, 411,5
578,9, 400,3
597,1, 386,6
610,4, 370,7
604,9, 378,1
597,6, 383,5
595,6, 384,7
585,0, 388,3
583,2, 389,0
581,8, 389,1
392,4, 349,4
219,9, 282,8
47,5, 200,0
-66,8, 179,0
-115,0, 173,0
-115,4, 172,3
134,3, 290,4
149,4, 302,4
-7,9, 371,9
62,5, 428,9
66,1, 406,3
47,2, 372,7
30,7, 356,3
-7,8, 288,8
26,5, 249,5
43,5, 245,2
38,9, 235,5
-1,9, 219,7
22,7, 242,0
26,0, 212,6
8,5, 172,4
-0,1, 155,0
15,2, 179,8
-0,7, 194,9
0,1, 190,6
11,6, 184,9
17,2, 197,7
15,7, 165,0
15,2, 173,3
16,9, 193,5
36,3, 176,1
37,7, 174,2
622,8, 256,2
720,1, 273,1
941,1, 318,9
1434,3, 380,0
1618,7, 406,8
1670,2, 436,5
1734,3, 428,4
1822,3, 430,6
1844,2, 412,1
1884,6, 333,3
1916,7, 306,0
1940,6, 208,3
1943,3, 206,9
1948,3, 198,1
1949,4, 194,8
1950,0, 202,8
1947,2, 213,6
1946,5, 212,0
1944,9, 213,7
1945,7, 204,9
1947,2, 198,7
1945,8, 202,0
1944,5, 197,2
1946,3, 186,5
1953,2, 183,3
1956,8, 179,2
1958,5, 177,9
1962,5, 176,8
1966,2, 180,5
1973,4, 184,5
1969,8, 180,5
2587,5, 100,1
2902,2, 53,4
2942,8, 45,9
2965,4, 41,8
2979,1, 37,6
3127,3, 5,5
3183,5, -9,3
3306,6, -38,6
3333,5, -38,5
3330,6, -23,6
3362,4, -7,6
3334,8, 28,6
3258,5, 73,8
3267,0, 55,5
3536,0, -46,6
3454,5, -103,4
3539,4, -66,3
3514,9, -47,8
3458,8, -66,2
3443,3, -13,3
3275,8, 73,2
2619,9, 2,4
2369,8, 44,6
2129,0, 127,0
1815,8, 192,4
1703,1, 216,1
1556,1, 242,4
1215,5, 285,4
857,3, 331,0
778,5, 331,2
562,2, 351,5
550,4, 371,3
543,3, 335,6
523,5, 298,0
518,4, 290,0
484,0, 248,4
474,8, 237,5
436,9, 149,6
-187,2, -21,4
-229,5, -38,7
-234,3, -47,4
-174,6, -53,7
-168,0, -56,9
-183,1, -84,3
-182,2, -90,2
-166,5, -79,8
-155,6, -97,9
-231,8, -147,4
-243,0, -150,8
-264,9, -120,1
-279,8, -93,6
-254,7, -143,2
-271,6, -89,4
-287,7, -8,3
-249,1, -15,6
-277,6, -43,2
-228,9, 5,6
-225,3, -5,1
-201,4, 12,3
-209,5, 5,9
-208,8, 3,6
-141,4, 41,3
-174,5, 27,8
-183,4, 5,4
-168,7, 2,7
-167,0, 18,5
-172,8, 23,8
-181,0, 4,1
-193,2, 2,8
-194,0, -2,0
407,3, 570,7
659,3, 704,4
847,8, 788,0
2125,0, 2290,3
1750,1, 547,0
1734,7, 561,5
803,9, 585,2
598,1, 614,9
572,6, 612,1
591,0, 620,8
582,5, 614,6
585,8, 614,6
587,3, 614,6
971,7, 762,8
1097,8, 814,8
1084,7, 757,8
980,8, 638,8
951,3, 577,3
946,7, 566,7
960,4, 570,5
958,0, 575,6
911,6, 578,0
897,1, 572,9
908,7, 572,6
921,6, 608,7
933,2, 604,7
937,2, 627,7
942,4, 636,9
947,8, 638,8
944,5, 637,3
930,7, 612,4
930,4, 588,7
919,7, 576,2
915,8, 577,2
911,9, 575,2
913,6, 573,9
909,3, 572,8
902,3, 552,5
904,4, 549,1
902,1, 550,4
904,2, 548,0
892,1, 531,3
682,1, 483,4
352,5, 379,1
123,0, 348,6
15,5, 326,1
12,6, 322,1
-86,1, 235,1
-30,2, 288,6
-21,6, 307,6
-16,4, 315,9
-61,0, 280,2
-40,9, 272,2
-69,0, 162,4
-79,5, 104,8
-91,8, 97,7
-92,9, 83,2
-87,8, 84,7
-92,7, 83,2
-103,9, 75,0
-116,5, 244,5
-117,7, 199,4
-141,7, 174,0
-158,6, 147,2
-142,9, 152,4
-97,6, 178,8
-104,6, 171,4
-97,6, 179,5
-104,0, 174,4
-128,0, -3,7
-124,1, 14,6
-126,3, 3,6
-150,6, 34,6
-118,4, 61,3
-86,6, 77,3
-75,5, 70,8
-69,8, 73,6
-88,4, 46,2
460,1, 146,1
455,7, 97,0
467,1, 93,5
522,8, 133,1
502,7, 118,4
527,7, 139,9
618,2, 203,4
694,2, 200,8
693,9, 200,9
716,8, 215,2
728,0, 236,6
740,8, 239,6
770,9, 284,5
787,3, 312,7
789,6, 311,6
788,3, 305,4
822,4, 335,6
824,8, 334,6
825,1, 325,2
828,2, 322,5
830,2, 322,9
841,4, 307,2
833,3, 299,2
821,0, 283,6
795,6, 250,1
796,3, 256,9
807,1, 256,8
812,8, 264,8
820,4, 262,0
833,7, 263,2
836,7, 259,5
837,4, 255,7
840,5, 244,8
837,9, 246,4
832,1, 255,2
831,0, 253,2
705,6, 469,2
684,8, 513,0
662,7, 583,8
676,9, 651,6
689,4, 665,5
694,0, 670,2
686,3, 661,8
689,5, 664,0
705,4, 681,3
693,2, 668,7
652,0, 626,3
591,0, 575,5
236,2, 407,9
193,1, 390,1
157,3, 310,0
129,5, 267,9
119,7, 259,9
107,9, 259,8
110,3, 244,1
142,0, 264,8
152,8, 256,3
154,8, 261,1
126,9, 226,1
126,3, 228,0
126,0, 228,8
137,8, 235,4
119,9, 221,3
142,8, 232,7
142,1, 238,7
131,5, 235,9
-135,4, -56,6
-135,4, -66,2
-136,4, -66,8
-136,8, -67,0
-136,8, -67,1
-136,7, -67,7
-150,2, -62,2
-159,4, -73,0
-147,9, -61,3
-179,9, -88,6
-202,3, -111,5
-140,6, -82,6
-175,7, -94,2
-161,6, -76,0
-134,5, -73,7
-191,0, -117,9
-237,8, -184,8
-250,2, -184,1
-206,1, -170,4
-289,9, -251,2
-299,0, -281,5
-299,0, -281,5
-299,0, -281,5
-299,0, -281,5
-249,2, -252,1
-249,2, -252,1
-249,2, -252,1
54,0, -116,5
84,2, -103,0
187,1, -57,0
187,1, -57,0
461,7, -16,2
853,6, 10,6
944,5, 26,6
1062,0, 88,6
991,2, 38,1
1023,9, 19,2
1094,8, 16,2
1114,8, 2,9
1131,1, 27,0
1141,9, 24,3
1140,0, 32,5
1159,6, 66,9
1277,9, 132,9
1270,1, 181,3
1291,4, 156,7
1586,2, 202,2
1871,2, 253,8
2022,0, 291,3
2026,9, 293,1
2030,9, 284,7
2041,0, 265,2
2047,5, 264,3
2049,8, 254,8
2056,6, 240,5
2067,1, 222,2
2068,8, 217,4
2068,6, 218,1
2069,2, 213,6
2070,6, 206,8
2070,3, 204,5
2072,6, 193,0
2073,0, 195,4
2080,8, 167,0
2083,4, 170,5
2085,7, 174,3
2087,6, 166,8
2118,1, 168,4
2159,3, 195,2
2133,1, 176,1
2206,3, 162,2
2350,5, 130,7
2491,1, 157,0
2787,9, 194,3
2848,8, 224,7
2852,1, 231,1
2851,6, 233,2
2692,3, 305,7
2671,9, 310,2
1893,5, 415,3
1730,3, 407,2
1696,7, 414,3
1543,0, 404,6
1352,4, 396,8
1256,1, 389,7
1129,6, 373,3
1038,2, 321,7
929,4, 275,5
904,6, 247,9
892,2, 243,2
851,9, 220,0
846,3, 223,6
837,8, 229,0
683,6, 259,5
340,9, 364,2
352,0, 376,3
385,5, 417,9
388,6, 419,3
395,9, 417,9
373,5, 377,7
379,2, 388,0
355,6, 355,0
376,4, 391,8
347,6, 372,0
364,0, 394,4
360,5, 374,3
400,1, 419,1
396,3, 400,2
237,2, 322,9
198,1, 297,8
126,0, 250,3
95,8, 226,5
115,3, 248,7
128,2, 251,5
123,3, 237,7
128,1, 243,7
88,0, 241,9
73,4, 272,1
102,8, 293,0
96,7, 301,0
75,5, 287,9
66,5, 273,3
63,6, 273,9
75,9, 290,8
87,3, 292,2
97,6, 292,9
97,4, 295,8
93,3, 294,3
89,7, 296,6
110,3, 295,2
107,8, 293,0
103,7, 298,2
83,2, 245,4
73,9, 213,9
78,9, 201,3
98,4, 281,9
98,8, 259,0
90,9, 267,3
90,5, 260,5
92,8, 267,7
116,9, 282,4
77,2, 209,8
53,5, 169,2
51,6, 165,4
781,5, 214,8
908,3, 245,7
1168,1, 725,3
2622,5, 425,1
2582,8, 388,2
2563,1, 346,2
2563,5, 339,3
2570,7, 343,1
2573,7, 334,8
2713,1, 141,5
2719,1, 133,3
2751,2, 93,9
2748,6, 94,5
2753,2, 96,0
2739,1, 128,9
2689,0, 270,3
2647,2, 437,8
2422,0, 2648,6
2370,3, 2531,9
2387,7, 2564,0
2399,7, 2578,7
2411,8, 2591,2
1529,5, -21,7
541,7, -93,0
453,9, -95,0
484,4, -47,9
69,4, -68,2
2,4, -106,9
37,0, -64,5
69,1, -40,4
34,9, -79,6
53,0, -69,3
375,5, -151,4
375,5, -151,4
375,5, -151,4
350,9, -146,7
-55,7, -30,3
-199,8, 6,5
-203,1, 11,7
-185,7, 22,7
-203,5, 9,5
-196,8, 13,4
-215,8, 52,8
-356,8, -145,4
-358,2, -128,6
-345,6, -113,6
-326,9, -97,5
-320,8, -96,0
-294,7, -66,6
-244,2, -50,7
-235,6, -66,6
-202,3, -16,7
-190,9, 9,8
-179,1, 55,0
-155,3, 51,3
-136,7, 8,8
-106,0, 19,4
-116,8, 16,6
-110,2, 21,3
-104,4, 25,4
496,0, 6,0
619,4, 7,5
548,5, -53,3
577,6, -60,2
555,9, -135,4
635,2, -99,0
622,5, -107,2
628,4, -104,0
640,8, -86,9
632,2, -75,6
675,4, -46,2
753,7, 52,4
767,0, 76,9
813,2, 138,2
851,8, 169,1
856,0, 170,0
878,1, 162,2
895,2, 146,4
897,2, 155,7
940,6, 167,3
1031,5, 205,7
1064,4, 203,5
1084,4, 210,6
1127,1, 227,5
1200,2, 239,7
1250,4, 234,8
1259,5, 233,9
1280,2, 232,6
1300,1, 224,6
1304,2, 219,8
1353,6, 184,1
1380,8, 179,7
1396,3, 152,7
1408,6, 153,9
1413,1, 160,8
1448,9, 160,8
1407,5, 163,8
1324,5, 124,0
1223,0, 83,7
1173,6, 66,4
1126,7, 54,9
886,5, 28,9
629,6, 41,9
587,4, 149,1
609,4, 182,7
611,2, 179,7
594,0, 130,4
591,0, 109,5
19,7, -21,0
5,9, -29,3
12,6, -37,0
-126,6, -31,3
-135,7, -30,9
-62,0, 13,4
-107,0, -15,5
-160,7, -58,9
-93,0, -37,7
-63,8, -26,4
-63,3, -25,4
-231,7, 14,5
-202,5, 14,1
-188,1, 31,0
-183,8, 24,3
-193,6, 10,3
-219,6, -4,1
-190,1, -53,7
-169,4, -66,1
-175,5, -65,0
-178,5, -10,3
-152,9, 16,6
-158,6, 23,4
-133,6, -37,1
-123,6, -28,6
-153,4, 0,3
-159,7, -2,5
-153,6, -7,9
-150,3, -13,4
-233,5, -5,0
-262,7, -18,4
-241,8, -2,2
-234,0, -8,7
-225,9, 3,3
-235,5, -1,4
-254,6, -13,6
-221,1, 8,6
-220,3, 27,0
-236,1, 22,6
-245,9, 27,1
-262,8, -5,3
-298,9, -45,1
-310,4, -47,5
-309,9, -43,6
-178,9, 99,6
-180,6, 105,8
-132,4, 138,2
241,2, 405,7
-174,5, 111,6
-116,9, 159,8
141,0, 324,8
80,3, 265,6
-44,0, 162,4
-257,5, -44,2
-222,7, 4,0
-238,7, -2,3
-260,8, -34,1
-258,2, -54,0
-294,6, -73,0
-293,3, -49,9
-279,7, -62,5
-346,9, -108,2
314,3, 213,8
317,2, 203,8
508,4, 377,0
596,1, 461,0
563,0, 419,0
444,7, 261,6
447,8, 247,7
518,6, 277,2
769,6, 405,9
798,3, 370,8
804,1, 366,2
803,0, 381,8
836,2, 368,3
868,3, 363,0
859,4, 355,7
885,9, 342,6
867,5, 329,5
860,5, 317,5
869,7, 334,5
849,7, 314,6
859,1, 328,9
838,6, 309,6
839,3, 302,6
461,5, 730,1
418,0, 776,9
388,8, 836,2
337,2, 935,6
346,1, 959,2
307,9, 1130,9
313,7, 1128,3
341,1, 1200,6
321,6, 1210,8
325,3, 1275,5
323,4, 1281,3
307,9, 1264,6
303,4, 1262,9
299,3, 1258,9
300,0, 1276,4
301,1, 1275,9
290,3, 1274,1
289,4, 1279,0
286,2, 1279,5
290,1, 1259,8
290,9, 1258,8
290,0, 1259,9
291,3, 1258,2
297,6, 1212,2
301,8, 1171,0
299,2, 1019,6
317,8, 972,6
332,5, 889,3
304,4, 795,8
325,4, 773,3
350,9, 786,3
352,0, 782,9
378,5, 806,2
365,2, 791,0
360,7, 796,0
356,2, 779,5
358,0, 780,5
351,5, 758,9
356,9, 766,5
349,9, 739,2
349,7, 753,1
342,4, 728,0
332,4, 728,8
328,7, 750,2
322,2, 733,2
329,8, 746,1
320,7, 721,1
327,5, 735,5
341,3, 768,3
335,2, 750,8
338,2, 752,0
329,0, 737,5
327,7, 733,4
332,9, 755,7
314,0, 749,1
253,2, 787,5
189,8, 807,7
96,7, 825,2
109,1, 827,8
82,6, 803,4
49,9, 794,1
101,6, 832,3
281,1, 897,9
305,1, 939,8
331,0, 942,1
369,7, 934,1
393,0, 924,1
417,0, 855,6
417,2, 877,7
424,8, 873,5
459,5, 816,4
462,8, 823,9
474,8, 822,3
485,5, 826,9
507,3, 877,8
501,6, 861,6
500,8, 859,1
501,4, 862,4
502,5, 863,7
508,4, 873,5
513,9, 859,6
511,1, 855,6
495,2, 878,6
362,5, 926,5
373,0, 915,5
387,5, 897,8
377,8, 904,3
370,6, 872,3
368,7, 865,5
361,5, 862,4
316,8, 883,8
303,1, 884,0
292,4, 883,2
291,6, 870,3
304,0, 841,7
304,0, 835,6
306,2, 832,5
305,1, 831,7
285,1, 835,4
303,0, 769,9
211,3, 457,7
224,5, 615,4
196,1, 521,4
242,9, 791,2
246,4, 759,3
241,3, 784,1
250,7, 768,2
248,5, 766,1
260,2, 752,7
251,4, 766,4
207,4, 732,5
215,1, 721,6
216,4, 736,2
228,7, 703,7
275,7, 746,7
328,4, 809,1
357,0, 770,4
377,3, 750,6
365,6, 750,5
348,2, 737,3
307,2, 755,8
308,8, 747,1
309,5, 736,0
323,5, 707,0
337,0, 720,9
340,3, 721,4
338,5, 726,3
331,1, 695,4
331,5, 699,2
339,1, 685,8
342,5, 685,4
350,5, 695,9
355,7, 698,2
357,7, 699,4
363,5, 703,0
376,5, 710,8
374,3, 737,5
321,9, 896,8
339,4, 883,3
326,5, 898,9
323,7, 888,5
304,1, 884,9
317,2, 885,0
303,2, 899,7
282,9, 941,8
278,6, 946,8
273,0, 982,3
273,3, 983,1
275,8, 975,6
273,2, 980,5
270,3, 982,7
246,4, 1006,7
247,2, 1004,1
243,2, 1019,6
217,8, 1023,0
213,7, 1038,6
213,6, 1075,9
206,2, 1063,0
194,8, 1060,2
201,7, 1046,2
239,7, 1021,5
426,5, 975,2
559,0, 946,2
592,3, 943,4
685,3, 911,6
689,7, 895,7
692,0, 886,3
692,7, 884,2
695,8, 876,1
700,6, 864,0
703,1, 848,0
689,6, 820,4
705,7, 800,8
748,8, 771,8
784,6, 755,9
903,4, 730,3
994,8, 703,1
1062,3, 670,1
1258,7, 554,9
1336,9, 492,1
1377,1, 461,6
1419,7, 430,3
1440,4, 417,7
1479,3, 388,6
1553,7, 337,1
1554,6, 325,6
1576,6, 292,8
1579,1, 299,3
1588,2, 302,2
1591,0, 302,0
1589,8, 306,2
1485,7, 329,1
1466,2, 324,6
1116,0, 330,1
1061,4, 318,6
1025,0, 308,5
978,7, 294,1
57,7, 218,1
28,1, 148,2
36,1, 187,4
36,1, 187,4
-50,6, 133,2
-113,0, 96,9
21,8, 148,5
-119,8, 29,8
-261,8, -132,5
-273,6, -153,7
-283,8, -163,9
-328,3, -207,6
-315,9, -204,1
-271,3, -174,6
-256,5, -177,4
-376,9, -281,9
-322,1, -240,2
-248,1, -206,1
-288,5, -244,6
-313,7, -255,3
-315,9, -252,6
-298,9, -265,4
-314,4, -281,9
-324,6, -286,7
-263,8, -221,9
-287,7, -256,4
-263,5, -226,9
-242,4, -201,0
-242,4, -201,0
-304,5, -253,2
-332,2, -276,5
-332,2, -276,5
814,5, -55,0
814,5, -55,0
770,2, -99,9
790,5, -117,6
805,6, -90,9
847,6, -18,1
924,2, 95,8
995,0, 102,1
1002,8, 120,5
995,9, 139,2
988,8, 152,0
1007,9, 174,6
1014,6, 179,1
1032,4, 177,9
1051,1, 178,4
1123,9, 191,1
1296,6, 234,2
1441,9, 245,2
1508,3, 238,7
1752,1, 197,2
1909,1, 159,1
2220,5, 176,2
2358,6, 147,5
2391,1, 141,4
2447,9, 152,2
2486,2, 143,9
2491,4, 154,7
2532,6, 158,4
2542,5, 156,8
2549,4, 156,5
2551,8, 156,1
2595,3, 83,6
2644,2, -13,4
2645,8, -17,1
2668,1, -70,0
2652,8, -42,5
2602,0, -47,2
2568,0, -45,8
2314,1, -21,4
1950,8, -17,4
1906,5, -11,8
1831,4, -11,9
1081,4, 121,0
613,3, 96,5
771,6, 153,2
552,2, 100,4
557,9, 106,2
-183,8, 94,6
-95,2, 172,4
-104,1, 165,5
-116,4, 161,7
-94,4, 151,6
-105,0, 147,4
-173,1, 127,9
-177,8, 122,1
-163,1, 119,8
-149,8, 132,0
-172,1, 125,6
-201,6, 97,4
-193,5, 95,9
-199,3, 100,9
-137,8, 104,7
-113,9, 133,6
-88,0, 158,0
-102,9, 153,7
-133,8, 126,7
-132,1, 130,6
-127,8, 125,0
-139,0, 102,8
-180,9, 73,0
-188,4, 77,5
-149,6, 106,8
-149,0, 103,2
-170,1, 86,5
-199,7, 36,0
30,0, -66,1
30,0, -66,1
210,6, -39,8
258,7, -29,6
475,2, 221,4
483,6, 229,4
525,1, 273,0
717,5, 501,9
718,1, 502,8
718,0, 503,7
709,3, 490,9
666,5, 412,9
647,6, 409,3
640,9, 388,0
625,9, 369,2
618,5, 361,3
614,1, 354,8
600,0, 331,8
593,8, 321,6
511,8, 292,2
453,5, 278,6
189,7, 198,2
202,4, 213,4
185,1, 248,0
155,6, 244,2
166,4, 249,0
-40,2, 135,4
-43,5, 146,4
-30,2, 150,1
3,5, 155,4
19,7, 169,1
16,2, 162,9
57,9, 223,8
42,9, 192,3
1,9, 134,9
-191,7, -127,9
-124,6, -79,5
-184,2, -130,6
-13,7, 157,2
-5,7, 159,4
-8,3, 184,7
-0,5, 191,9
9,7, 192,3
1,5, 180,6
3,1, 180,5
-4,0, 176,4
-17,8, 184,3
1,9, 276,7
-15,0, 267,8
10,0, 282,3
16,2, 294,4
-17,2, 277,0
-31,7, 266,2
-32,3, 264,8
54,9, 280,7
49,2, 284,1
-116,6, 225,9
-122,4, 209,1
-117,8, 221,4
-112,5, 224,7
-152,6, 201,2
8,9, 438,4
44,0, 472,7
-68,6, 444,0
9,3, 493,2
-71,2, 448,3
-23,4, 472,4
123,0, 557,3
149,6, 577,3
282,5, 642,6
280,1, 638,9
278,0, 638,6
205,8, 637,9
314,3, 624,9
345,4, 617,9
331,4, 611,7
361,6, 583,8
342,7, 585,6
340,6, 580,6
340,2, 569,2
317,8, 571,7
320,1, 574,5
328,0, 576,7
284,6, 583,2
-39,7, 475,8
16,6, 491,7
150,5, 548,3
128,6, 543,8
205,6, 573,0
260,2, 602,0
258,4, 596,0
270,6, 578,0
255,1, 550,9
238,4, 543,2
247,3, 529,9
243,9, 499,9
253,4, 498,8
233,2, 489,3
239,6, 492,8
244,6, 480,5
157,9, 478,4
171,8, 499,0
240,3, 537,4
270,4, 554,3
270,4, 554,3
343,4, 788,4
346,9, 831,6
349,0, 835,9
346,6, 849,8
353,9, 866,8
346,5, 872,9
368,9, 857,6
359,9, 858,7
349,6, 857,4
342,0, 857,9
347,1, 854,5
303,8, 812,7
247,5, 833,9
244,5, 827,9
233,5, 818,5
234,3, 814,1
213,8, 792,0
137,3, 673,5
103,3, 662,7
103,7, 614,8
135,6, 617,6
143,8, 638,4
141,5, 632,8
242,5, 656,6
243,6, 667,4
274,7, 671,3
312,2, 691,8
317,5, 687,6
278,9, 696,2
302,9, 690,8
257,8, 700,1
252,8, 702,3
312,2, 761,8
302,4, 895,5
315,8, 942,7
348,3, 1011,7
347,1, 1032,4
399,5, 1100,6
393,2, 1115,1
401,8, 1193,0
383,9, 1222,8
292,9, 1219,5
271,2, 1215,5
272,6, 1206,4
276,5, 1202,1
279,0, 1202,8
275,7, 1201,8
267,2, 1209,8
275,1, 1208,8
277,8, 1207,8
275,7, 1207,6
273,5, 1201,5
269,6, 1203,1
271,5, 1201,2
273,5, 1197,9
271,5, 1199,1
267,8, 1200,6
259,4, 1203,1
208,8, 1248,5
175,5, 1281,8
142,2, 1330,5
130,1, 1351,5
131,9, 1353,3
117,8, 1376,4
124,2, 1370,5
121,3, 1371,0
110,1, 1374,3
123,4, 1373,0
108,4, 1373,7
114,4, 1356,0
140,5, 1308,7
158,6, 1269,0
152,4, 1188,0
151,2, 1084,4
140,7, 1028,5
140,9, 1027,7
119,2, 1037,7
121,2, 1032,0
119,3, 1024,6
46,4, 1015,8
54,5, 1000,3
50,3, 997,5
54,3, 998,0
52,4, 988,4
46,2, 993,0
72,9, 990,6
60,8, 1021,4
71,1, 1013,3
82,1, 1015,0
104,5, 1003,2
102,5, 1008,2
125,1, 1009,1
138,7, 1007,7
136,6, 1010,7
140,1, 1011,7
150,3, 1013,9
139,5, 1048,3
142,7, 1061,6
144,2, 1070,6
124,3, 1126,9
105,8, 1119,1
113,2, 1123,8
82,9, 1114,2
86,2, 1123,9
106,6, 1112,8
115,7, 1107,7
109,2, 1107,6
104,7, 1104,1
107,0, 1099,6
115,3, 1086,0
115,6, 1070,8
112,7, 1063,0
110,9, 1037,3
111,1, 1035,5
121,4, 1051,0
121,7, 1051,8
169,7, 1059,4
196,4, 1023,4
181,3, 1035,0
118,7, 1063,1
111,7, 1056,2
99,8, 1064,1
102,0, 1058,4
95,5, 1049,7
114,7, 1062,0
115,8, 1067,6
122,4, 1064,1
109,0, 1066,9
116,2, 1052,3
97,1, 1054,6
106,4, 1047,7
94,6, 1061,3
86,6, 1058,1
98,3, 1049,4
87,9, 1052,1
94,7, 1041,7
93,7, 1041,2
79,4, 1051,8
90,2, 1041,0
79,2, 1035,9
92,6, 1016,2
89,1, 1016,5
105,0, 1004,1
190,3, 1070,9
190,8, 1066,1
278,2, 1125,6
381,1, 1163,8
565,2, 1241,8
844,7, 1384,7
1019,6, 1515,0
1124,4, 1607,4
1211,1, 1671,6
1320,0, 1802,8
1289,5, 1755,0
1634,7, 2033,6
1667,2, 2082,8
1580,6, 2027,2
1745,2, 2142,5
2023,1, 2336,7
2222,6, 2473,7
2301,2, 2528,0
2329,1, 2544,6
2329,7, 2542,4
2328,1, 2519,6
2303,2, 2502,5
2292,7, 2502,7
2302,0, 2502,8
2311,0, 2498,4
2302,7, 2483,1
2291,4, 2485,9
2293,6, 2497,5
2305,5, 2559,4
2312,6, 2519,9
2322,2, 2512,2
2335,4, 2484,4
-1,8, 849,9
8,8, 848,2
7,4, 837,1
7,5, 837,8
58,0, 846,1
55,4, 845,4
55,1, 849,4
71,8, 850,2
74,8, 847,7
84,0, 778,9
295,8, 614,9
355,1, 608,2
429,6, 594,4
701,1, 566,2
713,2, 559,9
1061,3, 457,3
1077,4, 454,0
1090,9, 447,9
1081,7, 439,0
1077,2, 430,9
1082,6, 410,8
1083,5, 408,2
1077,6, 405,3
1073,1, 400,5
1035,8, 385,0
1041,3, 385,0
1020,7, 373,4
1031,7, 371,1
1025,2, 364,2
1016,9, 349,6
971,5, 342,7
914,8, 342,6
931,8, 313,3
931,8, 313,3
80,0, 452,8
96,4, 475,1
95,5, 470,1
101,2, 474,1
145,8, 519,0
311,7, 609,3
315,6, 605,5
351,3, 630,7
382,5, 666,6
401,1, 680,0
396,5, 677,9
418,7, 726,5
419,2, 735,1
187,8, 784,3
125,2, 780,3
-22,4, 753,6
-88,0, 651,7
-169,1, 615,7
-56,7, 616,6
43,5, 669,0
141,3, 711,9
169,2, 691,5
175,3, 687,7
210,4, 690,4
223,3, 676,0
343,5, 749,6
321,2, 733,1
353,6, 711,1
296,8, 686,0
309,2, 677,5
336,7, 690,9
322,1, 682,8
319,2, 657,7
181,8, 592,0
272,4, 612,7
225,3, 573,9
252,3, 569,5
178,9, 540,3
229,3, 539,0
143,4, 510,0
189,5, 513,6
94,6, 468,8
243,1, 532,8
244,9, 546,1
250,3, 546,9
242,5, 551,8
247,5, 543,8
236,3, 467,0
142,9, 448,1
134,0, 434,4
142,1, 440,8
134,9, 427,0
151,8, 433,5
161,7, 440,1
157,3, 432,3
152,8, 432,4
151,6, 433,9
329,8, 428,1
341,6, 436,8
400,0, 472,1
399,4, 476,1
411,3, 501,3
431,4, 534,1
402,9, 550,2
435,2, 580,5
428,1, 575,9
460,9, 600,0
465,9, 604,0
464,7, 602,8
479,0, 608,4
483,9, 609,7
490,1, 607,2
484,5, 596,5
491,2, 593,6
487,1, 595,3
471,4, 569,6
463,2, 550,1
467,1, 545,3
747,0, 643,5
764,2, 650,0
867,7, 684,3
893,7, 689,5
1088,8, 748,7
1097,5, 746,3
1116,6, 740,3
1144,0, 727,9
1146,1, 726,7
1150,5, 723,2
1147,8, 723,3
1133,6, 720,7
1138,2, 717,7
1409,6, 703,0
1350,6, 699,5
1854,9, 706,1
2033,1, 734,4
2062,5, 730,1
2159,2, 727,6
2208,3, 721,6
2271,4, 713,0
2276,8, 698,4
2367,8, 744,5
2370,2, 746,2
2381,3, 749,7
2382,8, 751,0
2382,2, 748,7
2383,1, 739,8
2383,2, 741,3
2370,7, 752,6
2354,2, 770,3
2344,3, 787,4
2346,7, 809,2
2338,8, 807,5
2337,7, 804,0
2335,7, 801,7
2333,9, 799,0
2332,3, 801,4
2321,2, 805,1
2312,1, 810,9
2310,5, 810,6
1921,6, 916,6
1800,3, 960,9
1747,4, 988,7
1746,4, 996,8
1740,4, 994,3
1743,3, 985,1
1739,8, 992,7
1718,9, 995,8
1717,4, 995,0
1709,4, 996,5
1452,2, 1020,9
1264,1, 1040,8
1223,6, 1038,3
1162,9, 1033,6
1161,5, 1036,8
1166,7, 1050,7
1167,5, 1048,6
1169,2, 1045,0
1166,8, 1042,9
1153,6, 1049,9
1155,3, 1046,7
1163,7, 1051,4
1164,1, 1045,3
1168,8, 1042,9
1180,9, 1041,3
1181,5, 1040,5
1177,6, 1044,3
1177,0, 1045,4
1176,8, 1045,0
1166,8, 1046,0
1097,7, 1058,0
832,3, 1066,2
545,9, 1117,8
178,2, 1184,7
-82,4, 1215,9
-304,2, 1198,5
-343,9, 1185,4
-328,9, 1170,2
-328,1, 1163,9
-352,3, 1166,7
-316,7, 1177,6
-224,9, 1118,5
-211,1, 1074,8
-206,4, 995,7
-214,8, 976,6
-248,9, 944,5
-232,0, 948,4
-241,4, 924,6
-224,1, 901,7
-177,0, 895,9
-180,6, 891,8
-235,9, 811,1
-233,9, 808,9
-218,9, 794,5
-212,5, 793,2
-202,5, 798,5
-185,2, 788,2
-31,9, 851,8
110,7, 908,7
186,4, 948,5
207,5, 963,7
202,4, 1049,6
208,0, 1035,0
204,5, 1060,0
228,5, 1058,0
219,7, 1053,9
176,5, 1043,0
193,2, 1044,5
132,0, 1040,1
151,8, 1037,6
145,0, 1037,4
150,1, 1035,2
114,1, 1037,4
134,3, 1037,0
105,6, 1037,2
131,9, 1031,9
114,9, 1035,3
147,6, 1042,1
139,6, 1042,4
72,6, 1035,4
77,1, 1034,5
70,8, 1035,7
97,7, 1033,2
88,9, 1032,9
64,9, 1026,9
88,4, 1005,6
62,2, 1016,5
82,7, 1010,9
62,6, 1078,9
61,9, 1106,5
54,8, 1147,7
62,1, 1158,6
60,4, 1223,8
41,9, 1228,4
36,5, 1221,6
33,5, 1218,1
47,0, 1226,8
63,7, 1232,4
109,9, 1232,2
120,3, 1229,4
172,4, 1231,8
193,6, 1192,2
209,8, 1183,3
192,6, 1155,4
193,5, 1154,5
212,0, 1146,1
197,7, 1149,2
184,8, 1150,0
196,5, 1145,1
165,1, 1146,6
186,0, 1144,3
191,0, 1144,5
214,3, 1136,0
196,0, 1145,9
215,1, 1138,7
190,0, 1136,1
187,0, 1121,3
151,8, 1127,5
160,5, 1128,6
146,9, 1127,6
102,9, 1116,1
110,1, 1107,5
102,5, 1106,7
108,8, 1105,6
92,4, 1102,1
28,4, 1121,4
49,1, 1118,2
6,0, 1133,1
48,9, 1119,6
37,2, 1120,9
84,7, 1104,3
75,7, 1108,2
87,4, 1103,6
87,3, 922,8
108,7, 884,3
109,7, 862,6
90,3, 857,4
89,0, 845,9
81,7, 812,7
105,9, 823,5
125,3, 831,6
211,6, 891,3
235,5, 895,3
305,5, 915,2
318,4, 943,2
332,0, 939,4
332,3, 945,1
332,1, 950,7
338,3, 957,0
366,3, 951,8
326,2, 952,2
342,5, 952,5
343,1, 955,3
369,3, 954,1
330,8, 957,3
368,8, 950,7
339,9, 942,4
376,3, 928,0
333,3, 912,3
313,0, 911,1
298,2, 908,9
247,1, 894,7
207,9, 887,4
181,4, 874,1
198,2, 859,2
182,4, 848,6
124,2, 841,2
141,1, 834,7
105,9, 827,6
134,9, 818,0
139,4, 919,5
136,1, 990,2
140,8, 1033,8
194,5, 1133,9
230,0, 1201,0
226,8, 1195,7
203,7, 1184,4
181,0, 1174,0
169,1, 1167,8
166,4, 1168,9
158,5, 1160,4
176,3, 1163,4
240,4, 1183,2
206,7, 1201,1
230,9, 1199,8
237,7, 1192,8
236,6, 1211,0
237,2, 1210,3
243,9, 1220,9
249,5, 1223,3
300,4, 1201,8
234,0, 1206,8
254,6, 1201,1
252,4, 1191,6
251,2, 1191,7
247,0, 1192,6
244,7, 1189,1
228,0, 1190,1
196,1, 1195,6
171,7, 1194,8
184,4, 1189,0
181,7, 1185,6
99,0, 1173,7
109,4, 1165,7
92,9, 1165,7
101,0, 1164,1
68,1, 1163,7
33,3, 1173,4
57,6, 1182,4
38,4, 1360,9
72,7, 1376,6
71,7, 1386,3
71,6, 1389,4
62,4, 1403,9
68,1, 1400,6
28,4, 1405,0
46,5, 1393,3
20,2, 1403,6
16,9, 1392,8
1,1, 1401,1
-51,6, 1396,9
-46,9, 1391,1
-47,7, 1372,6
-13,1, 1309,4
-25,6, 1277,1
-47,5, 1286,0
-23,7, 1279,4
-35,4, 1298,0
-17,1, 1287,4
-16,2, 1282,0
5,1, 1273,1
3,1, 1274,9
2,0, 1265,4
-24,5, 1283,7
-18,6, 1277,3
-21,1, 1278,8
-5,1, 1255,9
-2,6, 1249,1
-33,7, 1270,2
-19,4, 1260,5
-3,1, 1269,3
37,6, 1252,4
37,8, 1254,3
12,4, 1265,3
28,7, 1252,1
38,7, 1274,9
41,2, 1253,0
23,0, 1255,8
32,6, 1236,4
29,1, 1238,9
40,7, 1239,0
29,5, 1240,4
47,3, 1238,0
56,2, 1248,7
84,1, 1241,2
80,3, 1246,6
15,5, 1240,7
20,2, 1239,4
20,2, 1239,0
44,5, 1215,2
39,7, 1209,8
24,8, 1208,3
44,4, 1188,1
25,0, 1163,2
36,3, 1160,3
25,4, 1140,9
43,1, 1138,8
28,6, 1118,9
52,2, 1113,7
35,8, 1098,0
58,5, 1074,8
43,9, 1069,9
72,6, 1061,2
82,3, 1061,7
42,0, 1040,9
47,1, 1035,3
63,9, 1035,4
115,3, 1023,3
178,7, 1009,2
226,8, 1001,4
776,6, 984,6
723,8, 984,8
608,6, 987,7
862,3, 980,0
868,2, 977,7
875,4, 967,3
881,9, 973,6
882,5, 973,2
881,1, 965,9
880,3, 964,0
879,0, 964,3
889,3, 967,6
890,9, 966,8
859,9, 974,6
849,3, 976,6
853,3, 974,6
855,9, 972,8
864,1, 943,3
853,4, 948,1
855,1, 947,2
870,1, 946,9
910,2, 947,3
895,7, 945,5
907,7, 946,1
907,5, 946,1
903,6, 944,1
899,5, 949,0
899,4, 952,8
902,9, 953,1
907,8, 953,3
907,0, 959,2
996,0, 1016,3
994,8, 1015,6
1246,0, 1170,9
1464,4, 1311,1
1515,3, 1340,9
1564,2, 1383,5
1566,9, 1385,4
1570,2, 1384,6
1577,9, 1389,6
1586,1, 1396,4
1584,7, 1391,7
1584,7, 1398,9
1585,4, 1399,7
1584,7, 1397,4
1578,7, 1390,7
1582,9, 1386,9
1586,2, 1379,7
1590,8, 1372,4
1590,4, 1371,3
1568,2, 1379,2
1568,1, 1378,6
1577,6, 1375,7
1717,7, 1380,1
1729,0, 1380,9
1741,2, 1381,0
1742,6, 1388,4
1745,7, 1387,7
1734,9, 1401,7
1722,7, 1391,3
1724,5, 1367,3
1727,7, 1372,8
1405,4, 1407,1
1387,2, 1409,8
1491,6, 1409,2
1478,2, 1410,9
1477,1, 1412,1
1353,0, 1403,9
1313,9, 1401,8
1324,1, 1380,6
1304,7, 1374,8
1301,2, 1377,0
1296,2, 1382,9
1286,6, 1391,8
1281,1, 1393,9
1273,7, 1404,0
1274,9, 1408,7
1274,7, 1410,5
1269,1, 1412,3
1255,8, 1412,3
1184,1, 1414,8
1189,4, 1413,6
652,4, 1365,6
567,5, 1356,4
550,1, 1354,0
364,5, 1337,1
359,2, 1336,7
341,4, 1328,5
345,6, 1329,7
354,7, 1332,0
341,0, 1330,8
369,0, 1322,1
379,5, 1320,5
149,1, 1378,7
125,9, 1378,2
74,4, 1394,2
11,6, 1408,6
23,6, 1394,9
-56,9, 1403,6
-32,0, 1405,9
-71,1, 1440,3
-15,8, 1429,7
83,3, 1440,9
65,7, 1439,1
85,2, 1428,4
115,4, 1429,8
77,1, 1441,6
92,9, 1439,2
48,1, 1444,6
60,2, 1441,4
60,1, 1441,2
91,9, 1433,8
74,8, 1444,5
102,6, 1438,3
102,1, 1442,0
35,9, 1430,9
47,4, 1429,6
22,9, 1423,0
29,5, 1422,9
-14,8, 1408,5
-24,0, 1404,3
11,0, 1402,7
-17,8, 1398,0
12,9, 1391,6
47,0, 1379,0
69,9, 1375,5
92,3, 872,7
105,2, 764,6
81,0, 472,4
76,2, 464,2
123,3, 505,3
200,8, 548,0
211,0, 543,0
217,1, 553,3
273,9, 596,0
497,6, 694,0
409,5, 666,1
828,9, 744,9
1354,8, 832,0
1428,9, 842,6
1583,1, 866,2
1571,7, 852,5
1588,0, 766,1
1579,8, 797,3
1589,2, 731,8
1582,7, 694,8
1542,8, 683,9
1517,8, 690,7
1159,5, 632,3
1189,2, 650,1
1067,0, 630,1
353,3, 496,0
303,2, 488,0
-26,1, 432,1
-32,5, 432,3
-73,8, 440,0
-109,9, 426,7
-93,4, 459,3
-38,2, 502,0
-30,2, 499,8
-46,4, 488,3
-170,1, 434,6
-151,5, 444,5
-40,1, 484,6
-8,1, 511,7
-34,3, 489,1
-95,0, 496,9
-87,7, 505,7
-74,6, 543,6
-61,6, 570,0
-178,5, 497,5
-188,0, 499,9
-174,1, 504,0
-191,8, 510,2
-251,2, 513,4
-88,1, 550,9
-168,2, 542,6
-155,1, 565,0
-149,7, 590,5
-108,6, 604,5
-76,5, 636,9
-9,8, 661,8
-32,1, 666,1
110,2, 721,0
56,3, 730,3
126,8, 751,3
165,1, 772,8
112,1, 749,3
136,5, 750,5
135,2, 753,2
207,5, 782,5
223,5, 795,3
298,6, 864,6
305,7, 870,0
281,6, 869,5
201,2, 850,7
201,4, 853,8
242,0, 852,3
205,9, 846,7
235,2, 850,6
311,0, 802,5
306,7, 809,9
387,1, 804,7
613,5, 788,7
863,9, 753,1
921,9, 742,1
1220,6, 702,2
1293,7, 683,5
1447,1, 667,0
1430,1, 666,1
1438,3, 657,2
1478,4, 653,7
1490,4, 644,7
1493,2, 637,5
1503,5, 635,4
1505,7, 624,1
1509,0, 605,4
1521,9, 596,7
1548,3, 572,4
1540,0, 574,9
1552,0, 575,3
1563,7, 571,1
1564,2, 564,5
1592,9, 546,1
1603,2, 535,3
1626,6, 507,3
1627,1, 502,1
1635,4, 480,5
1640,1, 474,0
1642,9, 468,0
1654,3, 459,1
1655,5, 459,8
1660,7, 455,2
1685,6, 446,6
1686,3, 443,4
1688,0, 441,4
1693,7, 431,0
1719,5, 427,5
1798,3, 411,5
1901,6, 396,8
2062,3, 370,3
2214,4, 343,9
2302,5, 324,3
2306,9, 322,4
2350,6, 308,5
2439,1, 298,3
2446,9, 297,4
2452,1, 295,8
2448,4, 304,9
2447,2, 308,7
2443,4, 324,2
2457,2, 296,2
2470,2, 293,3
2475,3, 291,4
2480,2, 293,0
2484,5, 308,1
2484,7, 307,3
2491,2, 293,2
2499,6, 285,2
2498,1, 284,5
2497,9, 308,9
2499,0, 307,9
2483,6, 310,1
2486,6, 307,3
2488,0, 306,5
2499,9, 298,8
2493,5, 297,7
2480,4, 301,2
2481,6, 301,3
2489,3, 300,3
2479,1, 302,8
2481,5, 305,7
2483,9, 305,1
2474,6, 309,8
2482,1, 310,1
2477,2, 312,6
2472,9, 312,6
2470,7, 302,1
2452,6, 300,7
2453,3, 300,5
2455,2, 301,2
2451,4, 310,4
2458,4, 315,7
2454,7, 319,9
2459,8, 321,8
2475,4, 309,2
2472,0, 310,5
2470,1, 303,1
2469,2, 299,3
2465,6, 303,9
2465,6, 303,0
2463,5, 300,1
2438,3, 293,3
2442,6, 303,0
2397,2, 287,1
2098,0, 223,3
-400,1, -170,5
-282,8, -33,5
-263,4, -13,4
-236,8, 20,0
-383,3, -63,9
-571,2, -222,0
-628,7, -280,5
-607,0, -254,2
-590,8, -241,4
-580,0, -225,0
-455,4, -99,9
-497,0, -128,5
-614,3, -230,4
-553,5, -182,8
-332,4, -48,5
-314,2, -26,3
-277,6, 17,3
-270,7, 28,6
-273,3, 27,0
-20,7, 157,4
-55,8, 124,4
-51,1, 108,7
-203,1, 0,8
-202,7, -7,6
-205,3, -7,6
-206,5, -7,7
-175,4, -5,0
-165,5, 0,4
-151,0, -45,6
-156,2, -59,2
-159,1, -60,4
127,1, -11,5
621,3, 192,5
705,5, 217,4
716,3, 224,6
722,5, 213,4
732,2, 213,6
747,0, 210,2
757,4, 228,1
889,5, 264,5
903,5, 267,7
910,8, 272,0
979,7, 312,3
1028,1, 326,5
1037,2, 337,2
1060,5, 347,6
1183,9, 415,9
1171,0, 398,2
1222,3, 426,0
1241,7, 428,0
1305,2, 436,4
1316,5, 432,3
1344,7, 429,3
1368,9, 421,5
1373,5, 419,6
1364,0, 418,3
1398,4, 417,3
1423,0, 418,5
1426,2, 419,1
1440,2, 420,6
1482,1, 419,6
1491,6, 413,7
1490,5, 414,4
1496,1, 414,2
1506,5, 408,6
1525,9, 401,9
1531,4, 385,4
1539,3, 391,1
1475,3, 386,7
1231,9, 371,1
1196,9, 369,1
1183,1, 369,1
1152,7, 361,0
1156,1, 362,9
1139,2, 350,1
1139,3, 350,7
1132,0, 345,2
1138,0, 351,0
1149,4, 373,1
1149,1, 379,6
1154,3, 387,7
1150,8, 384,8
1162,7, 387,4
1162,2, 387,6
1176,1, 375,1
1175,0, 379,2
1175,9, 380,1
1175,6, 385,4
1174,3, 400,2
833,0, 431,1
744,2, 436,7
532,3, 432,2
-19,9, 494,2
-126,7, 579,2
-116,5, 606,7
-131,7, 610,1
-137,5, 614,8
-74,0, 640,9
-94,1, 624,8
-106,3, 622,9
-108,7, 651,2
-107,1, 658,3
-100,1, 657,8
-73,7, 649,6
-23,2, 756,4
113,5, 879,0
101,1, 862,9
86,0, 854,9
114,6, 860,9
173,5, 902,3
168,0, 891,2
164,0, 865,8
203,5, 887,4
196,0, 879,2
201,9, 896,2
185,5, 878,2
123,1, 853,6
35,9, 792,5
57,9, 820,4
81,9, 801,1
113,5, 802,7
140,4, 825,2
158,2, 844,9
264,1, 868,8
285,4, 872,5
416,5, 900,3
416,6, 899,7
431,6, 901,1
413,8, 922,4
395,1, 926,1
384,5, 921,0
389,3, 921,9
391,5, 928,1
419,5, 960,5
421,8, 961,4
415,9, 983,7
415,9, 983,3
419,2, 977,8
420,2, 980,7
420,3, 988,6
440,2, 977,1
430,2, 987,4
434,8, 982,7
430,4, 970,1
443,9, 953,6
426,0, 953,8
398,1, 937,8
405,3, 941,7
406,3, 946,9
224,2, 754,6
157,6, 702,4
148,2, 692,8
150,1, 658,3
148,7, 673,7
221,7, 735,2
265,2, 809,5
306,8, 864,0
315,9, 869,0
366,4, 837,2
354,2, 831,3
323,5, 845,9
330,7, 844,5
330,7, 849,0
316,2, 845,6
310,4, 843,0
840,8, 977,7
855,4, 981,7
862,7, 981,2
885,5, 971,9
880,2, 948,0
879,7, 939,9
887,5, 943,5
881,6, 934,0
881,0, 933,8
847,6, 872,5
851,5, 881,9
847,3, 872,9
846,6, 868,4
844,1, 866,3
811,2, 836,8
807,1, 832,9
804,1, 830,2
791,2, 832,0
791,5, 832,1
798,7, 829,4
812,4, 822,6
831,4, 834,7
948,2, 889,7
980,4, 904,0
996,2, 912,1
988,6, 884,0
997,0, 894,7
1016,5, 914,9
1030,6, 930,6
1034,0, 936,1
1030,8, 938,7
1032,7, 939,1
1032,7, 938,9
1030,4, 937,2
1033,8, 932,8
1042,0, 930,5
1052,5, 930,4
1070,6, 947,0
1077,8, 955,6
1092,5, 969,7
1113,8, 998,6
1111,2, 1000,0
1119,1, 1002,9
1128,7, 1009,8
1123,7, 1004,2
1125,8, 998,6
1121,3, 997,8
1113,4, 995,5
1103,8, 998,7
989,1, 1019,0
860,6, 1052,6
602,7, 1142,4
370,7, 1216,8
358,8, 1215,7
277,4, 1240,9
124,0, 1281,8
123,0, 1293,9
145,6, 1306,4
161,2, 1311,3
171,6, 1310,5
173,3, 1332,5
176,7, 1330,1
199,2, 1333,5
202,3, 1330,4
195,8, 1326,7
197,7, 1323,8
198,1, 1321,2
199,7, 1320,2
219,5, 1333,4
229,8, 1325,2
225,6, 1335,9
233,0, 1325,3
230,6, 1323,8
232,2, 1312,6
230,3, 1313,9
229,0, 1311,1
186,0, 1304,4
177,7, 1313,8
195,4, 1322,4
206,9, 1318,4
245,9, 1320,7
203,7, 1315,6
218,0, 1310,4
253,3, 1313,6
271,7, 1323,0
199,3, 1330,1
86,1, 1342,2
37,0, 1379,7
28,3, 1385,8
55,9, 1400,5
100,2, 1397,9
127,3, 1418,3
125,1, 1412,5
159,9, 1414,5
163,7, 1406,9
146,7, 1414,4
129,1, 1409,7
126,4, 1414,4
122,7, 1408,6
121,3, 1408,0
86,1, 1355,0
92,6, 1352,5
87,0, 1350,5
86,1, 1316,7
82,0, 1313,2
71,5, 1299,9
69,5, 1278,9
71,5, 1269,5
58,5, 1226,8
38,0, 1198,1
38,9, 1198,3
30,0, 1183,3
53,1, 1190,9
44,6, 1174,0
48,3, 1177,3
37,7, 1161,7
53,0, 1167,1
47,3, 1145,2
51,0, 1139,0
94,1, 1147,9
84,6, 1140,2
85,1, 1138,3
85,3, 1138,8
77,4, 1128,4
82,4, 1103,3
101,9, 1093,9
92,7, 1092,7
99,4, 1090,0
92,0, 1064,0
94,9, 1060,6
85,9, 1045,7
67,0, 1086,9
54,4, 1074,4
68,9, 1096,6
72,3, 1092,8
75,0, 1099,8
109,8, 1103,8
101,9, 1091,3
89,2, 1093,4
65,5, 1096,9
80,4, 1100,7
80,6, 1100,3
75,4, 1084,0
136,4, 1110,6
165,2, 1099,4
179,5, 1117,6
191,2, 1119,0
225,2, 1149,6
218,2, 1141,5
241,9, 1132,7
313,4, 1145,3
495,8, 1175,1
593,6, 1194,5
604,0, 1197,2
1048,3, 1274,0
985,3, 1262,3
1162,6, 1288,7
1202,5, 1281,8
1214,0, 1277,5
1250,7, 1277,8
1254,3, 1277,8
1264,9, 1276,9
1276,2, 1285,1
1279,9, 1284,6
1282,7, 1282,9
1269,2, 1274,2
1264,0, 1270,9
1256,2, 1258,1
1265,0, 1259,8
1308,2, 1270,1
1342,1, 1276,9
1539,1, 1321,0
1554,7, 1325,0
1633,5, 1342,0
1646,3, 1350,3
1681,4, 1360,8
1681,9, 1363,7
1681,9, 1375,0
1687,5, 1378,8
1685,3, 1360,5
1677,5, 1353,9
1668,9, 1348,7
1679,7, 1346,6
1666,2, 1375,5
1661,8, 1380,2
1668,0, 1380,3
1667,7, 1374,5
1675,8, 1372,3
1676,1, 1368,6
1685,7, 1365,7
1693,7, 1375,6
1700,3, 1371,5
1697,8, 1361,7
1698,0, 1353,8
1695,2, 1350,5
1684,0, 1360,9
1683,0, 1362,1
1699,0, 1377,5
1692,7, 1372,8
1796,0, 1367,6
1844,5, 1370,4
1921,0, 1364,3
1946,5, 1356,6
1990,5, 1348,9
1984,5, 1361,2
2013,2, 1360,4
2036,8, 1393,1
2019,8, 1383,4
2017,7, 1355,8
2016,0, 1354,5
2009,8, 1373,3
2006,7, 1367,9
2013,3, 1362,7
2039,1, 1339,7
2027,4, 1341,0
1772,8, 1232,3
1400,0, 1109,4
1428,1, 1120,4
1442,3, 1132,7
1403,8, 1125,2
1403,0, 1129,3
1467,7, 1139,9
1375,9, 1120,9
1374,4, 1120,1
1370,7, 1107,6
1371,0, 1102,3
1359,6, 1113,2
1356,8, 1117,1
1378,4, 1103,7
1367,1, 1081,2
1369,8, 1085,1
1353,6, 1077,7
1350,3, 1074,8
1351,8, 1071,6
1354,2, 1073,0
1368,0, 1100,6
1359,2, 1102,5
1360,0, 1111,1
1348,2, 1099,2
1327,0, 1096,5
1149,6, 1071,5
924,3, 1041,7
862,5, 1036,6
573,4, 1005,7
534,6, 999,9
413,2, 982,3
405,2, 983,2
520,2, 1016,6
500,3, 1014,8
507,5, 1022,3
504,0, 1025,8
502,5, 1022,9
506,3, 1022,6
488,7, 1031,7
494,9, 1024,7
421,2, 1004,7
419,4, 1004,5
496,1, 1020,7
448,0, 1006,0
426,2, 1003,7
393,9, 998,9
308,1, 980,8
246,7, 972,5
140,3, 973,2
43,3, 985,3
-59,2, 1014,8
-54,1, 1020,9
-40,1, 1009,1
-47,9, 1009,4
-43,1, 1016,1
-18,3, 1032,3
-28,5, 1020,9
18,6, 1027,8
67,6, 1050,4
36,7, 1048,3
37,0, 1049,7
81,9, 1047,0
94,8, 1045,3
104,8, 1047,8
66,0, 1045,2
55,5, 1040,2
33,8, 1036,5
112,2, 1048,3
113,9, 1058,7
185,6, 1063,3
177,8, 1065,9
173,1, 1067,1
196,2, 1071,3
204,7, 1077,4
218,9, 1082,7
221,9, 1084,3
234,9, 1068,1
301,6, 1055,6
265,6, 1047,7
288,7, 1048,3
257,2, 1044,6
261,1, 1033,2
299,6, 1011,2
334,7, 983,9
338,1, 973,7
347,4, 975,3
354,7, 970,1
370,6, 959,9
274,2, 958,6
270,3, 960,7
274,5, 969,9
329,5, 974,7
259,0, 963,0
215,6, 951,8
262,9, 936,5
171,1, 910,2
201,7, 913,9
200,7, 914,1
223,4, 912,0
170,8, 902,5
185,4, 896,9
192,8, 1011,6
203,4, 982,6
223,0, 1054,5
230,8, 1105,3
330,8, 1277,3
333,2, 1275,0
317,0, 1266,4
321,9, 1268,8
311,9, 1266,7
289,2, 1253,3
282,0, 1250,0
324,4, 1240,2
264,4, 1236,8
177,2, 1200,5
134,4, 1219,3
148,2, 1218,8
156,4, 1188,9
149,5, 1188,6
182,5, 1180,0
275,6, 1124,1
278,8, 1137,2
306,2, 1121,9
287,6, 1151,8
253,0, 1169,1
231,2, 1166,8
239,5, 1161,5
273,0, 1062,6
266,4, 1104,2
269,3, 1105,8
321,4, 1028,8
300,0, 1075,2
305,9, 1055,5
317,6, 1035,1
286,7, 1122,8
274,1, 1152,3
297,3, 1081,7
247,1, 1189,2
264,3, 1149,1
275,0, 1117,6
273,1, 1123,8
230,9, 1157,0
228,4, 1177,0
219,4, 1172,4
202,5, 1171,5
182,9, 1137,0
156,1, 1128,7
161,6, 1115,2
142,2, 1109,2
166,4, 1094,4
200,2, 1091,8
180,2, 1105,1
185,9, 1101,2
203,5, 1102,8
173,1, 1124,6
193,5, 1117,7
188,5, 1115,2
176,7, 1120,3
187,0, 1116,5
212,9, 1097,1
199,4, 1102,4
206,2, 1094,2
197,0, 1093,5
172,7, 1081,1
166,5, 1080,0
143,5, 1080,7
134,6, 1072,8
113,4, 1073,6
110,6, 1067,6
73,1, 1065,8
106,4, 1058,5
134,5, 1085,3
169,5, 1085,1
190,0, 1091,8
245,0, 1081,5
241,5, 1079,3
179,8, 1054,4
195,0, 1056,5
186,0, 1041,2
226,1, 1039,4
247,0, 1015,8
201,1, 999,1
216,3, 980,6
171,2, 975,5
188,6, 954,0
168,6, 946,1
177,1, 947,6
253,3, 1158,6
277,9, 1187,0
306,0, 1232,7
330,4, 1264,9
507,5, 1384,3
467,5, 1387,6
477,2, 1379,6
458,4, 1375,1
403,1, 1372,7
360,5, 1361,9
346,8, 1358,1
341,9, 1355,0
267,1, 1345,9
105,7, 1178,7
102,2, 1116,8
101,5, 1092,7
100,1, 1095,7
204,6, 1118,8
184,6, 1117,9
236,2, 1133,9
295,1, 1146,9
254,8, 1148,9
246,9, 1147,8
250,1, 1144,6
296,1, 1141,3
290,8, 1141,0
375,3, 1137,6
322,4, 1145,9
368,2, 1141,3
308,7, 1146,3
278,1, 1150,6
221,8, 1158,2
237,9, 1158,7
210,5, 1165,0
134,6, 1154,5
152,9, 1150,0
138,1, 1141,2
156,1, 1119,7
167,3, 1038,0
161,7, 998,4
132,0, 953,0
151,4, 896,2
158,2, 874,9
156,6, 876,0
140,7, 860,9
181,0, 836,4
147,8, 836,8
162,3, 819,0
188,5, 817,2
183,6, 819,3
244,5, 858,9
232,0, 863,8
252,3, 867,3
253,2, 873,0
315,7, 887,4
325,9, 888,6
315,1, 883,7
313,2, 888,5
345,2, 883,6
325,8, 883,4
313,5, 892,3
322,3, 910,5
345,5, 908,8
323,1, 907,5
309,2, 907,0
308,1, 906,1
297,3, 900,1
261,7, 853,7
259,2, 845,3
257,9, 838,0
241,4, 836,6
234,3, 836,8
234,3, 836,8
193,6, 795,1
190,9, 792,4
190,8, 792,1
196,6, 811,2
196,5, 811,5
350,1, 919,6
457,4, 978,5
484,6, 990,5
463,1, 981,6
476,3, 964,6
475,3, 950,3
464,8, 942,6
468,3, 930,1
456,3, 932,3
464,3, 931,4
480,2, 934,3
416,6, 932,5
424,2, 932,9
439,1, 933,0
391,7, 927,1
411,8, 923,2
396,2, 925,8
410,4, 926,0
419,2, 925,0
401,9, 921,4
396,5, 921,3
409,2, 921,3
397,9, 921,5
417,2, 921,9
345,0, 1001,4
337,2, 1002,7
320,7, 1023,0
264,5, 1110,2
264,6, 1146,5
218,9, 1243,1
204,8, 1256,2
217,8, 1255,6
225,4, 1254,8
263,0, 1244,3
256,8, 1235,5
230,6, 1242,6
227,9, 1235,6
170,6, 1246,7
249,8, 1092,8
248,7, 1122,5
264,2, 1097,0
299,4, 1038,2
281,0, 1124,1
311,7, 1192,4
306,2, 1207,5
247,7, 1219,0
245,6, 1222,3
247,1, 1222,1
251,4, 1222,6
259,0, 1225,5
257,0, 1225,1
199,2, 1231,4
184,8, 1234,5
147,4, 1240,7
100,5, 1251,4
116,1, 1246,6
82,2, 1255,0
53,2, 1264,5
73,6, 1259,1
72,2, 1268,1
128,4, 1253,9
122,9, 1252,5
252,7, 1057,4
248,9, 1080,6
524,5, 1010,4
611,8, 1018,9
799,8, 1069,7
859,0, 1113,0
947,7, 1153,3
1015,7, 1184,4
1043,8, 1203,7
985,5, 1207,9
974,9, 1212,7
1022,0, 1214,7
1008,6, 1199,5
976,0, 1199,6
943,0, 1177,4
809,0, 1072,7
625,3, 915,6
607,3, 934,0
585,0, 927,4
529,3, 897,3
524,5, 890,9
480,3, 888,6
298,9, 858,6
283,3, 848,1
234,0, 809,0
217,5, 809,4
213,4, 811,4
214,5, 800,4
198,5, 804,8
201,7, 818,1
189,1, 814,8
187,5, 820,2
237,5, 823,1
247,9, 839,8
299,2, 860,0
292,9, 861,9
225,4, 828,1
240,5, 831,3
233,8, 821,3
223,2, 807,8
202,6, 783,0
259,5, 782,6
288,3, 772,8
193,0, 751,2
171,8, 751,5
287,1, 880,8
271,5, 994,1
294,2, 1005,1
302,2, 1026,1
227,1, 1039,9
238,3, 1038,0
258,9, 1047,2
282,1, 1048,2
282,0, 1045,3
246,0, 1050,2
257,6, 1047,6
285,9, 1044,1
258,4, 1047,6
238,2, 1050,3
256,8, 1049,2
243,7, 1049,2
273,7, 1048,7
260,5, 1049,5
288,8, 1046,3
286,4, 1043,9
258,5, 1031,6
255,0, 1015,8
241,3, 998,5
173,9, 980,7
179,4, 973,8
163,0, 966,1
183,2, 970,4
204,6, 978,2
199,1, 990,5
217,2, 993,7
216,7, 998,3
243,7, 991,9
264,4, 993,9
196,0, 1015,5
214,6, 1013,1
205,7, 1012,2
246,7, 1015,8
223,8, 1005,3
185,9, 996,8
214,9, 992,1
200,6, 958,0
219,0, 965,8
317,1, 872,6
351,3, 874,1
351,6, 866,8
356,4, 845,3
330,5, 803,9
339,2, 783,3
316,5, 766,8
325,0, 761,0
306,0, 759,7
252,9, 762,8
250,9, 761,5
204,4, 767,0
145,5, 820,1
136,3, 827,2
108,5, 835,5
88,5, 861,7
86,3, 874,6
76,1, 868,3
118,6, 892,3
178,3, 922,1
227,2, 929,3
228,9, 932,7
296,4, 937,3
267,8, 944,7
301,6, 946,7
283,7, 962,4
326,9, 968,3
303,4, 968,7
333,9, 974,0
312,0, 971,0
246,5, 922,6
316,8, 912,2
305,3, 893,1
283,9, 845,8
258,5, 817,5
206,0, 746,0
101,2, 617,1
145,1, 628,4
189,3, 620,3
138,0, 601,7
152,2, 592,2
83,4, 557,0
36,5, 525,5
26,7, 515,1
298,2, 601,5
216,6, 563,8
275,1, 588,2
193,1, 547,1
213,5, 550,0
258,5, 574,7
267,6, 579,8
238,0, 584,3
242,2, 572,5
249,7, 555,1
248,1, 531,7
251,6, 529,9
260,9, 540,3
260,9, 540,3
466,1, 555,6
695,8, 598,3
797,6, 627,9
807,0, 629,5
788,0, 620,1
735,6, 595,8
755,4, 602,5
759,2, 604,0
753,2, 601,5
798,4, 625,9
892,1, 673,9
942,3, 723,4
943,4, 723,0
952,8, 687,7
952,8, 704,9
950,7, 675,4
895,9, 569,6
878,0, 525,0
868,7, 507,6
870,1, 505,9
871,8, 495,0
870,7, 467,4
876,3, 462,7
874,0, 460,2
1604,8, 539,1
1927,7, 513,2
2029,2, 531,1
2041,5, 533,2
2051,3, 531,9
2043,6, 558,3
2094,2, 547,0
2098,6, 545,9
2097,7, 545,0
2097,1, 544,2
2095,5, 539,3
2095,4, 541,0
2088,5, 567,0
2098,3, 566,9
2087,7, 571,7
2107,2, 558,7
1942,8, 672,0
1911,5, 682,7
1904,0, 699,3
1899,5, 729,3
1896,2, 756,8
1893,9, 763,5
1897,7, 769,7
1897,9, 772,5
1894,3, 774,4
1875,4, 820,2
1876,5, 814,2
952,0, 935,7
857,9, 948,0
843,2, 950,7
823,8, 956,0
826,0, 956,4
783,5, 963,5
737,4, 979,8
700,4, 986,1
704,1, 1005,2
695,6, 994,2
698,7, 994,6
700,2, 992,8
708,4, 994,5
712,6, 993,6
713,6, 988,8
714,8, 1000,1
715,6, 1001,0
704,9, 969,8
721,1, 971,2
722,3, 970,6
714,6, 963,9
721,3, 968,0
726,0, 962,5
736,5, 968,5
725,6, 960,5
727,7, 954,4
726,3, 952,7
727,0, 952,8
722,7, 952,4
720,8, 954,4
715,0, 948,1
716,2, 951,0
717,0, 947,9
715,9, 946,7
695,3, 905,1
696,2, 915,4
441,2, 908,7
448,5, 907,0
123,9, 892,5
209,2, 907,6
155,0, 978,9
149,0, 983,8
145,7, 986,4
189,3, 1004,6
214,7, 1017,0
243,6, 1031,8
241,4, 1028,3
260,0, 1037,5
293,7, 1041,9
273,8, 1055,9
279,2, 1053,0
280,5, 1051,3
285,3, 1049,6
279,6, 1044,0
245,0, 1038,8
221,8, 1033,9
162,0, 1020,4
146,2, 1016,6
150,6, 1018,4
140,4, 1017,6
104,1, 977,3
87,3, 991,6
92,7, 977,9
41,4, 966,8
47,3, 972,4
66,8, 988,2
78,2, 975,5
85,7, 984,9
87,1, 977,7
106,7, 986,6
111,7, 993,7
118,8, 1002,4
120,6, 1005,7
122,2, 1008,0
129,6, 1016,6
134,8, 1022,2
133,9, 1035,5
140,2, 1031,8
125,3, 1005,2
119,3, 1015,3
126,2, 1026,5
165,5, 1055,6
169,8, 1057,7
162,3, 1057,9
161,5, 1055,0
171,3, 1051,7
168,3, 1051,4
168,5, 1038,9
170,5, 1025,5
168,2, 1015,7
157,4, 1006,1
142,3, 985,7
140,9, 964,8
143,8, 962,6
160,1, 929,3
162,0, 934,5
162,6, 931,1
152,3, 941,5
151,1, 944,8
144,7, 946,6
132,5, 945,0
129,9, 943,5
288,3, 948,8
527,5, 956,8
579,3, 959,9
835,5, 974,8
969,1, 978,8
1018,1, 979,9
1140,3, 984,0
1140,3, 983,5
1142,5, 977,6
1137,8, 965,7
1131,9, 953,9
1134,4, 934,9
1133,6, 928,4
1130,3, 920,0
1127,5, 914,3
1128,8, 910,5
1130,7, 895,3
1149,9, 888,4
1345,4, 798,5
1696,0, 660,3
1744,8, 642,1
1879,7, 593,2
1944,0, 572,7
2133,9, 508,8
2329,6, 443,1
2330,7, 442,8
2336,4, 452,4
2321,2, 472,9
2312,6, 487,2
2326,3, 479,1
2343,8, 478,8
2346,6, 475,3
2352,7, 470,9
2338,1, 467,9
2337,5, 462,3
2338,6, 458,2
2336,3, 455,8
2331,6, 456,6
2326,6, 459,8
2326,9, 457,6
2326,5, 456,2
2329,5, 443,9
2322,7, 448,9
2323,3, 446,9
2327,6, 440,1
2326,0, 437,7
2325,9, 448,8
2333,3, 441,3
2335,0, 439,2
2340,0, 446,3
2337,1, 440,7
2339,2, 444,8
2332,5, 454,0
2333,9, 454,2
2329,0, 455,9
2330,0, 452,7
2334,7, 425,9
2335,5, 416,6
2325,0, 424,1
2343,8, 424,1
2337,0, 426,8
2355,7, 422,2
2346,3, 429,7
2341,8, 428,3
2346,5, 416,4
2341,3, 393,1
2346,2, 391,1
2343,0, 387,9
2345,0, 373,6
2343,6, 374,5
2328,2, 387,8
2328,1, 384,6
2329,2, 384,2
2325,8, 392,1
2329,6, 391,2
2328,6, 373,6
2317,6, 363,8
2321,7, 360,1
2317,0, 351,0
2317,3, 353,4
2327,5, 358,7
2323,8, 364,8
2319,9, 369,2
2325,9, 378,5
2328,3, 375,7
2330,1, 377,8
2336,0, 381,0
2136,8, 406,5
2067,9, 417,8
2032,3, 418,6
2015,6, 422,6
2033,1, 421,5
1999,3, 427,0
1937,8, 421,2
1929,0, 413,9
1918,4, 408,4
1926,2, 423,8
1930,4, 427,0
1930,1, 430,5
1932,5, 436,9
1931,5, 435,0
1927,0, 424,0
1919,9, 420,3
1887,0, 414,3
1811,5, 412,4
1640,0, 405,4
1274,5, 356,7
1243,0, 348,6
1203,3, 373,4
1195,2, 366,9
1195,4, 367,8
1179,7, 352,4
1163,3, 342,2
1165,1, 343,6
1172,7, 352,7
1160,0, 351,3
1126,4, 343,4
1133,9, 347,0
812,3, 300,8
769,8, 291,1
697,8, 276,2
706,8, 262,1
111,9, 142,0
239,3, 233,8
163,7, 286,0
43,3, 273,5
48,0, 271,5
-59,5, 155,3
-145,4, 136,5
-133,1, 126,8
-262,0, 67,1
-240,8, 123,9
-128,6, 177,1
-88,2, 185,8
-127,2, 174,7
-115,8, 203,2
-132,3, 197,9
-30,3, 284,6
159,7, 438,6
354,0, 552,4
371,6, 575,1
367,6, 566,7
319,6, 549,5
328,8, 547,7
282,2, 488,7
275,0, 485,7
262,1, 472,5
248,9, 471,4
236,8, 468,7
238,4, 467,5
238,4, 475,7
258,0, 453,6
253,6, 484,3
267,6, 486,2
475,1, 335,0
1204,1, 295,4
1758,5, 399,5
1731,3, 384,8
1706,6, 361,2
1703,8, 357,3
1703,5, 358,5
1703,7, 353,8
1697,2, 320,3
1704,2, 276,6
1719,5, 253,8
1721,7, 244,0
1716,8, 230,6
1706,4, 162,9
1707,4, 157,7
1720,5, 153,3
1712,1, 145,8
1714,6, 143,3
1715,4, 141,7
1728,1, 117,6
1734,0, 108,9
1748,7, 85,9
1758,9, 82,3
1761,1, 74,6
1760,6, 75,2
1723,0, 67,0
1668,8, 64,5
1501,5, 132,1
1484,1, 121,6
1442,6, 133,7
1396,4, 126,2
1405,3, 135,4
1413,5, 144,2
1420,1, 148,4
1430,3, 150,2
1453,7, 158,6
1449,4, 161,2
1451,5, 160,2
1207,3, 120,2
1175,7, 114,4
1173,2, 107,8
371,9, 60,5
752,6, 160,1
877,6, 170,0
1246,1, 255,0
1247,1, 255,2
1289,7, 287,7
1286,0, 292,2
1284,7, 287,6
1266,5, 281,5
1260,6, 274,5
1257,0, 267,6
1253,5, 257,5
1251,2, 249,9
1247,3, 244,0
1245,9, 241,3
1247,8, 241,0
1251,2, 243,9
1255,2, 247,9
1256,9, 248,9
1257,2, 246,6
1260,1, 245,8
1255,1, 239,0
1251,2, 234,9
1248,6, 231,0
1249,2, 222,4
1248,4, 216,8
1242,3, 205,6
1243,6, 204,8
1236,2, 204,2
1214,8, 203,8
1046,0, 116,3
1005,3, 93,2
1038,4, -8,1
1123,9, -27,2
1306,9, 33,8
1411,8, 66,1
1428,5, 70,1
1488,0, 78,7
1556,6, 93,3
1762,9, 106,1
1766,6, 100,9
1769,6, 98,8
1791,3, 82,7
1797,6, 72,6
1800,0, 85,7
1812,8, 73,3
1812,5, 69,9
1810,9, 61,4
1810,8, 51,0
1813,9, 46,5
1825,6, 43,5
1835,3, 59,0
1833,8, 54,2
1834,3, 56,9
1829,5, 55,5
1836,4, 39,5
1840,3, 41,2
1843,6, 42,9
1838,0, 42,9
1839,9, 43,4
1829,8, 32,1
1815,0, 25,2
1801,5, 18,8
1789,9, 20,0
1776,9, 19,0
1761,6, 24,5
1770,5, 24,1
1772,4, 24,9
1769,6, 30,0
1765,9, 30,9
1764,6, 32,8
1765,6, 31,4
1765,6, 31,5
1763,5, 37,6
1771,3, 40,8
1781,4, 42,8
1791,4, 35,8
1802,6, 34,6
1805,6, 30,9
1818,9, 30,1
1809,9, 23,9
1809,4, 9,2
1813,5, 13,1
1836,3, 15,9
1911,9, 23,0
1935,4, 24,0
2433,3, 28,3
2477,1, 22,5
2685,8, 3,9
2646,4, 13,2
2746,6, 68,0
2744,0, 60,5
2748,4, 80,7
2739,2, 91,3
2736,3, 93,6
2740,7, 92,8
2943,6, -36,6
3017,9, -85,9
2951,9, -32,5
2933,5, -18,2
2871,6, 27,6
2843,2, 53,3
2863,8, 42,1
2911,6, 25,9
2897,9, 36,9
2890,7, 40,3
2881,0, 23,2
2732,5, 114,8
2708,0, 126,5
2669,4, 148,3
2651,9, 148,3
2518,7, 122,8
2503,0, 143,1
2465,9, 145,8
2226,2, 221,4
2032,5, 256,7
1798,9, 325,5
1687,4, 346,1
1652,3, 339,2
1654,3, 308,1
1654,1, 285,8
1654,4, 285,2
1648,8, 279,9
1649,8, 255,2
1647,0, 208,6
1643,3, 188,0
1644,3, 188,9
1644,1, 167,0
1645,4, 166,5
1644,5, 165,7
1653,5, 170,8
1654,7, 153,6
1653,9, 144,3
1632,8, 137,1
1496,9, 84,2
1472,0, 71,3
1480,7, 8,4
1456,8, 29,3
1456,8, 29,3
1456,8, 29,3
1841,2, -158,4
1841,2, -158,4
1841,2, -158,4
-48,2, 250,1
-39,0, 254,5
-39,0, 254,5
137,1, 413,8
63,8, 342,2
61,9, 338,6
62,8, 338,7
85,0, 364,7
110,2, 389,2
130,5, 407,7
189,9, 455,8
282,7, 520,0
294,9, 529,4
297,2, 534,7
311,7, 553,4
310,9, 551,2
312,6, 555,5
309,5, 549,4
296,7, 543,9
301,4, 543,6
294,4, 577,8
223,1, 629,4
227,8, 636,1
235,9, 641,7
236,7, 641,7
226,7, 636,6
233,3, 638,3
215,7, 632,8
217,2, 674,6
216,1, 680,9
212,0, 637,9
212,4, 608,6
217,7, 607,4
239,1, 675,6
228,5, 673,1
228,5, 673,1
337,0, 576,7
364,4, 589,1
674,1, 708,5
585,8, 661,2
627,9, 681,9
650,1, 673,1
685,0, 685,3
691,3, 687,3
676,5, 671,2
684,7, 672,4
683,8, 664,5
688,5, 651,1
684,5, 645,5
685,7, 642,9
695,4, 639,4
694,9, 638,1
696,6, 626,5
695,9, 624,3
675,0, 612,5
709,4, 565,6
722,7, 562,9
1170,1, 475,8
1258,3, 451,1
1375,1, 419,3
1514,4, 360,4
1557,6, 339,7
1658,2, 292,2
1656,4, 301,2
1668,0, 299,2
1696,3, 284,2
1706,0, 233,2
1701,4, 261,8
1714,0, 209,9
1709,6, 220,9
1699,1, 274,4
1698,9, 278,8
1715,8, 263,9
1718,9, 262,6
1729,0, 212,5
1729,9, 218,6
1748,4, 207,7
1750,3, 202,7
1750,6, 196,1
1749,3, 172,6
1753,6, 156,1
1764,4, 137,0
1770,1, 132,8
1773,8, 119,2
1778,2, 129,7
1765,2, 148,1
1743,8, 164,8
1689,6, 232,2
1659,0, 279,9
1648,8, 293,2
1634,2, 310,7
1632,5, 314,2
1623,8, 329,4
1628,5, 316,9
1629,9, 319,8
1625,8, 325,4
1613,3, 322,5
1623,5, 295,2
1620,5, 297,0
1630,4, 287,6
1633,0, 287,7
1647,8, 273,0
1642,5, 272,3
1653,4, 266,2
1654,5, 264,4
1647,0, 266,9
1646,5, 262,2
1635,8, 264,2
1632,3, 276,2
1636,9, 270,5
1624,1, 306,4
1616,3, 311,4
1612,5, 307,5
1568,0, 361,3
1501,6, 438,0
1445,2, 496,5
1440,0, 505,0
1420,1, 557,7
1425,9, 578,5
1426,7, 574,1
1417,3, 570,3
1422,4, 571,2
1444,6, 568,7
1566,7, 525,4
1796,5, 480,2
2290,4, 349,4
2445,3, 304,1
2468,8, 295,6
2584,2, 258,6
2700,9, 198,5
2694,6, 201,3
2695,5, 202,1
2682,2, 211,8
2668,9, 227,4
2637,0, 264,9
2635,7, 266,9
2640,7, 269,3
2638,8, 269,1
2644,8, 270,2
2642,6, 269,6
2641,3, 270,1
2583,7, 303,3
2576,1, 304,6
2548,1, 287,2
2545,0, 301,8
2495,9, 275,5
1803,9, 286,4
1793,0, 284,1
1653,1, 266,6
1604,5, 267,8
1603,2, 268,4
1605,5, 278,3
1609,5, 291,4
1594,4, 277,0
1594,1, 268,7
1521,9, 250,3
1409,4, 215,9
1341,6, 183,0
1036,8, 180,8
550,4, 475,1
704,5, 611,6
864,4, 740,7
1092,1, 933,0
1221,2, 1024,3
1308,9, 1077,3
1448,2, 1174,1
1560,5, 1223,6
1582,1, 1230,1
1625,6, 1233,9
1631,9, 1226,8
1630,1, 1224,6
1633,0, 1226,0
1636,3, 1236,2
1642,9, 1257,4
1664,5, 1290,8
1697,7, 1327,2
1745,4, 1370,7
1754,0, 1375,8
1769,0, 1388,9
1801,2, 1403,6
1802,0, 1405,4
1802,5, 1403,6
1803,5, 1406,4
1800,9, 1405,8
1779,5, 1405,4
1774,8, 1403,4
1772,1, 1404,7
1760,7, 1402,7
1749,9, 1397,5
1729,6, 1392,9
1733,1, 1395,3
1722,3, 1398,7
1677,7, 1384,0
1678,1, 1383,3
1678,5, 1382,8
1700,8, 1386,5
1686,8, 1383,6
1703,2, 1390,3
1720,4, 1392,2
1717,5, 1391,8
1693,8, 1384,2
1695,1, 1384,0
1705,0, 1385,2
1705,8, 1383,8
1714,9, 1382,0
1715,5, 1381,9
1714,8, 1383,4
1716,2, 1383,3
1723,8, 1387,4
1724,3, 1383,8
212,7, 760,5
218,1, 781,4
229,7, 787,3
243,7, 793,1
240,9, 792,6
247,8, 796,6
250,8, 797,9
251,8, 796,6
255,3, 797,8
221,0, 780,4
211,5, 776,3
354,4, 862,7
356,0, 864,1
396,7, 871,8
395,9, 879,6
395,3, 883,5
431,1, 885,0
436,2, 883,5
442,0, 887,5
444,9, 898,7
448,9, 907,7
460,1, 903,9
470,5, 907,7
477,7, 919,8
479,4, 921,0
481,3, 922,3
477,8, 917,8
479,8, 920,8
485,1, 916,9
483,2, 918,2
481,9, 922,9
480,4, 920,6
473,9, 918,9
472,7, 902,5
469,5, 909,2
462,4, 907,7
412,8, 944,3
366,2, 999,6
267,8, 1112,0
213,6, 1177,3
243,4, 1258,8
247,3, 1264,3
231,0, 1272,9
226,9, 1263,2
236,5, 1257,7
243,6, 1269,9
244,9, 1281,6
230,7, 1277,1
237,9, 1290,9
249,6, 1305,0
255,4, 1305,4
283,4, 1304,2
294,7, 1272,0
270,9, 1261,7
255,8, 1243,7
240,6, 1193,3
238,4, 1177,4
191,7, 967,9
169,0, 923,6
163,5, 901,2
168,0, 893,9
175,2, 906,3
168,9, 896,7
170,0, 907,6
161,3, 892,2
156,5, 913,5
153,4, 920,4
146,4, 925,5
161,7, 934,6
188,0, 965,2
214,5, 1038,5
242,0, 1122,9
346,7, 1256,0
361,5, 1279,0
335,4, 1279,2
346,9, 1294,2
324,3, 1302,6
307,0, 1296,5
235,7, 1300,4
230,6, 1289,2
246,7, 1299,3
254,0, 1317,7
254,2, 1316,4
255,8, 1302,7
269,0, 1313,8
269,9, 1318,1
261,1, 1313,1
278,6, 1306,5
268,6, 1309,2
248,1, 1294,5
235,4, 1287,1
225,1, 1276,8
204,6, 1244,2
204,2, 1246,2
204,3, 1263,5
193,9, 1247,3
188,4, 1258,7
178,4, 1243,4
196,0, 1234,3
178,4, 1224,5
184,8, 1232,5
181,2, 1219,6
179,7, 1218,1
174,4, 1202,3
152,2, 1191,6
146,2, 1178,6
125,4, 1173,4
126,0, 1183,1
126,0, 1168,8
114,1, 1141,1
89,4, 1116,5
91,8, 1112,1
104,3, 1104,7
92,2, 1103,6
111,9, 1047,8
127,6, 1034,5
212,3, 1008,0
342,1, 1015,7
588,2, 1014,2
911,5, 1008,0
929,6, 1012,2
1296,4, 997,4
1891,1, 1046,5
1913,7, 1039,8
2192,5, 1097,1
2371,5, 1122,9
2473,9, 1122,9
2478,0, 1127,8
2106,8, 1176,7
2079,7, 1184,7
2289,5, 1140,5
2265,0, 1150,6
2452,2, 1073,3
2734,3, 988,9
2866,9, 935,8
2871,8, 932,7
2870,1, 926,5
2869,7, 937,9
2853,4, 952,2
2833,7, 976,5
2768,4, 1030,2
2767,6, 1026,6
2726,7, 1057,7
2720,2, 1076,5
2744,1, 1053,1
2679,8, 1154,3
2832,3, 1265,4
3063,2, 1355,5
2931,4, 1282,0
2997,4, 1319,4
3056,5, 1274,5
3102,5, 1297,1
3149,0, 1359,2
3155,7, 1373,0
3165,8, 1373,3
3188,1, 1370,8
3186,6, 1370,7
3178,7, 1368,9
3246,4, 1363,1
3255,3, 1363,0
3280,8, 1357,3
3295,5, 1354,9
3334,6, 1348,6
3343,5, 1359,3
3338,6, 1340,7
3364,0, 1338,5
3356,6, 1335,0
3095,7, 1432,8
3128,5, 1414,5
3273,0, 1345,3
3203,9, 1378,8
3279,3, 1347,2
3354,5, 1318,8
3376,9, 1311,2
3383,9, 1310,6
3404,7, 1294,9
3396,8, 1293,5
3113,0, 1299,3
2764,5, 1341,6
2774,3, 1338,9
2798,7, 1334,9
2716,2, 1347,5
2689,9, 1351,0
2667,0, 1351,5
2637,8, 1350,4
2624,3, 1351,3
2595,5, 1340,5
2608,1, 1340,7
2607,8, 1347,0
2608,5, 1340,9
2605,5, 1340,2
2613,1, 1331,9
2620,5, 1336,9
2283,4, 1260,5
2035,0, 1215,7
1931,3, 1201,3
1771,1, 1167,5
1771,7, 1173,9
1719,1, 1160,1
1634,0, 1122,5
1620,8, 1109,0
1617,9, 1108,7
1618,0, 1107,8
1606,9, 1107,3
1610,7, 1102,9
1603,7, 1105,8
1603,6, 1105,5
1524,5, 1073,9
1490,3, 1067,6
1156,3, 1022,0
832,8, 986,7
540,8, 959,6
523,7, 957,0
86,7, 894,3
43,1, 891,0
61,2, 931,8
63,3, 937,1
55,9, 925,1
50,4, 913,3
69,0, 932,7
71,4, 931,0
76,3, 932,2
123,7, 958,1
140,8, 967,1
145,3, 967,9
202,6, 977,5
215,3, 979,7
273,8, 996,3
241,5, 989,2
258,1, 997,5
271,9, 1003,9
218,0, 989,2
221,9, 990,2
221,0, 988,3
258,5, 993,5
270,0, 985,2
303,8, 998,0
283,3, 947,9
280,2, 948,9
209,7, 744,1
198,0, 701,8
102,7, 619,1
85,3, 570,7
155,3, 593,9
109,3, 590,2
158,1, 624,7
211,0, 655,1
196,0, 662,6
175,6, 680,3
288,8, 771,5
320,2, 830,5
330,0, 864,0
318,5, 884,4
326,7, 907,3
295,9, 927,5
269,4, 944,2
271,7, 945,3
252,0, 942,6
228,9, 935,1
297,5, 956,9
270,3, 955,2
252,1, 952,9
324,7, 982,5
363,1, 988,2
388,5, 984,8
394,1, 983,0
423,4, 978,5
416,6, 984,3
289,1, 1016,9
277,2, 1025,7
311,0, 1025,5
267,8, 1046,5
308,2, 1047,2
313,4, 1041,7
353,9, 1033,8
287,6, 1016,9
312,7, 1009,3
258,6, 1004,9
281,9, 1000,7
231,1, 989,2
234,6, 920,3
215,6, 882,4
341,6, 879,3
357,9, 877,8
469,8, 867,4
603,2, 862,3
602,6, 865,7
786,8, 861,1
852,5, 882,1
808,7, 870,8
814,0, 881,4
827,3, 881,6
1046,0, 874,2
1533,7, 863,2
1670,8, 873,6
1655,9, 872,2
1714,7, 876,9
1737,7, 879,2
1911,7, 893,8
1989,9, 890,0
1999,8, 888,0
2012,3, 871,2
2016,3, 869,7
2030,5, 861,6
2033,7, 864,9
2035,4, 858,4
2035,1, 863,1
2040,2, 861,3
2054,4, 859,0
2051,0, 861,3
2044,4, 879,6
2045,9, 875,9
2048,6, 868,0
2065,9, 852,8
2064,4, 848,9
2067,4, 842,1
2074,9, 837,6
2081,8, 822,2
2082,9, 819,0
2082,8, 819,0
2082,4, 819,9
2082,0, 814,1
2053,4, 814,5
2023,8, 813,1
1941,5, 808,4
1900,7, 798,8
1841,1, 793,1
1767,5, 772,0
1683,8, 758,5
1680,3, 761,1
1678,2, 761,9
1670,9, 781,8
1674,5, 768,4
1677,3, 761,3
1674,1, 757,9
1676,1, 750,4
1679,4, 754,7
1678,4, 755,4
1679,8, 756,7
1674,1, 754,3
1673,7, 757,6
1666,9, 759,3
1669,0, 759,1
1654,5, 755,6
1103,3, 702,5
1224,5, 713,6
987,1, 700,2
551,6, 652,0
676,4, 647,3
363,9, 646,7
294,5, 624,1
96,6, 623,3
22,6, 662,2
-5,2, 692,6
-12,3, 668,6
13,0, 632,0
103,8, 661,3
72,1, 637,5
96,8, 642,6
58,4, 631,9
71,1, 635,5
51,5, 627,4
66,5, 625,5
16,8, 597,2
31,4, 597,4
19,3, 591,7
-11,0, 581,5
11,3, 578,8
42,4, 587,5
42,5, 579,4
123,9, 641,4
311,6, 769,4
317,5, 786,8
308,5, 779,9
313,5, 782,8
303,5, 755,8
286,3, 697,3
300,0, 557,1
283,3, 501,9
240,1, 393,2
143,1, 350,9
-14,3, 205,3
-162,7, 114,1
-167,7, 112,3
-166,6, 105,3
77,4, 293,6
129,8, 337,5
114,9, 311,4
98,7, 266,9
105,3, 269,0
105,3, 266,8
98,8, 262,9
97,5, 262,4
113,7, 238,7
94,6, 295,8
101,4, 402,5
81,1, 610,7
62,3, 640,2
107,2, 677,0
102,3, 692,0
168,8, 735,0
190,8, 770,3
279,5, 788,5
303,1, 809,2
176,5, 784,5
212,9, 782,0
167,9, 765,5
173,0, 767,2
152,9, 756,5
-50,5, 681,9
24,0, 704,1
-92,8, 659,9
-14,2, 678,4
-13,1, 678,6
70,7, 711,4
57,7, 721,7
55,8, 735,5
122,5, 755,5
86,9, 748,5
80,4, 730,5
62,6, 747,7
61,3, 749,5
60,8, 750,4
60,8, 750,4
62,5, 737,0
140,9, 766,4
133,2, 767,7
194,0, 797,7
137,8, 785,2
199,7, 813,4
187,4, 818,0
90,9, 830,2
120,3, 844,4
137,6, 851,1
155,3, 866,1
179,0, 875,8
314,9, 931,9
365,7, 952,4
368,6, 959,3
423,3, 971,3
510,0, 987,7
636,0, 1013,0
815,8, 1050,5
838,6, 1054,4
855,9, 1057,3
869,6, 1058,3
930,4, 1050,3
933,2, 1048,2
936,8, 1047,3
951,7, 1043,0
965,3, 1046,5
981,8, 1045,3
989,1, 1040,9
988,5, 1039,0
994,