Listening for gaze data, press any key to exit...
949,1, 520,3
940,6, 518,2
920,5, 488,2
917,0, 513,3
913,2, 503,9
912,3, 506,5
907,1, 507,2
909,1, 507,2
909,2, 504,8
908,8, 500,3
908,5, 505,2
906,1, 502,8
896,1, 496,3
884,0, 498,8
891,9, 498,3
894,5, 500,6
888,8, 498,9
897,6, 487,8
901,4, 494,5
902,3, 484,3
903,5, 490,8
903,0, 482,5
902,9, 484,5
900,9, 497,0
899,3, 496,3
897,5, 498,3
902,2, 509,5
1155,0, 400,3
1381,3, 241,6
1377,3, 255,2
1413,4, 272,5
1442,1, 270,0
1450,2, 289,6
1450,4, 331,0
1441,2, 354,3
629,1, 930,7
673,1, 1038,6
747,6, 1073,3
710,1, 1063,4
742,2, 1090,2
713,3, 1139,2
742,2, 1163,9
743,5, 1166,6
727,0, 1199,6
716,2, 1213,1
747,7, 1220,3
738,4, 1246,1
761,4, 1257,3
761,7, 1249,4
754,1, 1252,6
753,2, 1252,5
808,9, 1312,7
866,9, 1462,3
908,6, 1651,4
939,1, 1670,6
933,6, 1763,5
949,7, 1949,6
936,0, 2014,3
895,0, 2503,7
904,9, 2492,6
915,6, 2455,1
912,7, 2440,7
906,8, 2413,0
908,2, 2406,6
913,4, 2394,4
917,4, 2394,0
901,6, 2368,3
889,0, 2428,2
898,7, 2467,5
883,3, 2451,0
883,6, 2454,2
879,7, 2463,4
896,1, 2491,2
926,1, 2560,8
954,2, 2608,1
964,3, 2616,0
1089,4, 2730,6
1115,9, 2763,4
1089,9, 2751,5
1082,4, 2753,8
1061,7, 2753,7
1042,5, 2741,4
969,8, 2685,4
926,3, 2669,3
808,8, 2655,9
774,6, 2622,6
759,6, 2608,7
671,8, 2558,0
585,7, 2546,3
598,4, 2538,9
639,0, 2540,9
644,9, 2527,4
663,6, 2538,1
639,2, 2521,5
638,2, 2527,3
639,3, 2530,8
625,0, 2542,8
623,2, 2519,1
624,6, 2518,9
632,1, 2521,1
555,0, 2262,1
598,7, 2255,9
629,8, 2294,5
670,6, 2333,1
646,2, 2333,7
646,7, 2321,2
680,8, 2242,0
673,9, 2252,9
686,4, 2215,1
675,8, 2214,2
674,9, 2235,8
672,3, 2251,1
584,9, 367,3
502,9, 299,0
513,5, 296,2
623,1, 245,4
607,6, 259,0
600,1, 263,5
612,0, 265,1
614,8, 265,0
613,8, 268,1
620,4, 275,0
663,7, 333,2
706,5, 384,8
730,7, 421,3
733,6, 424,8
733,4, 425,8
721,8, 415,0
735,8, 413,9
727,8, 414,2
743,5, 421,9
766,3, 447,5
767,2, 469,3
768,1, 458,2
768,8, 473,0
773,7, 485,9
773,5, 483,0
771,3, 480,8
765,5, 449,6
758,2, 422,0
742,9, 414,9
741,6, 415,2
746,5, 415,0
749,6, 419,2
765,6, 369,8
761,7, 375,5
758,0, 378,5
760,3, 382,7
759,3, 376,3
762,1, 410,7
761,8, 408,0
720,5, 414,0
707,8, 413,4
693,2, 405,8
693,2, 405,8
1069,4, 92,5
1074,3, 94,2
1099,1, 102,4
1118,4, 144,4
1125,3, 174,1
1133,5, 196,5
1143,4, 217,7
1157,3, 233,4
1177,6, 252,7
1177,4, 258,4
1372,6, 301,4
1443,3, 319,9
1486,3, 323,9
1643,6, 333,9
1824,8, 336,7
2002,0, 348,2
2024,3, 353,3
2030,4, 339,2
2040,0, 348,5
2038,3, 353,3
2030,6, 374,7
2026,0, 383,6
2026,0, 384,0
1997,1, 380,5
1988,2, 383,3
2211,5, 375,4
2392,9, 354,3
2457,0, 351,9
2476,4, 344,0
2546,0, 341,8
2564,2, 332,2
2565,9, 323,3
2590,3, 281,8
2653,6, 252,6
2640,3, 258,4
2600,4, 286,0
2596,5, 294,2
2632,1, 291,2
2635,8, 290,8
2623,3, 273,3
2619,1, 264,3
2625,6, 261,8
2627,6, 244,2
2621,3, 230,7
2639,6, 223,6
2631,5, 225,5
2618,1, 222,2
2614,3, 235,4
2608,9, 239,4
2567,4, 215,2
2551,1, 211,9
2552,2, 210,5
2539,8, 197,9
2550,7, 213,3
2555,1, 220,6
2541,9, 229,8
2540,3, 232,4
2544,6, 238,0
2565,7, 270,7
2571,5, 274,9
2581,5, 299,9
2574,3, 290,3
2561,3, 287,1
2566,7, 287,4
2567,5, 284,7
2565,7, 278,1
2579,0, 282,5
2577,0, 275,4
2566,7, 264,8
2567,0, 265,1
2571,9, 266,5
2597,8, 266,1
2595,3, 264,6
2571,9, 275,3
2590,5, 286,1
2577,7, 275,8
2576,1, 268,8
2580,8, 269,5
2579,6, 267,4
2571,0, 254,7
2582,8, 260,1
2584,0, 234,5
2592,6, 248,6
2586,4, 264,5
2593,5, 265,1
2594,1, 274,5
2592,1, 260,9
2592,0, 261,4
2610,7, 265,5
2600,1, 253,9
2603,6, 238,4
2601,0, 236,4
2598,2, 228,6
2596,0, 224,6
2594,8, 221,3
2605,3, 213,5
2609,8, 212,6
2607,2, 212,6
2546,4, 127,2
2550,7, 138,9
2549,6, 142,3
2571,6, 205,8
2535,2, 143,6
2549,8, 201,2
2492,3, 217,3
2367,5, 285,0
2174,9, 340,9
1921,5, 349,9
1773,5, 354,3
1647,1, 372,0
1564,0, 415,3
1562,7, 424,8
1579,7, 412,7
1541,9, 445,3
1503,9, 494,1
1502,7, 494,3
1512,8, 517,2
1508,4, 498,1
1508,1, 497,6
1504,1, 469,2
1503,3, 450,3
1494,5, 435,5
1481,3, 415,6
1450,8, 398,3
1391,0, 368,6
1276,9, 313,4
1179,9, 277,1
489,2, 92,0
22,1, 14,5
-597,7, 433,0
378,5, 222,3
433,2, 250,5
574,2, 338,5
688,2, 420,2
867,2, 539,2
956,0, 602,2
1183,2, 756,6
1183,2, 756,6
2013,4, 1941,6
2102,3, 2068,5
2267,9, 2308,4
2233,5, 2412,8
2229,2, 2425,3
2231,3, 2350,8
2203,7, 2331,6
2169,0, 2277,6
2189,1, 2313,3
2176,1, 2301,9
2199,1, 2340,0
2259,1, 2404,2
2263,0, 2393,5
2267,3, 2389,6
2249,6, 2368,7
2245,0, 2320,3
2255,4, 2325,7
2254,1, 2335,9
2249,1, 2342,4
2240,5, 2343,1
2140,8, 2291,9
2092,5, 2236,3
2013,7, 1943,2
1824,1, 1646,1
1780,3, 1563,0
1771,3, 1537,8
1459,7, 1178,8
1041,6, 641,6
1029,6, 623,6
877,8, 450,2
836,2, 389,7
832,5, 383,0
865,4, 420,8
869,6, 425,5
864,5, 424,6
876,3, 454,5
875,9, 467,2
828,0, 490,1
729,1, 464,2
745,7, 461,5
203,5, 378,1
226,2, 401,6
228,7, 393,2
228,9, 390,9
226,3, 402,5
225,3, 407,4
-34,8, 601,7
-27,8, 599,4
-27,8, 599,4
-20,3, 500,7
-14,8, 521,1
13,7, 488,3
74,2, 567,7
91,5, 571,0
116,2, 574,2
206,9, 626,8
257,8, 640,8
261,8, 634,0
296,1, 647,6
306,6, 649,1
292,4, 602,1
296,1, 575,8
269,5, 515,1
274,6, 515,2
277,1, 520,2
274,6, 503,7
284,3, 507,0
297,8, 505,5
289,9, 504,2
288,0, 512,7
306,3, 514,5
300,8, 519,8
319,3, 481,0
324,4, 473,5
1913,1, 2007,1
1894,1, 2014,8
1894,1, 2014,8
2009,2, 2113,8
2019,4, 2122,2
1948,5, 2123,2
1975,6, 2121,1
1927,6, 2098,6
1902,7, 2092,6
1986,1, 2109,1
1986,1, 2109,1
1908,4, 1316,1
1914,6, 1010,8
1998,7, 893,6
2049,2, 837,6
2337,8, 567,5
2267,9, 633,3
2081,1, 819,8
2340,4, 563,3
2433,1, 471,9
2472,9, 437,0
2490,4, 421,4
2507,9, 404,2
2506,4, 398,4
2510,1, 398,0
2510,8, 396,4
2515,2, 396,6
2510,7, 408,5
2521,3, 404,3
2520,1, 405,2
2513,8, 409,6
2511,7, 414,1
2498,4, 416,8
2494,4, 425,3
2485,0, 429,3
2476,9, 429,2
2442,1, 492,5
2252,2, 659,4
2231,9, 680,3
2201,3, 719,0
2194,9, 730,0
2157,0, 786,2
2131,9, 821,3
2132,4, 805,7
2128,3, 824,5
1102,2, 810,8
643,1, 802,4
471,6, 799,7
464,3, 817,9
440,0, 825,0
452,5, 848,8
447,4, 847,2
380,1, 809,2
372,9, 803,8
399,8, 815,2
423,7, 829,1
424,9, 829,9
520,1, 874,1
523,7, 876,4
513,0, 876,4
521,8, 874,1
521,8, 874,1
521,8, 870,4
535,5, 882,2
548,9, 897,5
540,2, 899,1
543,5, 899,0
551,5, 892,1
554,1, 885,6
553,8, 879,0
554,2, 874,6
538,2, 865,4
536,6, 866,7
544,7, 871,4
539,2, 869,1
544,1, 868,2
538,1, 869,9
504,8, 869,6
454,8, 874,7
336,4, 888,2
289,9, 895,3
227,1, 910,1
90,6, 940,1
73,4, 950,0
66,8, 941,8
82,3, 940,9
71,0, 940,6
29,0, 926,0
16,9, 926,8
-11,8, 915,2
-38,9, 925,4
-30,8, 913,3
-74,1, 911,7
-65,9, 900,9
-176,2, 884,9
-165,9, 874,3
-62,4, 936,3
28,5, 945,0
41,6, 948,0
12,1, 967,8
0,6, 951,5
-1,7, 951,4
21,7, 973,1
59,3, 986,7
60,0, 987,9
85,9, 933,5
88,8, 929,0
107,2, 927,4
107,9, 927,9
135,7, 855,8
126,2, 880,7
128,3, 873,9
129,3, 872,1
144,8, 868,3
150,0, 860,5
178,0, 867,9
187,2, 866,7
236,3, 847,3
262,1, 838,3
268,1, 831,7
279,6, 822,4
280,1, 818,7
275,6, 824,8
270,0, 828,6
270,3, 828,3
239,0, 825,8
233,8, 835,1
158,7, 853,2
144,5, 848,7
144,5, 848,7
144,5, 863,1
146,6, 861,3
176,6, 856,2
277,5, 861,4
503,3, 907,5
929,9, 953,1
1093,2, 955,9
1091,5, 953,5
1375,2, 963,8
1704,5, 979,9
2084,8, 994,3
2233,8, 1023,3
2325,5, 1025,5
2339,0, 1026,3
2370,3, 1015,8
2406,3, 1006,9
2422,6, 996,4
2454,5, 969,4
2470,6, 950,3
2478,0, 943,1
2457,0, 948,3
2525,0, 879,6
2561,9, 848,6
2612,2, 811,9
2767,0, 700,5
2748,6, 712,4
2773,6, 697,3
3009,6, 549,6
3287,8, 266,4
3382,7, 358,6
3354,6, 377,1
3256,2, 381,0
3199,8, 374,7
3204,6, 370,4
3215,6, 363,8
3222,0, 364,3
3229,4, 339,9
3210,8, 355,6
3219,7, 350,6
3262,7, 206,9
3320,6, 104,0
3299,9, 116,5
3290,7, 122,0
3291,4, 123,5
3291,3, 123,3
2863,7, -80,5
3338,0, 68,7
3331,3, 71,3
3331,3, 71,3
3331,3, 71,3
3292,4, 72,2
2595,3, 246,8
2522,4, 209,1
2386,5, 205,1
2291,6, 225,6
524,0, 1327,8
1176,1, 1017,0
967,8, 830,5
859,1, 733,5
844,2, 725,3
178,6, 134,5
178,6, 134,5
-91,7, -69,4
-7,7, 123,5
64,2, 163,7
38,5, 140,5
12,3, 151,5
15,0, 150,9
-23,3, 172,0
-1,6, 148,9
21,7, 181,9
22,3, 177,8
16,4, 168,6
7,5, 156,3
8,8, 166,0
24,5, 179,7
34,9, 187,3
38,3, 190,5
204,0, 128,5
420,9, 91,5
462,2, 99,4
502,5, 101,8
782,4, 113,0
1719,3, 144,2
1838,2, 122,4
1943,0, 85,5
1962,0, 56,0
1966,7, 49,5
2040,5, -57,9
2051,3, -41,8
2047,5, -37,8
2046,1, -38,6
2048,3, -41,9
2049,3, -44,8
2042,3, -48,6
2049,3, -71,9
2056,2, -100,4
2062,4, -117,5
2062,5, -117,8
2064,3, -112,8
2056,9, -79,8
2045,9, -73,8
2045,5, -67,9
2041,7, -68,4
2066,5, -66,5
2068,0, -62,0
2079,4, -38,7
2070,9, -4,3
2059,1, 11,2
2061,0, -0,1
2048,5, 31,0
2043,6, 39,6
2044,3, 28,7
2057,2, 31,8
2154,0, 113,7
2251,5, 263,7
2286,1, 308,3
2282,5, 304,9
2367,2, 431,2
2351,6, 429,9
2350,1, 434,1
2360,9, 434,7
2364,3, 434,6
2363,8, 433,2
2368,2, 437,7
2377,5, 438,9
2374,4, 430,6
2375,8, 425,2
2374,4, 431,7
2372,0, 440,1
2370,9, 442,5
2370,1, 440,9
2368,9, 440,7
2368,1, 457,0
2365,3, 460,5
2370,1, 462,8
2382,4, 464,4
2599,7, 466,6
2618,8, 466,1
2686,8, 477,3
2698,1, 483,8
3706,0, 488,3
3519,0, 440,4
3631,4, 432,4
3778,9, 425,7
3757,0, 426,0
3734,8, 425,7
3350,7, 846,7
3329,3, 989,9
3342,2, 964,3
3340,6, 948,4
3317,6, 1046,6
3319,1, 1060,2
3325,9, 1074,1
3328,2, 1009,2
3328,2, 1009,2
2712,8, 962,5
2494,3, 968,2
2540,8, 966,3
2657,0, 963,1
2437,2, 959,1
2441,1, 955,3
2443,3, 952,5
2447,2, 948,7
2426,4, 933,1
2430,9, 932,0
2420,2, 928,0
2409,3, 929,5
2368,0, 919,3
2221,6, 884,6
2139,3, 882,6
1798,5, 852,2
727,8, 760,1
373,4, 664,1
856,0, 690,4
603,7, 666,0
326,1, 652,2
188,7, 698,1
165,6, 700,6
1798,1, -221,1
-24,6, 769,3
-30,9, 795,1
-53,7, 810,6
-53,7, 810,6
-106,4, 762,9
-70,2, 813,1
-0,9, 855,4
14,4, 878,7
27,7, 930,7
29,3, 937,3
28,3, 932,7
87,4, 972,9
124,9, 992,3
187,9, 1023,4
185,9, 1026,4
170,2, 1020,5
160,2, 1014,7
159,1, 1015,8
161,7, 1018,4
156,1, 1017,5
148,1, 1028,7
144,8, 1021,8
144,6, 1019,8
149,3, 1015,0
164,5, 1029,2
164,3, 1027,1
184,0, 1031,5
195,1, 1030,1
822,9, 964,6
1029,4, 941,8
1123,2, 935,6
2931,8, 926,2
3163,5, 865,9
3176,4, 855,3
3165,2, 854,0
3182,6, 838,6
3184,6, 811,8
3163,1, 798,1
3152,6, 789,2
3151,4, 786,3
3215,9, 669,0
3178,9, 614,2
3213,6, 597,3
3227,1, 577,0
3218,2, 558,4
3210,3, 535,7
3196,1, 529,0
3203,8, 510,6
3227,0, 486,3
3227,4, 473,7
3214,9, 431,4
3209,0, 426,6
3209,0, 426,6
2971,9, 495,5
2969,7, 492,8
2971,8, 482,0
2970,3, 469,9
2956,0, 466,4
2941,1, 469,8
2648,3, 451,2
2648,3, 451,2
2694,9, 296,5
2263,2, 353,8
2235,8, 339,9
2124,8, 338,2
2096,7, 300,7
2072,2, 225,5
2030,5, 130,5
2038,9, 113,8
2024,8, 108,2
2015,9, 120,4
2013,1, 120,1
2004,8, 131,6
2001,7, 132,0
1992,7, 139,2
1944,3, 130,7
1915,1, 126,3
1373,8, 23,6
1278,3, 6,3
1331,1, 16,6
1103,7, -23,5
650,9, -86,9
103,6, -157,3
130,1, -106,5
105,8, -126,5
19,9, -78,7
-177,2, -62,3
-190,7, -73,0
-190,8, -73,5
-190,8, -73,7
-177,1, -58,7
-183,1, -66,1
-195,4, -68,1
-200,3, -61,1
-199,4, -50,4
-221,9, -76,4
-183,9, -62,6
-187,2, -63,7
-198,4, -74,3
-223,9, -89,2
-229,6, -85,3
-228,0, -81,6
-59,1, -121,7
-63,3, -122,3
-51,6, -9,4
-51,5, -227,9
134,0, -154,8
258,3, -112,2
510,6, -70,9
524,1, -71,2
528,9, -69,3
957,7, 130,4
939,1, 108,3
876,5, 20,4
928,5, 98,7
946,1, 77,1
977,1, 94,2
995,1, 104,2
1030,3, 119,7
1232,8, 181,7
1365,7, 204,3
2266,6, 2582,1
2323,9, 2493,2
2363,2, 2447,1
2335,8, 2486,8
2313,1, 2543,4
2295,9, 2540,7
2260,3, 2557,1
2255,5, 2547,2
2242,3, 2370,7
3123,7, 676,6
3129,4, 719,6
3140,2, 679,8
3155,8, 624,8
3176,0, 611,5
3183,2, 601,3
3189,1, 596,0
3203,7, 605,8
3229,4, 596,5
3299,4, 525,2
3298,0, 523,5
3292,5, 531,4
3301,6, 533,5
3300,6, 537,3
3227,6, 626,0
3200,1, 652,8
3178,4, 665,8
3159,1, 672,4
3150,6, 668,3
3155,5, 666,6
3159,4, 676,2
3110,9, 644,9
3081,8, 640,4
2796,3, 725,1
2462,0, 758,1
2453,3, 759,4
2318,0, 771,2
2311,2, 763,2
2323,0, 742,3
2336,3, 729,1
2341,6, 719,3
2336,1, 705,0
2331,1, 706,1
2331,8, 704,1
2333,6, 701,3
2324,5, 715,2
2324,4, 715,8
2326,2, 720,8
2327,8, 720,6
2328,1, 722,1
2326,0, 721,6
2312,6, 723,0
2277,5, 719,4
1873,3, 675,2
1860,9, 673,3
1358,2, 604,9
1181,4, 608,1
963,7, 594,1
153,0, 372,1
159,5, 354,8
165,5, 344,8
170,9, 345,1
177,9, 352,6
207,4, 369,2
202,2, 370,9
274,6, 449,5
269,3, 455,1
126,5, 561,5
90,7, 643,5
56,9, 619,0
49,7, 618,7
79,6, 646,3
130,5, 686,5
337,4, 890,1
392,4, 959,7
443,7, 931,3
456,4, 919,7
260,9, 905,9
379,8, 955,6
459,6, 910,7
422,3, 928,6
362,3, 850,7
351,1, 848,4
223,4, 849,1
202,4, 837,1
202,0, 794,0
196,2, 780,3
194,2, 781,4
530,8, 773,7
397,0, 792,2
330,4, 810,4
266,8, 814,7
223,0, 829,4
204,1, 836,7
204,3, 836,4
204,3, 836,4
734,9, 765,3
774,2, 746,3
923,1, 682,6
1049,4, 626,2
2358,0, 601,3
2329,9, 561,7
2339,2, 571,5
2328,2, 579,4
2335,9, 577,7
2326,2, 571,3
2310,8, 555,7
2312,5, 534,2
2320,8, 502,9
2343,0, 490,8
2345,6, 494,1
2364,5, 450,7
2407,4, 369,2
2377,8, 359,9
2362,5, 366,8
2262,3, 384,8
2290,6, 372,4
2279,4, 376,1
2177,9, 428,0
2174,6, 435,1
2174,1, 436,4
2173,8, 440,0
2173,1, 440,3
2175,5, 438,0
2241,6, 428,2
2275,6, 422,9
2641,0, 348,5
2679,4, 342,4
3081,8, 275,7
3370,3, 258,3
3582,8, 297,4
3395,5, 343,1
3395,7, 341,0
3395,8, 340,0
3397,0, 337,2
3517,2, 309,0
3469,0, 318,6
3402,1, 332,3
3633,0, 389,8
3687,3, 427,9
3688,5, 434,0
3717,3, 428,6
3706,3, 427,9
3682,3, 417,3
3688,5, 417,9
3658,7, 403,2
3620,5, 355,7
3232,5, 442,4
2929,6, 509,5
2731,0, 516,7
2705,1, 493,8
2686,3, 487,2
2576,7, 487,0
2582,2, 509,0
2612,7, 500,8
2559,3, 497,7
2532,8, 492,2
2522,8, 483,1
2502,2, 475,9
2457,5, 470,2
2495,1, 727,9
1741,4, 654,3
1756,7, 664,1
1763,4, 668,4
-49,4, 351,4
-41,9, 346,9
-59,6, 316,1
-74,9, 304,7
-51,1, 318,6
-51,1, 318,6
250,1, 139,5
967,3, 139,3
1092,0, 154,6
1078,5, 157,7
1164,2, 174,6
1300,5, 192,5
1475,3, 179,0
1498,4, 145,0
1499,2, 138,7
1485,5, 128,7
1517,0, 23,3
1522,0, 18,4
1534,2, 8,0
1534,3, 4,4
1533,9, 5,3
1534,5, 6,7
1534,8, 5,1
1533,4, 2,6
1530,5, -3,2
1534,5, 9,3
1536,9, 8,9
1542,1, 15,3
1546,8, 16,7
1552,4, 22,0
1548,2, 10,4
1552,8, 9,5
1549,9, 11,2
1805,0, 37,2
3122,3, 118,4
3796,7, -244,3
3075,3, 258,6
3293,2, 246,3
3190,0, 315,2
3379,0, 561,2
3161,0, 815,2
2949,2, 1239,6
2582,2, 1992,3
2432,7, 2284,3
2345,9, 2572,3
2339,1, 2608,4
2334,4, 2628,4
2317,5, 2707,7
2326,0, 2706,2
2278,7, 2700,1
2319,1, 2687,0
2318,2, 2668,7
2305,1, 2690,2
2306,0, 2690,5
2301,1, 2688,4
2287,7, 2692,5
2296,0, 2698,9
2329,6, 2702,0
2319,6, 2713,9
2326,5, 2708,7
2327,5, 2678,6
2323,4, 2664,8
2648,1, 2091,2
2806,8, 1797,6
2899,1, 1637,5
2916,9, 1611,1
2927,1, 1623,0
3076,4, 1443,9
3090,4, 1422,7
3092,6, 1422,3
3024,7, 1412,3
3009,0, 1411,7
3020,7, 1421,0
2989,4, 1441,6
3052,9, 1443,6
3060,7, 1452,9
3105,5, 1486,6
3160,6, 1480,7
3318,4, 1470,9
3304,4, 1480,9
3375,5, 1493,0
3356,6, 1501,2
3359,7, 1495,8
3354,2, 1499,1
3345,5, 1494,6
3351,6, 1494,6
3357,3, 1491,7
3357,2, 1491,9
3328,3, 1503,8
3321,3, 1500,2
3315,7, 1500,7
3315,4, 1495,7
3316,1, 1492,0
3330,4, 1486,7
3323,2, 1489,3
3329,1, 1486,2
3327,3, 1484,9
3322,3, 1483,6
3303,5, 1463,1
3303,4, 1465,1
3028,0, 1380,1
2931,7, 1368,5
2914,8, 1364,4
2915,1, 1363,1
2185,6, 1136,3
1576,7, 960,4
1367,2, 885,0
1322,6, 866,6
1243,6, 684,7
208,8, 557,1
35,4, 762,9
44,5, 758,7
44,5, 758,7
-121,7, 847,9
-164,6, 868,2
-260,8, 850,6
-227,9, 859,3
-236,5, 862,6
-160,5, 816,4
-267,4, 802,3
-256,0, 811,2
-216,9, 815,2
-204,7, 822,0
-99,0, 861,1
78,8, 922,1
168,9, 951,5
124,4, 910,5
107,2, 897,2
128,5, 875,6
210,2, 899,9
186,7, 876,3
131,8, 834,0
219,3, 852,0
591,4, 798,7
919,9, 764,0
1056,2, 758,7
1139,5, 757,2
1269,2, 748,4
1263,6, 749,6
1677,1, 757,6
2489,3, 781,0
2642,4, 816,4
2680,4, 828,1
2775,4, 796,4
3242,8, 622,4
3262,8, 619,8
3053,0, 718,1
3014,2, 745,5
2837,9, 816,2
2837,8, 816,0
2811,1, 859,0
2810,6, 860,5
2825,2, 854,3
2835,4, 856,0
2838,3, 894,5
2866,1, 895,8
2861,0, 902,0
3426,7, 1337,2
3421,7, 1356,7
3449,2, 1379,6
3431,0, 1388,0
3430,9, 1400,5
3418,3, 1408,9
3429,1, 1412,3
3412,6, 1412,9
3422,8, 1419,1
3393,7, 1419,7
3374,3, 1408,8
3372,9, 1407,5
3350,5, 1401,7
3348,7, 1402,3
3281,8, 1409,0
3241,0, 1430,5
3308,1, 1442,3
3307,7, 1451,6
3332,7, 1474,7
3354,5, 1479,4
3441,5, 1482,6
3419,1, 1486,6
3484,9, 1490,5
3463,9, 1487,6
3471,3, 1499,9
3441,1, 1484,7
3438,6, 1483,7
3454,0, 1484,6
3448,0, 1487,5
3443,9, 1486,6
3431,3, 1480,3
3425,8, 1481,7
3432,1, 1472,6
3429,0, 1474,0
3465,7, 1464,6
3468,2, 1465,7
3468,1, 1460,3
3438,5, 1472,3
3454,6, 1469,3
3428,6, 1475,9
3425,8, 1476,5
3438,2, 1480,8
3416,3, 1490,3
3004,1, 1042,2
3416,2, 1395,3
3370,9, 1348,6
3473,7, 1444,7
3273,9, 1251,2
3254,5, 1231,4
3465,2, 1430,6
3494,6, 1452,4
3507,4, 1458,7
3515,5, 1459,2
3486,3, 1443,3
3473,4, 1442,4
3457,6, 1439,7
3455,4, 1441,1
3464,3, 1447,5
3464,4, 1448,9
3448,2, 1445,3
3350,6, 1442,3
3278,7, 1432,3
2775,6, 1375,5
2744,8, 1379,4
2309,5, 1358,0
1942,0, 1345,9
1726,7, 1331,7
1320,0, 1307,0
1134,7, 1285,3
1139,5, 1281,7
396,8, 1316,5
105,9, 1382,9
1032,0, 673,4
1453,9, 350,0
76,5, 1410,9
117,8, 1427,8
121,8, 1426,2
123,1, 1423,6
110,6, 1419,3
82,8, 1418,4
91,5, 1417,0
75,0, 1415,7
105,4, 1439,6
109,8, 1438,0
170,9, 1445,5
171,1, 1444,1
165,0, 1442,7
192,2, 1439,3
211,0, 1436,4
219,1, 1434,0
223,6, 1435,5
218,4, 1433,9
200,9, 1436,4
159,2, 1442,0
137,3, 1447,6
158,8, 1446,9
137,7, 1447,9
135,1, 1446,2
120,1, 1444,8
117,7, 1442,7
72,2, 1436,6
121,0, 1434,0
102,3, 1432,2
120,2, 1423,4
63,5, 1422,8
105,4, 1419,8
67,4, 1423,4
111,1, 1418,5
74,2, 1424,4
118,3, 1422,7
120,6, 1430,9
3,1, 1367,0
22,5, 1363,9
-3,4, 1351,8
43,5, 1344,6
18,2, 1315,8
-23,6, 1269,7
48,3, 1246,4
104,4, 1236,7
327,0, 1245,5
827,2, 1250,6
992,0, 1253,4
1157,2, 1246,7
1410,7, 1245,7
2227,5, 799,5
2085,9, 1072,9
1797,5, 1062,2
1730,0, 1048,6
1431,9, 1028,6
1175,1, 1012,2
641,7, 942,6
528,4, 936,8
501,1, 920,9
348,0, 866,6
351,8, 868,4
320,8, 856,5
293,0, 850,7
279,9, 856,2
261,9, 890,2
247,6, 891,7
182,5, 942,9
62,3, 1007,7
29,0, 1016,9
46,7, 1027,6
18,9, 1032,0
45,8, 1043,0
24,0, 1037,2
22,0, 1036,5
5,6, 1047,6
42,1, 1056,2
44,3, 1039,6
95,1, 1049,7
32,1, 1026,2
77,9, 1038,4
26,7, 1019,4
79,2, 1030,4
41,8, 1069,5
25,3, 1081,7
81,5, 1100,8
82,4, 1253,6
180,7, 1373,7
175,5, 1425,9
202,2, 1434,2
149,1, 1425,7
220,9, 1412,0
199,2, 1415,0
191,5, 1401,3
155,8, 1395,2
188,3, 1397,2
156,1, 1395,4
173,8, 1395,2
135,4, 1388,1
184,1, 1391,1
315,5, 1399,1
322,6, 1401,8
310,4, 1397,9
322,9, 1392,2
252,1, 1309,7
257,4, 1180,0
265,8, 1194,8
297,4, 1271,2
325,3, 1099,5
282,6, 1100,4
284,2, 1094,4
236,7, 1050,0
294,3, 953,7
303,0, 1022,3
328,1, 1011,6
338,6, 915,1
327,4, 991,3
165,5, 1065,6
212,4, 1077,2
138,1, 1136,2
109,6, 1180,7
54,5, 1228,8
53,2, 1229,6
-10,5, 1254,8
29,2, 1254,9
18,4, 1258,4
-35,3, 1260,8
-16,4, 1260,6
2,6, 1260,5
34,1, 1275,3
-1,3, 1271,0
50,5, 1341,5
143,6, 1410,0
188,2, 1439,0
155,0, 1449,4
170,4, 1443,7
210,2, 1429,3
167,7, 1433,2
195,1, 1358,3
220,2, 1333,8
208,1, 1353,0
213,6, 1335,8
219,4, 1316,2
272,7, 1273,5
276,0, 1251,0
256,2, 1316,3
152,9, 1374,1
189,6, 1392,2
109,6, 1406,4
140,6, 1381,8
105,5, 1378,6
141,1, 1364,3
121,6, 1361,0
129,3, 1356,1
184,7, 1341,8
166,3, 1338,3
144,0, 1331,8
114,9, 1307,8
163,3, 1283,2
153,9, 1300,3
406,5, 1244,6
806,4, 1175,0
770,5, 1177,3
818,0, 1179,2
1584,5, 1110,4
3365,9, 1348,8
2823,7, 714,8
3431,3, 1493,9
3426,1, 1471,2
3418,2, 1466,7
3423,8, 1467,1
3419,5, 1466,7
3449,8, 1467,7
3470,9, 1459,5
3447,2, 1464,3
3466,4, 1481,1
3462,6, 1484,6
3465,5, 1483,2
3463,2, 1484,2
3453,1, 1480,3
3441,6, 1475,9
3448,0, 1472,3
3403,8, 1467,8
3450,0, 1472,8
3434,8, 1470,6
3443,5, 1467,9
3439,5, 1467,5
3485,1, 1467,7
3452,9, 1473,9
3459,3, 1473,9
3428,1, 1478,0
3126,9, 1131,4
2868,9, 877,4
2851,7, 849,4
2783,3, 792,4
2768,9, 768,6
2753,6, 733,5
2749,2, 727,7
2745,7, 714,4
2749,8, 706,3
2747,8, 702,0
2761,2, 715,2
2761,9, 708,3
2760,5, 695,6
2690,1, 700,2
2236,3, 665,2
2216,0, 659,4
1946,7, 603,0
1729,8, 597,9
1505,5, 338,5
1122,2, 468,9
1360,0, 259,0
594,0, 519,0
591,6, 519,1
585,5, 517,2
500,9, 498,4
479,6, 494,3
514,4, 473,9
524,7, 451,9
522,2, 447,5
518,3, 435,0
508,1, 436,1
523,8, 434,7
466,5, 455,4
461,0, 469,1
441,6, 585,5
154,6, 841,1
150,7, 793,9
14,2, 659,4
-79,3, 577,0
-124,4, 527,6
-82,5, 501,6
-80,4, 449,4
-157,2, 356,6
-200,6, 284,1
-210,8, 210,3
231,2, 390,5
67,1, 304,0
183,2, 364,0
222,2, 378,7
150,9, 341,3
193,5, 378,0
234,7, 402,5
91,5, 387,4
-92,4, 341,4
-168,3, 333,0
-163,0, 342,3
-141,3, 355,8
-140,8, 357,1
-140,8, 357,1
-148,0, 366,6
-138,1, 360,0
-130,8, 369,5
-131,7, 368,8
-106,0, 376,9
-95,9, 381,3
-95,6, 381,3
53,5, 392,3
247,1, 429,7
418,4, 497,6
431,1, 501,9
448,9, 506,7
469,8, 514,1
467,8, 511,3
461,8, 505,7
450,1, 497,0
418,2, 476,6
365,0, 439,1
488,7, 508,9
464,2, 505,2
481,5, 518,1
493,9, 526,8
503,8, 532,4
520,9, 537,5
525,2, 528,4
539,8, 533,2
537,4, 529,3
520,7, 518,4
531,8, 523,6
533,2, 527,9
527,8, 523,7
527,5, 524,2
560,7, 543,1
577,2, 554,8
592,8, 567,9
608,2, 583,0
989,8, 754,1
1281,0, 885,4
1476,1, 972,9
1480,9, 975,2
1479,0, 972,7
1479,6, 972,3
1493,4, 972,4
1515,2, 973,1
1576,6, 986,2
1596,5, 986,2
1603,3, 987,5
1607,9, 983,9
1612,6, 979,9
1616,6, 975,0
1618,4, 968,8
1625,3, 965,0
1628,9, 965,1
1628,1, 961,4
1628,0, 958,1
1626,1, 956,2
1624,8, 953,3
1624,2, 952,5
1625,2, 949,6
1623,1, 952,4
1617,2, 942,4
1615,1, 938,8
1603,2, 929,9
1592,8, 922,6
1620,9, 952,3
1618,1, 939,6
1618,1, 937,1
1611,1, 931,1
1609,5, 934,1
1602,6, 929,8
1607,7, 937,1
1609,4, 938,1
1613,7, 945,0
1591,0, 929,7
1604,4, 931,7
1613,7, 933,5
1613,5, 935,4
1613,9, 936,4
1544,7, 922,4
1544,3, 922,6
352,3, 715,5
219,5, 686,8
362,3, 703,4
166,8, 709,7
168,2, 721,0
171,5, 717,2
283,0, 837,0
278,3, 815,3
296,6, 848,8
280,0, 826,3
279,7, 826,2
255,4, 849,3
251,6, 854,5
233,1, 848,1
238,7, 848,5
263,2, 892,3
258,6, 871,9
281,6, 885,5
288,0, 875,7
289,3, 870,4
287,9, 887,3
295,9, 885,8
346,5, 901,7
324,3, 907,0
347,4, 926,0
371,8, 949,3
377,9, 936,3
400,7, 953,0
396,7, 948,1
400,6, 953,3
392,1, 938,7
385,8, 937,0
379,0, 924,1
334,2, 913,0
322,6, 891,8
302,3, 889,9
273,8, 871,4
274,8, 884,8
222,6, 837,4
153,6, 749,2
126,6, 735,1
143,3, 748,9
166,2, 764,6
185,8, 753,7
183,4, 747,2
190,8, 757,8
187,1, 746,6
207,3, 771,3
236,6, 793,8
238,3, 792,6
238,3, 791,1
230,3, 786,1
228,1, 785,8
226,2, 785,1
218,9, 789,5
210,9, 789,2
267,1, 845,8
270,7, 846,5
299,4, 859,2
369,6, 892,8
378,3, 896,7
413,3, 909,7
411,5, 903,2
406,4, 892,9
406,9, 895,6
407,8, 895,8
412,5, 895,7
882,0, 915,7
1884,4, 834,5
1903,1, 826,2
1932,7, 835,5
1943,2, 836,1
1989,8, 821,9
2007,1, 813,3
1984,8, 801,7
2031,7, 773,2
2032,9, 762,2
2093,4, 711,8
2137,9, 571,9
2248,5, 288,1
2255,5, 269,8
2275,9, 209,8
2262,0, 238,2
2250,4, 295,3
2227,1, 333,5
2226,8, 330,8
2220,2, 349,3
2211,2, 375,6
2173,7, 468,3
2185,2, 449,5
2193,1, 434,1
2185,6, 455,0
2193,8, 426,3
2195,6, 434,5
2191,7, 434,5
2192,9, 429,7
2208,9, 435,1
3059,1, 831,6
2985,3, 793,5
3130,5, 896,7
3417,1, 1114,2
3606,7, 1257,7
3632,0, 1286,9
3619,3, 1291,6
3579,9, 1296,9
3518,4, 1321,4
3507,6, 1330,8
3447,7, 1365,4
3420,6, 1390,2
3359,2, 1443,0
3365,0, 1442,3
3347,5, 1460,0
3311,4, 1471,3
3287,4, 1473,0
3287,5, 1475,4
3294,6, 1482,0
3285,5, 1471,3
3295,3, 1463,7
3337,1, 1473,4
3369,6, 1478,1
3425,1, 1476,2
3438,3, 1456,3
3442,6, 1442,5
3454,7, 1422,3
3482,8, 1437,6
3478,5, 1445,6
3463,5, 1449,4
3461,3, 1449,2
3332,4, 1258,9
3139,6, 938,0
3001,6, 660,9
2948,0, 569,2
2887,5, 422,0
2886,2, 420,5
2891,8, 357,9
2895,4, 364,1
2872,6, 364,7
2864,9, 353,5
2176,0, 231,5
1669,9, 260,3
1682,9, 294,8
1644,9, 406,1
1644,4, 429,2
1635,1, 452,9
1611,9, 485,2
1608,8, 474,7
1601,1, 427,9
1595,2, 412,3
1584,8, 339,9
1581,6, 310,8
1571,7, 282,4
1557,5, 232,6
1427,9, 179,0
1233,9, 130,2
-224,3, 72,5
-114,2, 130,3
-144,1, 106,4
-442,6, -50,3
-520,3, -97,4
-540,7, -108,9
-540,7, -108,9
-540,7, -108,9
-540,7, -108,9
63,4, 103,7
58,7, -76,3
111,0, -80,9
99,0, -90,7
297,1, -43,9
299,2, -37,9
744,7, 62,6
1054,0, 133,1
1160,3, 158,4
1250,4, 171,6
1282,1, 177,3
1322,1, 143,4
1440,8, 93,9
1417,8, -5,0
1434,2, 17,7
1436,4, 19,5
1442,3, 27,7
1452,6, 40,3
1453,9, 42,8
1453,2, 42,1
1459,8, 50,3
1455,1, 54,3
1451,5, 47,0
1454,4, 46,0
1456,4, 69,0
2823,7, -13,8
2781,3, 45,6
2751,5, 91,3
2748,2, 95,2
2777,4, 76,8
2770,8, 76,5
2645,2, 239,9
2578,1, 345,6
2570,2, 358,8
2522,9, 426,0
2454,4, 483,2
2456,9, 482,8
2472,2, 482,1
2446,0, 479,5
2444,9, 479,2
2441,9, 478,6
2440,2, 479,2
2433,3, 482,8
2432,9, 482,9
2435,2, 482,7
2437,9, 480,8
2435,7, 478,5
2099,6, 612,4
2104,9, 607,2
2106,8, 602,5
2106,3, 602,8
3234,7, 146,7
3158,8, 204,3
3177,8, 200,3
3182,5, 192,1
3184,6, 188,5
3035,2, 517,7
3048,4, 518,6
3057,9, 515,7
3053,9, 515,6
3043,0, 516,7
3035,7, 518,6
3001,1, 518,8
2900,2, 496,7
2830,0, 488,5
2476,3, 488,0
2415,3, 515,1
1899,7, 474,5
1628,2, 451,1
1592,4, 459,1
1536,0, 456,4
326,8, 378,0
311,6, 389,1
295,9, 384,0
319,0, 345,8
291,9, 355,6
304,2, 369,4
323,7, 360,7
316,5, 339,7
319,3, 344,3
192,5, 421,1
263,5, 521,4
337,4, 581,8
348,9, 592,6
340,9, 587,4
358,7, 557,3
360,5, 543,2
352,5, 526,8
327,9, 504,3
298,1, 498,0
296,4, 495,6
280,5, 484,1
277,0, 473,5
265,9, 473,9
242,5, 463,1
241,6, 441,9
224,6, 432,5
184,1, 424,6
124,0, 426,2
110,6, 425,5
37,2, 334,2
18,1, 311,6
118,3, 301,7
148,9, 278,5
68,2, 264,7
53,5, 272,0
108,2, 234,0
275,1, 252,5
339,7, 228,8
391,8, 211,9
423,5, 215,7
462,9, 224,0
2186,7, 1400,0
2084,5, 1686,3
2158,4, 1994,0
2027,6, 2123,0
2009,0, 2133,7
2004,4, 2164,6
2015,9, 2178,5
2057,8, 2213,7
2095,9, 2243,8
2101,3, 2249,2
2122,6, 2282,5
2132,7, 2292,8
2154,2, 2332,2
2250,4, 2490,0
2261,4, 2507,7
2283,5, 2541,5
2313,2, 2547,2
2306,7, 2529,0
2329,0, 2537,6
2319,2, 2515,4
2314,4, 2509,6
2315,3, 2514,6
2319,2, 2523,3
2322,3, 2540,9
2312,6, 2537,7
2302,9, 2539,0
2301,9, 2533,1
3428,0, 590,5
3406,1, 565,1
3382,3, 571,5
3355,5, 581,2
3267,8, 610,1
3174,5, 659,2
3116,9, 687,1
3095,4, 699,7
3064,0, 726,4
3034,1, 744,6
2995,6, 769,1
2967,4, 787,7
2971,8, 782,8
2973,0, 778,5
3005,6, 768,5
3007,9, 768,7
3033,4, 765,9
3035,9, 762,9
3051,4, 758,6
3053,2, 757,2
3081,7, 746,0
3100,0, 741,7
3100,6, 697,7
3101,1, 687,6
2459,6, 882,5
2497,1, 877,3
2380,8, 911,0
2422,9, 900,3
2365,7, 919,8
2387,5, 921,3
2388,3, 930,2
2383,8, 932,3
2368,4, 937,7
2329,8, 951,8
2325,7, 947,6
2322,9, 946,4
2281,4, 948,8
2016,3, 978,9
2015,6, 974,5
-226,1, 1456,0
-262,7, 1455,4
-252,5, 1450,9
-233,4, 1455,4
-207,3, 1454,0
-117,7, 1439,9
-84,8, 1426,3
-21,7, 1384,2
-20,9, 1387,0
12,9, 1380,8
109,5, 1361,2
168,7, 1354,8
194,0, 1356,9
195,9, 1357,6
195,6, 1357,6
193,8, 1357,2
187,9, 1349,3
170,1, 1350,5
126,4, 1363,9
126,0, 1365,4
118,0, 1360,7
122,0, 1356,5
199,7, 1341,5
197,5, 1343,4
208,4, 1339,1
204,1, 1338,4
210,2, 1337,4
184,4, 1340,9
136,4, 1333,9
145,2, 1329,1
135,1, 1312,0
149,8, 1316,8
146,2, 1311,8
152,4, 1286,7
197,0, 1248,2
207,4, 1235,8
180,2, 1229,4
235,3, 1189,7
227,3, 1183,0
254,6, 1171,4
346,2, 1080,7
324,9, 1095,6
323,5, 1101,5
360,3, 1078,7
342,5, 1101,7
298,6, 1132,9
281,2, 1162,0
258,7, 1184,4
220,1, 1200,4
241,2, 1192,7
222,8, 1194,7
257,8, 1171,8
260,6, 1169,5
202,8, 1175,5
225,1, 1165,6
208,2, 1153,0
211,9, 1123,3
220,8, 991,0
226,1, 838,3
215,4, 568,5
213,1, 582,5
296,9, 467,6
321,3, 436,6
326,4, 442,8
300,6, 428,8
307,7, 444,1
317,1, 444,3
338,8, 444,5
319,1, 437,0
326,8, 435,7
369,6, 459,7
417,2, 486,8
423,2, 493,9
382,0, 461,8
348,1, 477,7
435,5, 501,0
336,9, 451,4
400,0, 472,7
377,6, 474,3
392,1, 481,1
427,9, 489,9
392,0, 488,4
332,7, 598,6
244,3, 622,3
272,8, 663,9
193,0, 715,4
196,4, 746,7
423,3, 747,1
349,0, 734,4
321,2, 714,7
116,9, 657,0
125,6, 656,1
336,3, 776,1
349,4, 838,5
370,1, 956,1
380,8, 977,7
329,7, 988,7
340,1, 994,3
316,1, 1006,4
310,4, 1000,0
317,9, 988,7
315,5, 986,1
329,5, 980,0
329,1, 970,7
311,9, 944,9
326,9, 946,3
320,2, 942,3
339,1, 954,0
353,1, 944,4
394,1, 955,6
410,7, 953,7
383,0, 953,7
313,2, 948,9
288,8, 941,8
269,0, 934,2
297,3, 936,9
222,2, 908,2
254,3, 909,2
256,2, 889,0
275,0, 887,9
230,5, 873,2
248,4, 879,4
211,5, 875,5
209,7, 868,7
124,6, 858,5
139,1, 860,1
150,0, 861,9
118,8, 978,3
134,8, 976,6
116,7, 1072,0
180,7, 1156,9
169,0, 1194,5
69,1, 1201,0
77,4, 1179,4
42,5, 1162,3
25,0, 1167,9
21,1, 1170,4
3,9, 1174,5
10,2, 1173,1
5,9, 1177,8
38,6, 1180,5
76,9, 1280,5
157,3, 1423,1
228,2, 1499,9
212,7, 1521,5
233,9, 1522,2
247,5, 1531,8
239,2, 1530,3
199,4, 1529,7
146,6, 1546,6
146,8, 1547,5
180,7, 1531,4
145,0, 1547,0
152,5, 1543,8
160,3, 1541,2
147,4, 1545,3
174,5, 1530,1
155,2, 1538,7
156,3, 1539,7
152,5, 1544,6
187,8, 1533,4
165,3, 1535,2
204,2, 1511,4
77,7, 1446,2
97,7, 1424,7
78,2, 1422,9
89,5, 1413,2
54,0, 1409,6
73,3, 1396,8
49,6, 1398,8
15,6, 1397,0
30,0, 1392,7
100,9, 1295,3
160,6, 1082,9
193,4, 966,3
295,4, 579,1
320,8, 561,2
310,7, 520,6
303,9, 535,4
314,4, 537,5
316,5, 532,7
322,0, 538,9
319,0, 542,1
273,2, 550,0
259,2, 549,7
207,8, 572,9
177,1, 601,1
181,9, 643,1
194,2, 643,0
189,8, 640,9
187,8, 640,0
481,8, 703,1
937,8, 779,8
1013,2, 779,4
1061,0, 771,4
1071,1, 766,4
1077,0, 764,0
1120,7, 757,7
1207,2, 695,3
1205,0, 645,7
1209,7, 671,6
1189,8, 635,8
1176,9, 613,5
1163,3, 595,8
1111,8, 517,9
1114,9, 517,7
1115,9, 516,8
1117,7, 516,5
1126,4, 519,0
1128,1, 519,8
1129,6, 519,4
1131,0, 518,0
1116,8, 523,0
1116,2, 525,8
1136,5, 533,7
1146,1, 535,4
1136,4, 533,5
1124,6, 531,4
1096,4, 524,5
791,3, 460,6
456,6, 386,2
440,1, 380,6
-411,4, 168,5
-427,7, 143,0
-431,2, 147,6
-410,0, 162,6
-399,0, 172,0
-404,9, 172,0
-395,0, 175,1
-400,0, 143,3
-379,5, 150,0
-407,4, 114,5
-421,4, 99,0
-422,1, 99,0
-400,6, 204,9
-391,1, 204,0
-361,6, 199,9
-378,2, 181,8
-443,0, 129,5
-392,3, 128,8
-444,0, 85,8
-448,2, 81,4
-408,8, 120,6
-387,7, 142,4
-406,5, 137,4
-401,9, 154,3
-374,8, 175,1
-363,0, 200,3
-362,2, 202,4
-377,5, 247,1
-490,7, 356,7
-434,8, 375,6
-464,9, 376,5
-429,6, 378,1
-357,3, 429,1
-232,1, 525,8
-216,1, 511,8
-149,6, 577,5
-66,1, 611,2
-62,0, 701,2
-17,4, 740,5
49,2, 834,5
115,2, 850,9
141,2, 897,6
156,3, 900,7
205,8, 906,8
211,3, 908,7
210,5, 909,5
194,3, 928,1
198,9, 927,1
196,7, 932,1
208,0, 921,9
184,2, 922,7
172,2, 866,6
168,6, 860,7
170,7, 870,8
172,2, 875,2
176,1, 881,4
180,3, 892,1
236,6, 895,4
248,4, 914,0
276,2, 914,4
285,1, 942,5
313,8, 930,8
314,1, 944,8
326,8, 931,8
322,8, 935,2
290,7, 955,4
296,2, 951,0
286,9, 947,8
297,5, 931,2
271,7, 928,0
250,9, 930,7
253,3, 922,4
259,6, 931,7
274,8, 1050,9
297,2, 1161,4
319,5, 1156,8
380,4, 1114,7
632,7, 998,8
570,7, 1050,2
522,1, 1081,6
375,3, 1169,7
383,8, 1109,3
408,8, 1084,8
392,1, 1100,5
191,7, 1225,5
181,2, 1217,7
157,9, 1202,4
156,5, 1202,3
170,0, 1204,2
169,7, 1203,5
163,5, 1208,6
152,5, 1190,5
153,2, 1198,2
152,7, 1181,3
143,3, 1185,0
121,1, 1179,0
114,3, 1180,3
114,4, 1184,5
118,0, 1189,5
98,7, 1195,8
97,6, 1195,1
87,1, 1190,6
82,1, 1187,8
55,4, 1188,1
62,9, 1196,4
79,6, 1208,1
87,2, 1209,9
95,1, 1205,9
122,2, 1165,6
112,0, 1119,5
107,5, 1094,7
75,7, 955,8
72,2, 892,8
66,3, 807,8
79,2, 799,5
216,5, 745,0
276,8, 771,5
343,6, 775,4
403,8, 796,3
409,1, 821,5
398,9, 822,6
407,2, 829,5
420,9, 833,6
421,4, 834,9
421,7, 834,3
420,6, 840,1
422,1, 840,6
415,6, 835,9
418,1, 834,4
419,0, 838,9
418,7, 836,9
417,8, 817,0
356,8, 825,0
348,8, 825,2
344,1, 820,2
338,6, 802,5
325,0, 804,5
322,1, 806,8
317,1, 802,5
399,9, 780,5
415,6, 772,4
415,1, 759,2
410,1, 744,1
412,0, 750,4
406,3, 742,5
567,3, 503,1
590,5, 471,5
552,9, 616,5
402,6, 702,2
421,4, 685,8
226,4, 683,9
246,4, 710,3
300,0, 682,3
280,5, 712,5
343,7, 690,7
642,5, 779,9
659,0, 781,4
736,6, 795,4
757,3, 780,8
763,5, 747,7
743,2, 726,4
749,8, 730,4
671,7, 664,0
647,5, 641,9
647,2, 639,7
570,1, 599,5
568,5, 595,6
568,9, 593,9
576,5, 608,4
576,4, 613,6
579,8, 608,2
584,8, 599,2
591,5, 591,1
621,0, 610,0
621,1, 606,7
621,5, 606,2
600,7, 608,7
581,8, 612,4
538,0, 628,6
373,0, 617,4
339,9, 621,4
201,8, 639,5
176,0, 647,5
171,2, 660,8
222,7, 693,8
228,8, 724,5
249,8, 737,6
236,8, 752,7
244,3, 761,6
258,7, 770,8
273,6, 781,4
310,4, 789,3
339,0, 791,4
303,0, 789,3
307,8, 789,6
269,2, 794,7
287,9, 794,2
258,6, 839,5
221,8, 863,7
301,3, 880,9
338,8, 880,2
320,9, 889,0
324,5, 892,6
247,0, 902,7
250,7, 907,5
220,6, 914,4
245,1, 917,8
231,3, 915,8
279,6, 932,9
255,0, 944,2
313,8, 959,5
274,2, 966,6
367,5, 959,0
326,9, 955,1
307,6, 954,5
337,4, 957,2
423,6, 992,1
486,9, 1041,9
532,3, 1069,9
588,0, 1102,5
554,9, 1087,4
613,9, 1113,0
598,1, 1112,3
615,2, 1119,7
634,5, 1132,4
601,6, 1126,1
430,7, 1175,4
367,0, 1207,8
111,4, 1308,0
63,2, 1325,9
69,1, 1327,5
87,2, 1327,8
112,6, 1336,9
111,1, 1339,3
120,7, 1344,5
122,8, 1347,2
137,0, 1350,5
151,5, 1361,6
156,5, 1362,1
165,3, 1365,3
180,6, 1377,9
170,3, 1373,4
162,1, 1362,3
176,5, 1367,7
165,0, 1365,9
165,8, 1370,3
158,9, 1371,8
163,5, 1380,8
157,2, 1374,0
144,2, 1374,6
150,0, 1370,8
161,6, 1379,0
155,3, 1374,4
156,1, 1372,5
145,3, 1374,8
137,0, 1373,5
130,4, 1379,2
117,0, 1375,1
134,1, 1319,9
138,4, 1302,1
123,2, 1324,9
64,4, 671,4
65,3, 630,8
208,6, 679,1
212,2, 672,8
209,6, 665,9
264,3, 707,2
329,9, 740,8
399,3, 796,7
423,6, 813,3
455,4, 844,4
456,5, 847,1
456,9, 848,5
469,8, 828,7
480,9, 827,4
493,0, 821,2
497,1, 819,5
495,8, 827,6
497,0, 823,9
498,1, 829,8
493,3, 830,9
471,9, 822,4
480,6, 823,7
492,5, 806,3
538,3, 779,5
553,5, 767,7
561,4, 759,6
565,1, 751,8
567,9, 749,6
486,7, 803,7
488,1, 809,6
488,4, 805,5
1234,1, 423,2
999,9, 529,5
487,8, 731,9
399,7, 859,0
390,4, 875,0
411,1, 938,7
451,1, 989,9
461,4, 1094,2
452,5, 1087,7
457,5, 1087,4
443,5, 1082,4
421,8, 1080,7
408,8, 1068,2
406,3, 1066,2
392,6, 1071,4
393,7, 1069,5
380,4, 1064,1
382,2, 1058,5
387,8, 1040,2
375,8, 1035,4
372,9, 1039,4
381,2, 1034,9
387,6, 1028,0
384,5, 1034,5
370,5, 1028,6
342,2, 1039,3
325,1, 1018,7
318,5, 1018,6
331,0, 1041,1
371,8, 1028,9
471,3, 962,6
331,5, 1126,9
186,7, 1228,5
155,8, 1258,4
190,5, 1233,0
55,3, 1340,7
46,1, 1333,2
50,9, 1341,9
38,7, 1330,0
64,8, 1350,9
76,2, 1350,1
66,2, 1341,2
45,0, 1323,2
138,5, 1115,6
36,4, 1103,7
129,0, 1030,5
82,7, 1025,5
89,2, 1016,6
-7,3, 1096,4
2,3, 1090,5
11,1, 1088,3
2,3, 1105,2
114,0, 757,3
155,8, 713,1
275,6, 544,0
281,7, 341,1
227,9, 356,3
226,9, 357,5
197,0, 338,4
220,7, 356,2
224,5, 357,6
172,0, 304,6
243,4, 518,6
296,1, 668,2
312,0, 775,1
311,4, 834,9
310,9, 887,9
319,9, 981,9
318,4, 977,6
335,6, 1057,1
333,6, 1052,6
336,6, 1054,2
351,3, 1054,9
367,1, 1050,1
375,5, 1052,6
378,7, 1055,3
434,3, 1050,3
702,0, 1034,7
779,9, 1027,3
907,1, 1007,7
1176,3, 961,3
1380,3, 939,7
1523,6, 916,3
1547,0, 912,4
1662,8, 857,4
1831,8, 769,7
1909,5, 755,9
1937,6, 748,1
2086,3, 728,1
2168,0, 737,2
2235,5, 759,3
2388,6, 855,4
2426,7, 854,0
2531,3, 834,7
2530,9, 831,3
2618,4, 806,9
2647,6, 781,3
2645,4, 787,8
2629,7, 800,2
2618,7, 805,8
2619,5, 803,9
2614,6, 807,7
2614,3, 806,5
2622,2, 796,0
2621,0, 796,8
2628,0, 782,5
2619,1, 778,3
2621,3, 778,7
2616,5, 782,5
2618,5, 782,9
2630,1, 767,9
2699,1, 717,0
2740,9, 685,8
2925,5, 550,5
2967,4, 521,8
2971,5, 519,4
3035,9, 480,9
3049,1, 458,3
3048,6, 453,2
3050,9, 451,1
3000,4, 505,9
3004,4, 501,1
2985,6, 517,7
2965,5, 535,7
2957,3, 551,5
2941,5, 544,1
2944,7, 548,8
2946,3, 561,4
2887,9, 552,6
2222,2, 497,8
2090,8, 502,8
2027,1, 506,8
1474,4, 46,6
1474,4, 46,6
1474,4, 46,6
1474,4, 46,6
1474,4, 46,6
1537,8, 133,6
958,5, 329,7
973,9, 342,3
1123,6, 340,5
1246,3, 331,7
1341,1, 322,0
1601,2, 295,5
1725,4, 272,0
1793,2, 264,5
1880,0, 188,6
1892,0, 176,4
1916,8, 164,4
1921,4, 155,6
1906,6, 128,2
1921,4, 108,2
1915,2, 90,3
1955,1, 124,4
1957,7, 116,9
2247,3, 181,7
2767,5, 374,5
2778,1, 362,3
2952,1, 356,4
2986,6, 364,0
3157,1, 356,3
3143,2, 359,2
3011,0, 421,6
3076,7, 399,2
2802,1, 294,1
2813,8, 322,2
3081,8, 407,3
3093,4, 396,5
3127,3, 401,9
3130,0, 402,1
2949,0, 395,7
2903,9, 370,8
2915,6, 363,2
2916,3, 366,0
3006,3, 592,3
2824,3, 556,2
2730,0, 543,7
987,0, -226,9
92,1, 502,2
24,9, 464,2
-19,6, 430,8
-45,4, 404,3
-3,2, 424,8
500,1, 333,2
602,2, 338,4
657,6, 306,6
597,3, 378,9
408,0, 501,5
374,6, 578,1
658,4, 580,6
1108,6, 786,1
1115,3, 808,2
1245,0, 837,6
1574,2, 861,2
1619,0, 862,1
1863,5, 821,7
1972,8, 793,6
2040,9, 778,1
2017,0, 778,0
2171,9, 668,4
2152,1, 681,7
2159,7, 669,6
2191,6, 636,2
2193,7, 620,0
2194,5, 616,4
2192,4, 621,0
2185,6, 629,1
2174,0, 637,6
2174,3, 637,5
2174,9, 635,7
2174,6, 631,6
2173,2, 630,7
2175,6, 624,3
2177,3, 618,2
2177,4, 606,3
2180,5, 612,2
2181,4, 613,1
2180,1, 621,1
2180,5, 617,3
2182,5, 619,6
2183,6, 618,3
2182,1, 618,8
2181,5, 620,2
1942,3, 891,6
1923,9, 912,4
1452,2, 1512,2
1161,4, 1875,6
1143,8, 1900,6
1140,7, 1901,6
1076,3, 1978,9
1073,1, 1977,6
987,3, 2074,3
947,5, 2089,4
945,5, 2093,8
937,7, 2089,1
850,9, 2135,8
764,9, 2214,9
744,0, 2230,6
688,8, 2285,0
683,8, 2291,0
678,6, 2299,3
675,2, 2324,3
694,1, 2323,4
686,9, 2318,3
687,8, 2320,3
700,7, 2301,1
696,7, 2271,3
707,7, 2293,7
701,3, 2302,4
678,5, 2326,8
673,7, 2330,3
686,4, 2299,8
687,7, 2280,9
687,5, 2223,4
688,7, 2165,7
687,8, 2021,4
558,2, 1338,5
463,6, 1084,2
210,7, 474,5
150,9, 361,6
138,7, 535,8
111,5, 460,6
82,9, 400,8
84,5, 294,8
105,9, 310,8
102,2, 299,9
172,5, 348,6
121,9, 313,2
121,7, 319,5
168,1, 364,3
163,3, 362,2
201,7, 398,2
206,1, 402,8
227,7, 424,6
-16,8, 277,9
-36,8, 266,8
-87,8, 236,2
-158,5, 229,1
-248,0, 219,9
-239,3, 230,3
-322,5, 162,6
-406,4, 124,9
-317,9, 167,2
-109,5, 256,6
6,3, 306,3
5,6, 303,6
0,7, 300,4
957,6, 748,9
1213,5, 856,3
1351,2, 913,7
1269,5, 880,5
1305,2, 899,8
1435,4, 972,2
1671,1, 1096,3
1676,6, 1095,1
1676,4, 1092,0
1684,6, 1087,0
1689,6, 1083,1
1684,5, 1069,0
1679,0, 1060,7
1679,6, 1063,8
1674,2, 1059,5
1675,1, 1063,3
1689,1, 1077,9
1683,4, 1076,8
1682,7, 1078,8
1688,3, 1079,3
1688,8, 1079,1
1688,1, 1077,2
1686,9, 1078,0
1686,4, 1079,7
1687,8, 1080,1
1694,4, 1078,0
1693,4, 1075,3
1690,3, 1059,9
1680,8, 1056,5
1598,2, 1046,5
1570,1, 1046,8
1006,2, 1058,0
1117,3, 1050,3
788,8, 1032,2
782,3, 1029,6
410,8, 1015,6
235,7, 999,7
255,2, 1038,2
261,6, 1036,5
279,9, 1049,6
303,2, 1062,2
308,6, 1063,6
387,3, 1094,8
399,7, 1098,8
133,9, 1089,9
-33,4, 1107,6
-39,4, 1108,4
-38,9, 1107,6
-14,1, 1117,0
-35,4, 1124,3
-10,5, 1126,5
-32,3, 1130,2
2,8, 1134,2
-59,6, 1137,2
-65,0, 1137,9
-65,0, 1137,9
-53,8, 1137,4
-121,7, 1119,7
-86,3, 1128,5
-69,5, 1142,9
10,4, 1157,1
300,0, 1145,4
383,7, 1139,3
716,7, 1119,2
787,0, 1117,6
1212,0, 1094,2
1169,0, 1096,3
1762,8, 1073,7
1855,7, 1052,6
1961,9, 1039,9
2198,8, 1068,6
3527,4, 898,5
3066,6, 1066,9
3060,3, 1074,7
3065,0, 1076,9
3073,8, 1076,5
3077,1, 1076,1
3051,6, 1079,4
3029,4, 1093,1
3033,2, 1096,0
3036,5, 1100,3
3143,6, 1151,7
3143,1, 1173,5
3261,5, 1207,0
3352,1, 1241,8
3425,3, 1245,2
3441,5, 1260,2
3465,0, 1243,7
3452,6, 1254,6
3453,9, 1252,6
3430,6, 1265,4
3436,8, 1253,4
3448,8, 1235,3
3456,7, 1225,9
3438,2, 1234,4
3410,4, 1253,6
3404,2, 1254,3
3413,5, 1229,5
3399,4, 1233,3
3395,2, 1215,6
3364,0, 1244,8
3376,3, 1231,1
3361,5, 1234,1
3357,5, 1224,9
3357,0, 1235,0
3354,3, 1230,6
3352,2, 1236,4
3353,9, 1223,0
3352,5, 1237,6
3351,1, 1231,3
3386,9, 1200,2
3384,1, 1194,7
3408,8, 1168,2
3411,9, 1160,3
3397,7, 1138,8
3260,8, 1116,3
3227,1, 1106,8
3161,3, 1094,5
3042,1, 1047,5
3038,5, 1045,9
3048,7, 1039,4
3040,1, 1042,1
3018,1, 1037,0
3018,5, 1034,9
3022,6, 1032,4
3024,8, 1031,2
3100,2, 986,8
3100,2, 986,4
3068,8, 995,6
3032,7, 979,1
3024,7, 979,3
2831,1, 967,9
2535,2, 940,8
1901,3, 940,4
1238,2, 429,1
604,8, 1151,9
531,2, 1096,7
529,2, 1059,0
698,8, 633,5
670,0, 670,3
470,1, 1019,8
423,6, 1041,3
411,8, 974,0
377,2, 1035,0
416,0, 1017,2
350,3, 1043,5
224,6, 1022,9
253,4, 1033,2
241,4, 1031,1
264,3, 1033,4
248,0, 1026,9
188,0, 1000,6
207,6, 1007,7
224,3, 1012,5
186,4, 998,2
202,4, 997,0
240,4, 1007,3
184,2, 975,6
201,9, 980,6
153,4, 989,2
8,4, 975,1
41,6, 981,9
-49,3, 948,3
-52,1, 922,2
-6,3, 933,7
-21,9, 917,1
41,2, 937,6
24,9, 915,8
71,4, 924,4
-2,4, 880,1
56,8, 898,1
-6,3, 849,0
65,4, 871,1
-2,1, 842,3
67,1, 864,0
23,4, 887,0
-177,0, 868,6
-116,4, 879,5
-142,1, 863,7
-19,8, 903,1
-8,5, 900,6
-89,9, 894,4
34,8, 926,6
-8,4, 914,3
-5,2, 916,5
45,5, 930,4
69,4, 938,9
106,0, 951,0
100,0, 952,6
176,2, 975,3
234,5, 979,1
454,1, 955,8
557,5, 956,9
665,8, 963,6
659,9, 957,7
946,4, 951,7
1308,7, 933,1
1372,2, 927,4
1943,4, 868,2
1902,1, 898,0
1902,1, 898,0
2290,8, 148,7
2290,8, 148,7
1948,4, -106,9
3441,0, 876,3
3625,4, 773,9
3601,7, 763,4
3581,8, 756,2
3577,0, 755,2
3528,2, 768,8
3514,5, 786,8
3499,7, 792,3
3491,6, 791,9
3490,2, 790,1
3493,3, 770,9
3492,1, 770,5
3468,0, 754,8
3472,8, 759,8
3305,4, 872,3
3233,3, 923,5
3217,7, 932,7
3161,8, 960,3
3138,5, 974,0
3085,0, 980,3
3079,8, 966,6
3048,0, 973,2
2989,5, 936,9
2986,5, 932,2
2969,6, 926,0
2989,6, 938,2
2997,1, 942,7
3033,0, 966,3
3034,0, 968,2
3035,9, 965,7
3037,0, 962,8
3033,0, 953,3
3017,3, 922,1
3017,3, 922,1
3077,2, 975,5
3093,9, 981,6
3103,0, 987,9
3100,6, 982,3
3134,3, 999,0
3162,8, 974,1
3137,7, 973,5
3047,0, 1044,9
2901,7, 1461,1
2786,7, 1644,6
2736,8, 1713,4
2699,9, 1788,2
2584,9, 1987,8
2533,0, 2137,4
2429,8, 2325,9
2330,8, 2496,8
2295,6, 2561,7
2291,1, 2596,4
2278,0, 2619,0
2275,7, 2644,0
2298,1, 2662,5
2301,5, 2671,5
2288,6, 2673,5
2295,8, 2674,5
2301,0, 2649,3
2292,6, 2629,4
2269,5, 2617,0
2271,1, 2613,8
2263,0, 2619,3
2259,6, 2621,1
2255,5, 2622,1
2216,6, 2584,9
2227,3, 2610,2
2234,0, 2614,7
2242,1, 2617,1
62,6, 983,9
94,3, 890,8
94,3, 890,8
-26,3, 863,4
-45,6, 857,9
-67,7, 851,2
-126,4, 807,0
-121,6, 807,2
-119,6, 805,0
-118,1, 798,8
-111,7, 806,1
-112,1, 807,6
-95,9, 819,8
-7,0, 838,2
26,6, 844,5
78,8, 852,1
94,0, 860,5
123,3, 858,1
130,1, 846,8
118,0, 821,9
123,9, 818,7
106,6, 766,7
76,6, 618,9
127,8, 658,6
141,5, 657,4
132,5, 646,8
132,9, 632,1
142,2, 617,7
234,7, 564,0
671,3, 527,7
998,9, 532,4
1525,0, 495,4
1935,0, 426,5
2142,1, 408,4
2281,3, 389,2
2559,4, 372,1
2521,1, 372,9
2811,7, 359,8
2999,0, 369,4
3026,0, 373,9
3001,8, 359,5
3026,6, 352,9
3014,1, 359,7
3021,4, 390,5
3020,6, 393,3
3066,0, 311,7
3057,1, 330,1
3050,1, 354,2
3052,9, 341,2
3305,3, 241,9
3286,3, 505,8
3228,8, 561,9
3197,9, 593,6
3201,1, 594,7
3221,4, 595,1
3216,7, 599,9
3199,2, 605,9
3203,7, 603,5
3490,4, 727,8
3494,7, 724,3
3490,5, 728,0
3494,4, 729,5
3498,6, 725,5
3484,7, 717,0
3467,8, 721,4
3470,3, 723,0
3475,6, 706,5
3475,3, 703,2
3513,0, 697,6
3519,8, 702,7
3501,5, 721,1
3493,3, 723,4
3504,1, 722,1
3508,9, 722,6
3539,0, 691,2
3502,8, 690,0
3171,3, 720,7
3172,3, 713,2
2734,5, 777,3
694,8, 773,5
604,5, 823,4
606,6, 823,0
605,6, 821,3
601,7, 821,8
601,0, 822,4
622,1, 810,6
587,9, 820,9
580,0, 817,3
562,3, 800,7
560,5, 800,1
973,9, 325,9
581,2, 617,1
939,8, 342,0
376,5, 752,8
370,5, 751,2
363,7, 746,2
334,1, 771,6
347,1, 773,6
356,8, 787,0
350,5, 771,4
346,6, 765,7
352,5, 770,5
355,5, 772,7
410,3, 707,3
192,1, 624,0
76,0, 593,5
314,2, 661,1
350,2, 687,9
171,8, 627,6
244,2, 653,2
383,0, 698,7
357,6, 694,2
365,1, 718,5
119,9, 616,2
-18,0, 575,6
-23,9, 576,9
3,9, 563,6
323,7, 644,4
147,0, 588,9
329,4, 648,2
257,5, 622,4
251,9, 618,8
95,2, 588,7
152,7, 626,3
75,8, 640,7
156,2, 664,6
221,5, 693,1
-67,7, 658,1
3,9, 672,0
-39,2, 664,4
129,7, 697,1
72,6, 687,7
-78,2, 661,1
80,2, 694,8
280,4, 711,3
482,9, 696,6
562,5, 707,3
906,3, 740,7
1027,8, 737,7
1225,5, 726,5
1226,6, 910,1
3156,2, 1061,8
3162,6, 1074,8
3144,7, 1080,9
3116,6, 1080,5
3107,7, 1082,7
3098,3, 1057,0
3093,4, 1054,9
3102,9, 1051,0
3119,6, 1041,7
3114,4, 1050,1
3210,3, 1037,8
3259,9, 1030,8
3229,4, 1075,5
3203,9, 1098,5
3191,6, 1106,6
3164,0, 1130,7
3153,8, 1107,5
3156,5, 1074,5
3141,0, 1124,3
3161,6, 1122,2
3207,9, 1102,6
3206,6, 1110,1
3309,3, 1127,0
3358,6, 1143,1
3406,9, 1157,6
3483,6, 1163,0
3489,6, 1161,6
3472,1, 1173,1
3438,8, 1190,0
3433,6, 1192,2
3419,4, 1199,5
3384,9, 1196,3
3390,2, 1200,1
3384,8, 1204,3
3384,0, 1199,7
3394,5, 1208,9
3449,5, 1230,0
3448,6, 1222,6
3445,8, 1213,1
3442,3, 1206,3
3424,7, 1198,8
3423,9, 1196,9
3427,9, 1198,3
3423,9, 1208,0
3402,1, 1284,6
2918,8, 1866,1
2824,6, 1951,9
2636,9, 2139,7
2548,3, 2218,9
2512,8, 2253,5
2494,6, 2272,6
2390,6, 2432,5
2292,6, 2484,6
2285,1, 2517,7
2284,3, 2530,1
2300,8, 2577,0
2302,2, 2565,7
2299,8, 2557,3
2296,6, 2554,5
2306,3, 2554,6
2319,1, 2562,6
2324,8, 2562,3
2333,1, 2572,1
2332,7, 2570,9
2341,0, 2575,9
2337,4, 2566,6
2346,1, 2572,8
2341,0, 2552,5
-6,7, 877,4
48,7, 930,9
70,5, 937,6
39,7, 925,1
50,8, 929,6
4,4, 881,3
357,6, 706,9
220,0, 870,3
519,9, 673,1
515,1, 680,6
285,4, 847,3
117,4, 976,2
95,5, 996,9
64,0, 1035,6
52,4, 1034,3
43,5, 1046,6
63,6, 1068,5
110,3, 1099,6
141,6, 1116,7
173,6, 1133,9
197,2, 1138,2
207,4, 1142,6
217,9, 1146,0
242,2, 1152,5
260,4, 1157,5
270,5, 1160,8
233,7, 1156,5
217,9, 1154,6
215,6, 1153,0
255,2, 1151,7
248,7, 1150,2
344,6, 1064,6
331,1, 1084,2
324,9, 1079,1
368,4, 1022,4
377,0, 1013,1
312,1, 1089,4
389,0, 997,1
355,0, 1035,8
279,0, 1104,9
265,1, 1140,0
271,3, 1142,1
216,0, 1129,0
227,2, 1124,8
245,6, 1128,7
226,6, 1123,5
249,1, 1117,6
245,0, 1108,6
262,8, 1099,7
237,5, 1086,6
243,1, 1064,4
257,3, 1058,1
247,3, 1033,8
274,8, 1034,0
528,6, 994,9
2917,0, 952,1
3052,1, 996,9
2947,5, 999,6
2946,7, 990,8
2945,5, 984,3
2990,4, 988,0
3030,0, 1003,2
3025,3, 1003,3
3050,4, 1050,5
3063,5, 1087,0
3064,4, 1096,0
3065,3, 1105,3
3079,4, 1173,8
3082,4, 1171,8
3090,9, 1167,5
3107,8, 1159,5
3114,9, 1155,6
3120,1, 1151,9
3136,5, 1144,9
3144,5, 1143,7
3150,1, 1144,1
3151,7, 1148,5
3152,8, 1148,7
3151,9, 1151,0
3150,7, 1150,3
3151,4, 1150,6
3152,9, 1152,2
3148,2, 1156,5
3152,1, 1155,3
3151,9, 1157,8
3145,8, 1158,1
3149,2, 1158,1
3137,4, 1160,9
3120,5, 1167,5
3113,6, 1170,1
3112,4, 1170,8
3108,9, 1171,9
3115,3, 1172,6
3106,7, 1170,9
3107,9, 1168,7
3100,7, 1166,1
3096,7, 1164,5
3099,6, 1164,4
3100,7, 1164,7
3103,4, 1183,1
3104,2, 1182,0
3104,9, 1202,1
3093,8, 1218,7
3098,6, 1216,6
3098,9, 1213,6
3096,7, 1210,0
3102,2, 1180,9
3140,8, 1165,8
3140,9, 1177,6
3151,6, 1171,8
3150,2, 1171,7
3084,9, 1171,0
3048,3, 1203,3
3040,7, 1198,0
3009,1, 1190,3
3008,8, 1197,1
2973,2, 1194,0
2980,1, 1200,3
2967,7, 1192,1
2965,7, 1187,4
2974,5, 1155,6
2987,5, 1129,2
2983,4, 1129,5
2924,5, 1140,0
2918,4, 1125,6
2913,3, 1123,3
2865,7, 1119,0
2809,3, 1131,6
2588,2, 1150,9
2233,3, 1162,3
2251,1, 1161,8
2111,1, 1165,4
1994,7, 1164,1
1894,5, 1162,0
1598,9, 1161,7
1594,2, 1160,0
1574,9, 1151,1
1566,8, 1139,0
1579,6, 1126,7
1571,4, 1133,6
1590,4, 1113,4
-352,0, 968,9
-320,5, 979,9
-245,7, 1016,9
-249,5, 1024,6
-205,3, 1038,2
-205,3, 1039,2
-214,9, 1041,1
-230,6, 1040,5
-222,8, 1051,3
-241,2, 1046,0
-305,3, 1025,1
-316,3, 1025,5
-346,9, 1020,0
-361,8, 1019,2
-141,5, 1096,3
196,1, 1242,6
260,2, 1269,9
263,2, 1272,4
334,4, 1299,8
337,3, 1300,3
333,6, 1300,7
315,5, 1302,9
294,9, 1294,5
274,3, 1287,3
268,2, 1281,0
261,6, 1277,8
257,3, 1273,9
256,0, 1273,5
274,4, 1274,2
248,9, 1268,4
224,6, 1265,0
228,8, 1265,5
405,5, 1081,3
345,0, 1202,0
361,5, 1186,1
339,7, 1201,3
362,6, 1156,4
294,2, 1213,4
230,8, 1180,3
229,2, 1210,6
165,4, 1266,8
173,5, 1262,8
142,6, 1255,3
49,3, 1242,0
72,4, 1240,9
61,0, 1210,2
62,6, 1197,1
65,5, 1184,2
54,5, 1171,1
68,2, 1169,5
67,7, 1157,6
93,7, 1156,8
93,3, 1146,0
118,0, 1143,6
49,9, 1091,7
60,7, 1067,2
51,0, 964,7
44,1, 946,8
2,1, 892,5
-112,7, 837,6
-60,9, 805,7
-52,5, 810,3
13,7, 812,0
-24,4, 812,1
-2,2, 797,0
-53,6, 776,6
-33,3, 791,0
5,2, 804,6
56,5, 822,3
168,3, 882,8
219,0, 896,6
276,6, 931,4
335,1, 951,3
334,0, 954,5
288,7, 936,3
341,9, 941,0
419,0, 925,9
437,4, 915,1
289,0, 848,3
283,1, 844,9
311,4, 848,0
147,5, 793,6
141,9, 792,2
164,3, 745,5
264,9, 768,6
444,3, 705,9
601,2, 706,0
1114,4, 632,0
1296,2, 618,9
3007,0, 587,9
3060,2, 516,9
3050,9, 486,7
3051,9, 475,2
3079,0, 455,0
3191,5, 377,9
3522,6, 103,8
1935,2, 827,3
1522,9, 1012,5
1823,4, 904,3
3233,5, 454,0
3281,2, 515,9
3162,2, 384,8
2368,3, 426,5
2629,2, 169,0
3146,0, 292,9
3201,6, 339,0
2863,0, 350,2
2781,9, 260,4
2811,5, 273,1
2792,3, 272,1
2783,4, 290,3
594,5, 342,4
495,8, 427,3
479,2, 432,8
458,7, 418,5
408,2, 414,2
416,5, 438,9
392,7, 423,0
484,2, 519,5
496,8, 520,3
534,2, 539,0
512,1, 536,5
455,7, 503,4
347,8, 483,4
344,4, 466,6
266,3, 319,9
218,5, 208,3
214,8, 204,4
-11,2, 68,5
6,5, 48,3
-12,9, 25,0
-9,9, 12,6
-9,2, 13,7
-11,8, 15,3
53,0, 77,8
53,5, 80,4
52,1, 77,2
45,3, 64,1
34,4, 27,1
32,5, 6,1
30,6, 9,4
844,4, 102,2
1021,7, 97,0
1169,1, 122,7
1428,4, 148,8
2100,3, 227,6
2005,2, 202,0
2568,5, 203,6
2763,2, 201,8
2763,2, 201,8
3158,4, 273,2
3158,4, 273,2
3453,8, 150,0
3452,2, 156,6
3448,8, 154,0
3446,0, 135,2
3477,6, 149,6
3463,3, 177,9
3464,6, 175,2
3450,4, 170,4
3484,7, 136,4
3502,6, 122,2
3415,1, 192,5
3254,2, 567,4
3215,3, 580,9
3227,2, 585,4
3226,0, 588,7
3214,0, 582,6
3215,9, 585,7
3228,3, 610,8
3217,1, 608,1
3217,6, 592,7
3218,2, 597,9
3179,7, 611,6
2968,8, 574,1
2813,4, 559,0
2834,2, 529,3
2714,3, 551,4
2639,7, 581,7
2517,5, 485,5
2387,4, 439,0
2358,0, 437,0
2224,6, 414,6
2236,8, 409,9
2192,7, 410,0
2100,9, 408,2
2025,5, 403,9
2009,8, 406,3
1961,6, 418,4
1963,8, 421,0
1877,1, 411,9
1133,2, 472,8
516,3, 363,8
118,8, 275,2
97,4, 219,8
86,9, 188,4
90,7, 168,3
111,5, 170,1
111,5, 170,1
6,5, 137,8
-52,9, 103,8
0,9, 138,4
-38,6, 116,2
-22,2, 125,9
-15,9, 134,4
15,2, 154,5
-32,0, 132,1
24,1, 165,0
35,0, 157,5
31,4, 156,2
51,3, 164,3
-14,3, 138,8
1,1, 145,4
56,1, 168,1
-4,4, 138,0
58,6, 175,2
-68,4, 105,7
5,2, 143,4
-22,5, 114,3
3,5, 132,5
-6,8, 130,0
13,8, 146,6
-39,6, 115,4
6,6, 143,9
-43,3, 111,9
8,4, 149,1
25,9, 157,2
-4,5, 140,4
22,9, 151,3
-29,1, 124,8
-8,1, 139,3
44,5, 173,5
30,0, 165,0
47,2, 165,2
49,2, 167,9
57,5, 172,2
89,3, 197,7
76,9, 187,1
96,8, 203,7
101,9, 198,2
45,2, 162,9
33,9, 155,9
-49,6, 121,5
29,2, 157,1
72,9, 196,3
74,1, 204,5
-52,1, 207,7
-1,8, 269,7
-75,8, 284,2
-16,9, 449,6
154,6, 843,8
221,7, 961,9
258,4, 980,9
292,2, 997,6
337,9, 1015,0
338,2, 1016,3
358,3, 1019,2
368,9, 1022,2
378,7, 1027,7
370,7, 1029,1
378,9, 1035,6
387,6, 1043,5
383,7, 1043,8
382,8, 1042,8
375,8, 1039,5
374,9, 1039,0
372,9, 1035,3
372,4, 1035,0
360,8, 1022,9
359,8, 1023,3
370,8, 1021,1
405,5, 1021,0
398,4, 1021,1
396,3, 1021,8
386,5, 1015,5
383,9, 1011,2
350,7, 1008,2
345,3, 1009,2
358,5, 1014,4
347,8, 1024,2
337,9, 1020,8
343,8, 1019,1
352,1, 1003,1
342,3, 1012,1
366,7, 1002,9
370,4, 996,5
348,2, 998,4
336,0, 994,2
342,8, 992,2
328,0, 1012,7
328,3, 1013,2
292,9, 986,4
293,1, 999,8
195,3, 910,3
160,4, 881,4
106,5, 837,9
122,0, 859,4
110,7, 847,9
113,3, 862,6
113,0, 856,4
101,7, 854,3
96,1, 846,8
114,8, 836,9
119,9, 837,8
128,7, 839,7
131,1, 806,2
136,4, 795,7
179,7, 803,7
322,3, 848,4
361,9, 861,1
360,1, 855,4
397,0, 849,5
404,0, 852,7
409,9, 853,0
406,4, 858,2
393,5, 862,9
372,0, 834,1
371,1, 830,1
374,2, 810,2
370,9, 805,4
369,8, 794,9
362,0, 771,3
358,5, 758,5
358,3, 756,7
357,6, 755,0
84,3, 573,0
-3,3, 434,7
104,4, 436,0
222,4, 505,0
242,1, 488,0
48,4, 362,9
251,3, 435,4
149,8, 387,3
213,2, 413,0
74,9, 354,9
205,9, 407,4
95,3, 360,3
206,3, 407,5
102,3, 369,6
187,6, 414,1
109,5, 382,6
160,4, 411,8
61,7, 368,3
204,8, 430,6
263,2, 434,5
258,2, 432,2
238,9, 427,5
128,8, 381,8
167,0, 395,8
265,0, 433,7
155,7, 389,6
238,7, 434,4
159,0, 396,4
159,1, 395,0
94,6, 358,6
159,0, 382,4
122,0, 353,0
154,1, 380,9
235,9, 500,9
359,0, 589,5
417,6, 634,1
417,6, 634,1
651,1, 667,8
826,1, 693,8
862,3, 698,6
870,0, 696,6
964,2, 758,4
899,2, 716,4
923,0, 734,3
931,6, 741,2
903,1, 705,3
916,3, 716,7
901,3, 696,2
882,9, 673,8
864,8, 654,1
844,0, 630,1
849,5, 649,9
855,7, 649,9
865,9, 660,4
866,3, 660,9
869,5, 660,1
882,5, 659,6
1046,2, 679,3
1128,5, 692,5
1140,4, 695,6
1148,5, 698,2
1363,8, 733,9
1358,1, 732,3
1325,4, 724,0
1258,2, 720,2
897,5, 689,6
727,7, 676,2
422,8, 645,8
417,3, 637,8
342,9, 628,3
380,1, 630,4
296,6, 608,8
236,8, 605,2
143,0, 602,6
102,6, 611,2
50,5, 616,8
9,9, 610,7
16,2, 614,0
-52,9, 616,6
-267,2, 609,3
-280,4, 628,8
-262,7, 652,0
-260,5, 671,6
-292,7, 662,3
-276,5, 671,2
-284,3, 665,6
-287,4, 667,3
-250,7, 686,9
-120,8, 745,5
-235,0, 708,0
-229,8, 710,2
-241,5, 707,9
-237,5, 707,3
-230,8, 716,7
201,1, 774,6
188,9, 775,0
725,8, 797,6
1093,8, 782,4
1268,4, 795,0
1369,2, 786,4
2978,3, 961,3
2948,8, 917,5
2983,6, 918,4
2988,0, 919,4
3027,6, 920,5
2946,1, 922,3
2972,6, 923,5
2956,8, 920,7
2974,2, 919,6
2984,3, 906,3
3018,4, 906,0
3026,4, 903,0
3027,0, 894,1
2995,4, 911,9
3004,6, 906,2
3052,7, 884,1
3347,0, 1276,8
3444,5, 1501,0
3452,0, 1490,9
3443,3, 1495,7
3454,8, 1501,3
3442,9, 1504,9
3388,9, 1466,3
3393,1, 1455,3
3434,3, 1263,6
3424,9, 1289,8
3431,0, 1224,6
3447,8, 1186,1
3458,5, 1204,9
3459,3, 1205,2
3461,9, 1204,1
3454,5, 1193,9
3449,7, 1200,0
3404,0, 1204,6
3268,3, 1217,4
3274,1, 1219,9
3264,5, 1225,2
3252,1, 1225,9
3231,6, 1230,8
3217,3, 1253,4
3204,6, 1240,5
3207,1, 1234,7
3192,0, 1243,8
3188,7, 1242,2
3189,5, 1243,2
3187,0, 1230,2
3199,7, 1246,0
3196,1, 1247,7
3193,5, 1244,3
3185,6, 1250,5
3185,6, 1253,4
3182,1, 1243,3
3184,6, 1247,3
3191,6, 1252,2
3191,2, 1243,5
3199,7, 1255,9
3200,5, 1258,3
3187,6, 1249,0
3163,6, 1231,1
3173,1, 1232,0
3180,6, 1234,0
3186,0, 1235,7
3175,2, 1236,8
3184,3, 1249,8
3181,6, 1244,4
3181,4, 1250,0
3164,1, 1238,1
3158,3, 1244,4
3024,8, 1284,2
3013,9, 1302,1
2985,1, 1316,0
2972,1, 1316,6
2959,3, 1327,7
2957,6, 1336,2
2965,5, 1334,9
2966,7, 1332,2
2967,6, 1330,8
2978,6, 1321,5
2922,3, 1313,5
2829,3, 1306,6
2606,1, 1298,1
2278,7, 1286,3
1962,4, 1236,2
2116,4, 1324,3
2076,5, 1371,3
1420,2, 1234,2
1226,3, 1192,2
1075,2, 1169,1
832,6, 1141,2
455,7, 1133,6
460,3, 1140,0
275,2, 1170,4
110,2, 1183,3
32,5, 1171,8
-18,5, 1130,5
-44,4, 1116,9
-173,7, 1089,0
-225,6, 1079,4
-236,2, 1077,1
-299,5, 1051,0
-430,1, 1020,3
-447,0, 1006,2
-377,1, 1017,2
-262,5, 1051,3
-225,9, 1057,3
-55,5, 1104,6
80,0, 1137,9
240,5, 1181,6
248,8, 1189,0
275,6, 1203,7
256,3, 1198,1
195,6, 1187,9
225,0, 1192,7
199,7, 1189,7
145,0, 1184,3
179,1, 1183,3
97,5, 1295,9
115,9, 1342,2
24,4, 1361,6
-1,5, 1361,9
-62,7, 1381,2
-74,0, 1375,2
-128,3, 1370,0
-96,1, 1368,1
-125,4, 1373,7
-82,2, 1368,7
-27,2, 1327,7
6,7, 1352,1
71,8, 1242,2
-5,0, 1293,7
107,6, 1148,8
66,6, 1207,2
4,8, 1248,0
-140,8, 1362,4
-29,2, 1329,6
-158,2, 1344,6
-120,3, 1339,0
-104,4, 1334,4
-86,6, 1331,8
-89,6, 1331,6
-74,0, 1325,5
-112,6, 1336,7
-77,5, 1330,1
-103,4, 1324,2
-68,0, 1306,0
-82,6, 1307,6
-137,5, 1264,7
-122,9, 1264,9
-127,9, 1238,1
-83,1, 1230,2
-89,1, 1199,8
-118,8, 1167,4
-78,1, 1163,5
-24,8, 1122,3
-50,7, 1115,0
10,7, 1161,1
8,6, 1160,5
28,2, 1160,3
269,0, 1138,8
562,6, 1109,9
856,6, 1140,5
839,5, 1239,6
1283,3, 1421,5
1286,9, 1424,3
1289,2, 1424,1
1311,4, 1434,0
1308,1, 1431,5
1308,8, 1431,7
1311,1, 1428,7
1319,3, 1430,8
1322,1, 1429,3
1319,1, 1420,9
1317,4, 1427,3
1310,9, 1420,6
796,1, 2245,1
793,0, 2254,7
791,3, 2260,0
767,1, 2329,6
721,1, 2379,4
740,0, 2336,6
732,6, 2332,1
729,9, 2321,2
729,1, 2329,5
727,4, 2328,9
717,0, 2332,4
679,0, 2366,4
686,4, 2360,5
683,1, 2364,1
680,0, 2364,7
678,9, 2382,1
706,3, 2385,0
722,4, 2370,6
723,9, 2370,9
748,5, 2369,9
759,3, 2353,7
1048,0, 2357,9
1172,6, 2364,3
1445,3, 2358,9
1476,1, 2376,4
1505,3, 2371,5
1533,6, 2324,1
1590,3, 2349,3
1614,4, 2351,3
1731,9, 2405,4
1845,6, 2460,2
1959,7, 2519,5
1944,1, 2511,0
2242,6, 2713,1
2341,3, 2781,0
2368,4, 2779,4
2373,1, 2776,4
2381,4, 2773,0
2373,6, 2746,1
2370,9, 2744,1
2373,1, 2715,4
2321,7, 2661,1
2296,3, 2623,5
2266,5, 2559,0
2263,3, 2519,7
2224,8, 2413,8
2179,2, 2266,1
2173,7, 2253,4
1335,5, 1258,3
970,8, 881,2
858,3, 803,5
776,1, 774,9
447,3, 592,4
429,4, 597,3
384,2, 569,8
294,4, 553,5
340,4, 595,9
341,2, 596,8
318,2, 563,8
546,8, 733,7
564,1, 744,9
573,6, 751,2
582,1, 754,6
552,9, 746,9
576,7, 745,2
566,2, 741,4
522,9, 732,6
459,7, 712,2
497,1, 719,8
315,6, 645,7
233,5, 608,9
250,0, 617,2
356,9, 644,2
572,2, 675,5
789,3, 683,9
1136,1, 702,8
1331,5, 702,5
1333,5, 701,3
1648,1, 695,3
1689,2, 693,9
2134,4, 678,7
2177,8, 676,5
2185,7, 674,2
2194,3, 673,6
2194,4, 673,9
2243,0, 695,5
2392,2, 703,3
2568,9, 814,7
2623,2, 846,1
2650,7, 862,1
2665,0, 866,3
2729,4, 836,2
2754,2, 855,2
2760,3, 856,6
2808,2, 871,9
2823,4, 878,9
2813,8, 877,0
2832,9, 890,6
2819,7, 888,5
2825,6, 884,5
2820,5, 872,4
2821,0, 866,0
2836,6, 854,8
2880,8, 802,5
2902,9, 790,4
2909,4, 784,7
2928,5, 761,2
2929,6, 757,3
3104,6, 935,9
3220,9, 1060,1
3233,5, 1094,5
3252,6, 1121,7
3242,7, 1118,9
3243,3, 1130,0
3241,4, 1119,1
3209,2, 1115,8
3187,6, 1107,4
3180,6, 1106,3
3165,5, 1114,2
3157,5, 1117,3
3146,5, 1123,0
3137,9, 1121,7
3136,2, 1108,4
3132,7, 1115,0
3133,5, 1111,8
3152,2, 1108,3
3156,6, 1111,5
3181,5, 1111,2
3188,1, 1107,7
3194,4, 1096,2
3195,5, 1074,8
3194,8, 1066,1
3154,2, 1122,0
3176,1, 1096,8
3174,8, 1109,7
3198,9, 1098,1
3266,8, 1051,8
3288,9, 1043,8
3332,4, 982,4
3355,6, 991,9
3345,0, 1012,3
3341,5, 1011,1
3351,2, 1011,5
3350,7, 1020,3
3365,7, 1023,7
3350,4, 1020,5
3367,9, 1022,6
3367,4, 1019,8
3373,0, 1010,2
3381,1, 1014,4
3360,0, 1009,7
3317,4, 1018,3
3335,3, 986,5
3361,5, 988,9
3351,5, 994,2
3337,7, 998,9
3348,4, 996,9
3347,0, 989,8
3380,1, 989,1
3359,9, 992,7
3366,4, 992,6
3326,8, 1000,2
3370,9, 993,4
3366,9, 991,2
3403,8, 966,4
3383,4, 951,7
3410,7, 958,8
3386,5, 942,7
3359,0, 985,8
3388,6, 972,1
3366,5, 967,6
3391,7, 968,2
3396,8, 952,4
3399,8, 948,7
3399,9, 954,2
3426,6, 961,2
3409,1, 960,7
3386,0, 956,1
3409,0, 951,3
3382,6, 963,0
3421,0, 974,6
3295,5, 1023,7
3134,6, 1071,1
3150,0, 1056,2
3292,7, 1003,7
3147,7, 1036,1
3205,3, 1036,0
3218,8, 1034,2
3170,6, 1026,5
3113,0, 1020,3
3105,4, 1020,2
2933,9, 1025,7
2642,8, 1035,4
2669,1, 1034,9
2675,7, 1034,0
2335,6, 1051,3
2312,1, 1048,8
2314,0, 1043,1
2321,0, 1035,5
2322,3, 1033,9
2313,6, 1014,8
2312,1, 1010,3
2320,6, 1005,6
2351,9, 995,5
2361,6, 991,9
2365,1, 990,9
2334,8, 999,0
2336,9, 997,1
2325,1, 1000,4
2362,7, 971,7
2377,9, 956,8
2377,0, 957,4
2372,8, 949,6
2370,4, 944,6
2358,5, 945,7
2320,8, 937,9
2045,8, 875,9
1828,3, 838,3
1813,8, 847,0
1810,2, 854,2
1813,7, 849,4
1812,4, 851,5
1816,0, 855,2
1847,4, 886,6
1865,6, 891,3
2086,8, 899,5
2217,0, 896,1
2272,0, 890,4
2356,3, 868,4
2526,4, 834,9
2559,6, 829,6
2588,1, 794,8
2636,4, 798,3
2602,1, 780,4
2625,2, 783,8
2620,5, 802,3
2619,3, 803,8
2596,1, 817,9
2584,9, 826,2
2566,4, 831,8
2560,4, 836,7
2557,5, 833,6
2562,3, 836,3
2560,3, 832,7
2549,5, 819,4
2558,5, 811,8
2558,3, 808,6
2552,9, 807,8
2553,6, 824,7
2554,5, 819,1
2565,6, 810,6
2567,1, 808,5
2576,4, 807,5
2577,7, 809,2
2578,4, 813,2
2576,2, 813,1
2579,1, 817,5
2580,3, 814,6
2581,2, 814,3
2581,2, 809,6
2580,2, 808,1
2585,5, 814,8
2591,7, 814,3
2583,5, 810,7
2548,9, 813,9
2533,9, 804,9
2256,0, 781,5
1988,2, 776,2
