Listening for gaze data, press any key to exit...
812,4, 660,5
752,2, 621,5
794,5, 649,8
787,9, 642,7
769,9, 629,9
834,7, 667,8
834,2, 664,6
825,4, 659,7
819,6, 654,5
770,1, 625,7
777,2, 627,1
733,4, 598,2
731,1, 596,9
756,5, 599,0
763,9, 599,7
731,8, 597,4
739,5, 599,2
733,8, 599,2
726,4, 599,1
701,3, 594,6
699,4, 594,3
702,1, 594,1
685,4, 590,3
686,5, 588,5
698,4, 589,4
694,8, 581,5
715,9, 595,6
731,5, 604,8
1088,9, 888,7
1177,1, 955,4
1210,8, 979,8
1356,1, 1092,8
1368,1, 1099,9
1366,9, 1098,5
1466,2, 1174,5
1486,3, 1178,3
1472,1, 1160,9
1470,9, 1159,6
1470,7, 1159,5
1468,2, 1152,4
1469,6, 1146,7
1496,6, 1164,7
1519,0, 1185,7
1566,6, 1252,2
1591,9, 1291,2
1570,8, 1299,4
1624,1, 1599,5
1679,5, 1827,1
1685,2, 1823,6
1704,0, 1849,0
1508,7, 1419,9
1444,7, 1316,1
1363,9, 1125,6
1348,6, 1134,3
1327,5, 1099,6
1187,4, 839,1
1174,1, 826,3
1175,3, 825,6
1161,0, 809,0
1152,8, 808,3
1011,1, 787,0
799,1, 762,4
814,5, 763,4
791,8, 762,0
791,9, 766,8
795,9, 777,3
828,1, 788,9
827,3, 791,0
881,6, 832,5
966,3, 882,1
1076,2, 994,0
1656,4, 1689,0
1742,8, 1842,9
1744,2, 1841,2
1820,3, 1944,7
2030,5, 2125,0
2034,2, 2216,2
2044,9, 2179,7
2101,3, 2326,3
2123,8, 2332,5
2139,6, 2360,6
2204,2, 2467,3
2201,2, 2499,2
2205,1, 2515,9
2225,4, 2524,7
2212,7, 2581,2
2268,4, 2615,5
2294,4, 2642,9
2305,8, 2642,1
2303,5, 2598,1
2326,3, 2612,4
2357,4, 2626,6
2352,7, 2620,7
2362,9, 2627,4
2359,8, 2619,3
2368,2, 2634,5
2365,0, 2648,6
2366,9, 2654,7
2363,3, 2650,6
2366,1, 2649,4
2358,5, 2633,1
1844,0, 2022,1
1844,0, 2022,1
220,9, 689,3
117,8, 686,6
150,2, 691,8
165,1, 670,6
159,4, 666,4
159,8, 665,6
164,8, 665,3
173,7, 671,6
189,0, 681,3
195,8, 685,4
218,0, 697,2
71,4, 744,8
-97,2, 787,4
-193,1, 794,5
-195,6, 831,7
-111,6, 856,1
-122,8, 850,7
-127,7, 848,3
-238,6, 998,8
-254,1, 990,5
-253,0, 971,1
-317,0, 954,7
-319,3, 957,3
-322,2, 957,0
-371,5, 946,0
-357,7, 936,7
-359,1, 943,8
-306,0, 948,1
-278,8, 946,0
-266,5, 952,5
-181,0, 980,4
-43,0, 1023,1
89,9, 1064,5
132,9, 1079,9
202,2, 1107,3
346,2, 1150,8
300,8, 1147,9
311,1, 1155,7
326,5, 1160,7
329,9, 1160,8
328,1, 1164,8
339,8, 1164,2
336,9, 1164,8
348,4, 1160,2
380,5, 1166,9
392,6, 1163,1
470,7, 1183,3
377,6, 1190,9
566,6, 1233,9
1982,4, 2063,3
2096,9, 2187,1
2087,2, 2200,5
2118,8, 2213,9
2140,9, 2199,2
2157,4, 2188,0
2233,8, 2183,7
2198,4, 2194,6
2143,3, 2186,7
2152,9, 2178,7
2239,6, 2163,0
296,6, 1042,7
362,8, 1037,8
367,4, 1029,3
381,4, 1032,3
397,1, 1035,8
405,0, 1038,4
420,0, 1044,7
430,5, 1047,5
432,5, 1048,5
438,8, 1051,2
443,7, 1050,3
430,2, 1039,2
424,0, 1036,7
416,3, 1033,2
410,9, 1045,6
407,8, 1042,8
401,0, 1047,8
403,6, 1045,4
396,9, 1047,5
393,2, 1044,0
392,4, 1038,9
387,2, 1029,3
383,7, 1029,9
386,7, 1034,8
373,3, 1051,6
374,8, 1047,7
379,6, 1046,2
386,6, 1042,5
388,3, 1037,1
382,1, 1026,4
365,8, 1014,4
365,7, 1013,6
364,3, 1010,0
374,8, 1011,2
379,1, 1010,1
386,9, 1013,8
390,2, 1014,2
409,6, 1019,7
424,1, 1027,8
432,8, 1029,9
433,1, 1028,0
428,6, 1015,8
400,3, 990,0
402,0, 990,1
419,5, 980,0
451,8, 960,8
471,9, 967,7
623,2, 845,9
676,4, 830,3
685,2, 839,5
689,9, 843,2
690,9, 849,6
784,4, 889,1
806,6, 896,7
807,4, 900,3
749,7, 892,3
694,0, 857,2
587,1, 819,5
561,8, 809,6
499,5, 765,3
529,8, 794,4
525,5, 793,9
500,2, 763,6
493,6, 762,0
490,2, 765,6
483,1, 765,4
181,2, 763,5
269,6, 836,5
230,1, 834,2
249,2, 848,0
247,0, 840,6
220,9, 834,6
216,5, 825,0
207,7, 822,3
224,2, 813,8
269,0, 487,0
324,4, 196,6
72,1, 444,1
147,8, 804,2
148,1, 833,8
173,0, 851,3
171,0, 855,2
153,4, 856,6
171,2, 854,1
177,7, 863,0
195,3, 858,6
201,9, 831,7
230,0, 827,5
251,8, 805,8
245,7, 797,2
273,5, 775,1
260,3, 777,4
248,7, 767,5
245,9, 770,6
689,5, 583,3
726,2, 580,4
725,7, 576,4
712,7, 557,3
710,3, 557,6
690,9, 557,6
682,2, 534,7
675,2, 525,8
673,8, 519,8
673,8, 515,3
667,2, 492,5
662,3, 487,1
-84,1, -79,3
-55,0, -74,6
-45,5, -62,1
-93,1, -77,5
-109,7, -76,4
-84,7, -47,8
876,5, 2190,4
816,7, 2332,5
814,6, 2341,1
813,1, 2347,2
810,1, 2348,4
805,0, 2346,6
795,4, 2338,3
793,3, 2348,9
789,9, 2338,7
789,5, 2330,8
788,7, 2324,3
842,6, 2304,7
859,9, 2294,9
838,8, 2267,2
806,2, 2276,5
808,9, 2254,3
723,6, 2361,7
709,9, 2365,3
732,8, 2360,8
732,3, 2331,6
759,9, 2254,9
759,9, 2254,8
586,3, 556,6
560,3, 474,5
564,5, 480,3
593,9, 477,8
622,0, 476,3
640,8, 480,1
618,9, 464,0
707,1, 545,3
706,3, 545,3
666,7, 527,9
666,8, 520,5
672,3, 519,7
680,7, 526,3
685,9, 527,8
682,5, 525,8
678,7, 523,0
681,2, 517,6
681,1, 518,1
691,3, 524,8
691,9, 525,2
698,3, 526,9
699,5, 525,3
705,7, 528,2
700,9, 526,3
704,1, 516,2
700,8, 519,3
724,9, 525,7
747,8, 537,3
760,6, 544,1
989,1, 118,9
1148,3, 133,3
1284,3, 140,1
1463,6, 148,7
1566,8, 154,7
1644,8, 159,4
1658,3, 159,8
2558,1, 135,5
2538,5, 122,8
2583,4, 74,6
2575,8, 86,1
2569,4, 96,4
2606,5, 53,5
2573,6, 86,7
2575,4, 76,0
2579,2, 67,9
2601,1, 42,7
2586,8, 49,3
2584,7, 51,8
2582,4, 73,9
2581,6, 72,2
2578,0, 61,6
2588,0, 47,3
2586,4, 45,2
2579,5, 42,6
2576,6, 45,3
2576,8, 44,2
2585,9, 26,3
2600,0, 7,2
2573,6, 52,9
2557,6, 66,9
2539,0, 90,9
2515,0, 145,4
2497,7, 166,6
2491,5, 174,7
2494,4, 171,2
2511,5, 147,0
2515,4, 132,9
2516,4, 133,1
2521,9, 127,4
2543,6, 141,0
2537,7, 120,4
2444,8, -3,5
2489,9, 21,3
2022,3, 136,1
1035,3, 428,0
842,5, 417,1
720,8, 407,6
756,7, 420,5
617,3, 454,4
593,9, 440,6
561,7, 515,5
415,5, 536,2
396,1, 528,3
395,3, 527,8
380,3, 519,6
387,5, 521,3
369,4, 523,6
369,0, 521,1
364,7, 507,7
336,5, 484,8
330,0, 462,6
321,9, 454,3
313,2, 449,2
311,2, 447,2
297,6, 434,1
315,0, 443,3
336,9, 446,4
369,7, 479,1
361,8, 470,0
508,7, 582,5
492,9, 582,3
601,4, 666,9
892,2, 898,2
1298,6, 1255,3
1427,4, 1370,6
1476,4, 1442,0
1515,3, 1483,3
1791,9, 1845,5
2093,4, 2233,1
2087,0, 2231,6
2134,7, 2308,7
2147,3, 2363,9
2165,3, 2407,7
2183,1, 2418,9
2187,6, 2424,4
2190,6, 2449,4
2213,9, 2462,5
2223,1, 2497,3
2207,3, 2557,5
2211,7, 2560,4
2221,1, 2545,6
2238,3, 2520,8
2229,1, 2465,6
2229,9, 2455,5
2235,1, 2476,6
2045,8, 2199,8
1922,9, 2045,9
1780,3, 1881,3
1313,3, 1405,9
1072,7, 1172,3
869,6, 979,9
627,2, 756,8
654,7, 780,0
282,2, 422,5
283,5, 423,7
291,2, 433,9
533,2, 594,5
525,7, 608,9
547,7, 622,0
555,3, 637,2
555,6, 637,2
543,9, 650,0
474,6, 657,4
432,3, 672,1
265,2, 693,7
194,7, 703,1
96,0, 673,2
60,3, 671,7
-168,5, 417,3
-168,5, 417,3
-240,2, 343,0
-263,0, 315,2
-9,9, 440,2
70,9, 499,3
130,4, 541,2
194,2, 581,3
200,4, 584,0
295,8, 653,9
308,4, 659,7
306,2, 657,4
307,1, 652,1
310,2, 652,1
310,8, 655,4
333,1, 667,1
359,0, 690,7
373,8, 702,8
350,0, 707,3
343,4, 708,0
369,6, 723,4
323,2, 721,5
324,7, 722,6
345,6, 746,0
360,7, 776,3
372,5, 808,2
396,0, 966,1
432,1, 984,6
419,8, 1017,5
408,0, 1041,5
435,1, 1050,5
441,1, 1057,8
409,5, 1059,8
406,5, 1061,7
392,9, 1062,2
380,7, 1061,6
369,9, 1082,7
374,9, 1082,0
397,7, 1082,3
393,6, 1082,8
395,1, 1079,8
410,5, 1073,1
338,5, 1090,4
348,3, 1076,1
321,2, 1083,7
305,8, 1083,2
295,9, 1078,1
262,2, 1151,1
267,4, 1129,3
236,8, 1188,9
209,0, 1194,3
208,3, 1193,5
192,2, 1194,4
185,7, 1197,0
214,4, 1207,6
205,9, 1216,7
228,3, 1221,8
225,4, 1231,9
233,9, 1218,5
235,1, 1176,0
218,5, 967,5
216,7, 885,2
211,6, 797,9
178,6, 629,1
148,3, 640,3
173,3, 687,4
146,6, 635,2
165,7, 653,9
196,5, 676,5
244,6, 695,4
300,2, 733,5
462,5, 811,4
479,1, 839,2
488,5, 841,4
502,5, 852,5
521,3, 868,2
542,0, 877,6
560,4, 883,7
537,5, 878,0
442,0, 888,9
570,4, 881,4
604,8, 864,1
552,7, 856,3
575,2, 852,4
555,6, 835,4
524,2, 830,0
488,5, 796,9
385,7, 757,8
394,7, 740,9
382,2, 712,8
321,8, 712,0
343,8, 714,0
347,3, 711,4
320,4, 710,8
333,8, 710,0
315,4, 709,6
338,3, 710,0
343,2, 710,5
311,9, 708,0
336,3, 710,5
329,6, 711,0
370,8, 716,4
373,1, 718,5
279,1, 735,5
285,7, 737,4
279,7, 733,3
315,8, 739,1
245,5, 616,0
274,0, 601,1
287,0, 620,8
342,7, 590,8
269,4, 562,7
307,0, 529,3
262,4, 514,7
343,8, 503,7
325,8, 535,7
284,7, 531,2
320,6, 533,9
268,8, 525,7
297,9, 544,3
342,0, 569,2
333,0, 567,8
343,5, 585,6
307,2, 574,3
304,2, 572,1
263,2, 561,3
317,7, 572,1
264,1, 575,4
316,4, 686,2
343,1, 706,2
358,1, 683,0
307,7, 655,7
324,3, 620,3
311,2, 633,4
289,2, 649,3
347,1, 689,9
383,5, 695,1
439,2, 708,7
451,6, 715,4
488,5, 726,3
636,6, 769,0
659,6, 768,1
708,4, 771,2
750,0, 737,1
749,3, 732,2
749,5, 732,0
748,3, 728,2
760,2, 739,0
764,8, 745,0
760,2, 744,8
756,8, 741,4
753,9, 738,5
741,6, 722,9
743,4, 726,0
705,3, 694,3
698,9, 686,7
689,8, 676,9
688,5, 675,2
688,4, 674,4
686,2, 672,7
11,1, 540,3
32,6, 478,7
-41,7, 430,0
-38,7, 451,7
-37,7, 450,3
-11,4, 444,5
6,2, 462,4
-30,2, 466,8
55,7, 538,3
123,7, 689,8
160,3, 942,1
187,0, 1008,4
211,5, 989,8
191,2, 1185,1
182,7, 1183,0
147,7, 1156,1
136,4, 1157,2
108,7, 1142,3
78,7, 1128,2
66,2, 1124,8
81,8, 1132,1
72,5, 1127,2
86,9, 1151,1
111,7, 1143,4
160,6, 1202,4
183,2, 1243,2
211,5, 1280,4
215,9, 1320,3
249,0, 1362,1
227,9, 1367,3
221,8, 1361,9
211,6, 1357,9
176,7, 1364,1
179,8, 1363,9
181,3, 1364,4
179,2, 1365,6
183,1, 1355,9
187,8, 1351,4
189,8, 1350,9
214,2, 1348,8
220,9, 1348,2
216,0, 1337,4
218,6, 1336,7
207,7, 1347,8
189,4, 1350,9
154,3, 1360,4
150,1, 1354,2
150,8, 1349,0
117,9, 1330,9
92,4, 1293,0
54,0, 1217,7
26,9, 1172,2
-4,2, 1159,5
-21,3, 1150,4
-16,3, 1141,2
11,7, 1150,1
38,2, 1153,7
68,0, 1164,4
115,3, 1172,2
138,3, 1182,9
149,6, 1174,1
160,6, 1216,5
167,6, 1202,7
179,8, 1223,9
154,2, 1316,8
152,8, 1325,1
139,2, 1364,1
136,5, 1365,8
152,6, 1362,1
175,3, 1355,5
154,3, 1357,5
153,8, 1350,8
122,4, 1357,3
129,2, 1358,6
113,8, 1360,7
124,4, 1354,7
112,6, 1356,6
122,7, 1349,3
107,0, 1345,0
124,1, 1339,5
146,8, 1254,4
160,4, 1245,5
166,5, 1206,2
183,7, 1173,9
178,1, 1155,0
152,2, 1112,6
157,8, 1113,2
140,4, 1098,1
132,5, 1088,7
109,3, 1058,6
95,4, 1037,3
53,4, 1057,2
49,2, 1074,2
42,2, 1082,1
55,7, 1085,2
20,1, 1077,9
29,0, 1059,4
27,1, 1057,7
46,1, 1057,6
32,6, 1068,4
47,0, 1063,9
49,1, 1075,3
65,6, 1084,6
76,9, 1079,8
59,9, 1083,9
85,0, 1078,0
86,3, 1079,6
72,5, 1076,8
85,9, 1059,8
69,7, 1069,5
86,4, 1066,5
72,4, 1066,6
86,1, 1058,5
69,7, 1063,1
89,9, 1055,9
76,2, 1056,1
74,8, 1055,9
67,5, 1058,0
79,5, 1055,9
90,0, 1061,7
41,0, 1063,3
53,9, 1059,2
46,5, 1060,9
73,2, 1054,3
63,7, 1062,4
201,3, 1091,4
217,5, 1094,9
279,8, 1128,2
332,9, 1131,3
303,1, 1128,0
342,1, 1133,9
377,9, 1135,7
400,0, 1139,1
408,8, 1138,0
407,4, 1136,3
409,5, 1138,6
408,6, 1137,6
402,8, 1129,3
435,0, 1115,6
430,3, 1145,4
450,6, 1151,0
475,9, 1157,6
482,6, 1162,0
476,7, 1161,3
1011,7, 1274,4
1301,8, 1337,2
1388,7, 1358,0
1385,5, 1358,2
1395,2, 1366,8
1418,9, 1385,4
1396,1, 1362,3
1408,6, 1372,4
1404,6, 1368,5
1399,3, 1363,8
1393,7, 1355,3
1396,0, 1353,6
1398,3, 1349,9
1400,3, 1343,7
1404,6, 1337,7
1402,4, 1327,1
1403,4, 1327,4
1406,8, 1329,8
1409,7, 1324,7
1450,8, 1300,1
1594,9, 1232,0
1688,5, 1174,9
1643,2, 1174,9
1604,8, 1166,5
1487,7, 1130,6
1396,8, 1102,6
1156,8, 1036,8
850,4, 963,1
715,0, 929,9
583,6, 905,1
576,5, 907,8
577,3, 903,1
584,9, 909,1
584,3, 925,4
595,0, 925,7
595,0, 927,7
594,5, 927,7
608,3, 934,5
611,3, 936,6
625,8, 941,3
624,6, 941,2
628,7, 944,0
644,1, 941,4
638,9, 945,1
645,8, 954,0
645,3, 952,3
638,5, 953,4
304,8, 917,7
285,5, 912,7
245,4, 902,5
218,7, 898,3
267,4, 903,5
268,4, 911,2
294,3, 933,0
304,3, 947,2
294,6, 950,8
303,0, 948,7
215,5, 952,2
84,1, 957,2
91,4, 964,5
89,4, 965,6
90,4, 964,7
42,3, 942,6
40,8, 932,7
40,8, 926,9
80,0, 934,3
40,1, 912,0
75,8, 901,5
21,3, 884,6
11,3, 847,2
33,4, 848,7
17,3, 836,9
64,3, 832,4
46,4, 821,1
12,9, 808,2
22,3, 796,0
23,0, 795,5
28,6, 803,3
65,9, 807,6
68,7, 810,4
29,3, 813,3
75,8, 815,4
111,6, 800,4
154,8, 800,7
188,6, 799,4
162,8, 794,5
196,3, 792,7
155,5, 789,3
196,9, 787,8
176,3, 787,3
145,2, 784,1
191,1, 775,7
127,3, 854,6
136,0, 866,4
144,8, 880,6
182,0, 917,3
154,2, 959,9
182,0, 946,8
164,8, 933,1
102,5, 915,9
114,7, 917,5
105,5, 912,1
136,9, 924,5
101,7, 922,0
91,2, 922,7
106,4, 924,4
90,9, 926,8
128,7, 930,9
100,0, 951,1
59,3, 963,0
91,4, 963,9
33,5, 960,3
60,7, 967,7
67,5, 980,9
103,9, 979,3
66,8, 974,2
102,1, 973,3
77,7, 972,2
114,7, 976,6
59,8, 970,1
92,5, 959,9
62,9, 951,7
64,7, 947,8
93,3, 951,6
63,8, 960,2
108,8, 974,8
85,3, 980,8
52,5, 980,7
107,8, 979,6
75,3, 963,7
110,0, 958,7
147,5, 950,5
178,0, 949,7
317,8, 938,0
1350,9, 1537,0
1226,8, 1008,7
3111,1, 1162,0
3075,9, 1158,8
3038,9, 1175,8
3030,6, 1186,8
2949,8, 1220,3
2964,5, 1216,1
2958,4, 1220,2
2961,6, 1232,0
2969,9, 1228,0
2997,0, 1221,5
3014,1, 1226,0
3031,0, 1222,2
3049,7, 1219,9
3098,5, 1170,0
3087,7, 1174,4
3060,0, 1192,8
3028,1, 1211,3
3033,9, 1163,5
3037,2, 1116,5
2056,3, 1818,7
2078,9, 1805,3
2093,4, 1797,9
2084,8, 1806,8
2070,2, 1810,8
2074,4, 1816,1
2094,2, 1923,3
2133,0, 2090,6
2137,4, 2119,1
2142,7, 2136,3
2197,5, 2295,9
2208,3, 2343,4
2221,0, 2386,5
2225,4, 2370,5
2247,3, 2398,1
2206,6, 2443,6
2135,0, 2373,0
1449,1, 1837,2
1546,6, 1896,6
1393,5, 1802,2
575,2, 1363,5
546,0, 1347,7
268,1, 1202,2
257,7, 1197,1
303,0, 1203,2
272,6, 1186,5
247,1, 1179,1
252,5, 1173,3
250,0, 1169,8
250,4, 1163,5
265,2, 1163,7
252,5, 1165,1
227,2, 1159,1
130,8, 1141,4
110,5, 1137,4
115,6, 1138,5
125,7, 1136,3
130,2, 1137,7
89,0, 1136,6
140,5, 1144,1
88,7, 1147,4
138,0, 1153,5
174,4, 1164,8
196,5, 1167,8
224,1, 1178,2
231,7, 1167,3
268,8, 1171,2
315,6, 1194,8
337,7, 1204,6
365,8, 1207,5
360,1, 1207,0
360,0, 1205,7
326,5, 1201,1
353,4, 1199,5
303,8, 1189,6
289,0, 1189,9
297,2, 1189,1
273,2, 1186,3
270,7, 1181,6
238,6, 1222,2
196,2, 1201,4
204,9, 1216,5
151,0, 1214,2
117,6, 1208,8
122,9, 1222,1
124,0, 1217,9
140,2, 1221,6
184,3, 1238,8
221,9, 1243,2
249,7, 1251,5
234,6, 1243,8
259,3, 1243,7
242,8, 1228,6
280,6, 1143,8
273,7, 1139,2
279,4, 1118,4
296,4, 993,7
297,8, 1030,9
274,7, 1015,1
278,3, 1020,0
271,5, 1018,4
271,5, 1004,3
298,1, 1001,0
318,3, 1021,4
320,9, 1013,0
325,2, 1018,0
334,0, 1012,0
350,9, 1013,0
349,2, 1017,9
346,2, 1009,8
336,7, 1005,0
331,7, 1012,9
313,8, 1026,8
305,2, 1036,2
299,5, 1039,1
302,6, 1036,4
306,2, 1039,3
302,8, 1036,3
305,6, 1029,2
306,0, 1044,0
319,7, 1046,8
347,9, 1056,8
422,9, 1065,5
436,7, 1068,1
425,1, 1075,7
419,5, 1071,5
429,7, 1066,1
389,9, 1072,8
352,8, 1059,6
346,7, 1056,8
334,3, 1071,3
336,9, 1061,6
339,2, 1063,7
343,0, 1071,1
351,2, 1057,5
350,1, 1061,0
352,2, 1054,5
352,7, 1052,9
353,9, 1064,0
353,1, 1057,9
353,9, 1053,2
350,7, 1049,5
352,5, 1049,4
351,4, 1060,6
349,2, 1074,9
355,5, 1055,0
355,2, 1063,8
354,7, 1058,7
355,1, 1058,3
355,9, 1062,8
359,2, 1039,3
357,9, 1054,4
357,5, 1064,8
380,4, 1043,8
373,1, 1073,9
366,1, 1056,2
367,6, 1044,3
378,8, 957,6
397,3, 890,7
402,9, 823,8
429,8, 676,5
427,7, 614,7
442,7, 600,5
440,4, 597,5
454,5, 561,7
399,0, 595,7
412,0, 577,6
395,6, 566,3
390,9, 526,0
367,2, 535,3
380,4, 522,1
349,2, 472,6
352,9, 512,7
382,5, 519,8
405,8, 560,0
447,0, 569,3
497,3, 606,6
556,6, 640,8
621,6, 681,3
684,9, 791,2
701,2, 765,6
690,9, 792,4
763,5, 699,0
774,2, 740,2
776,4, 754,4
795,7, 772,5
799,9, 772,7
780,0, 761,3
794,7, 778,5
752,8, 742,8
660,3, 644,3
657,8, 645,4
651,8, 645,4
638,9, 635,9
645,3, 633,3
683,0, 627,0
691,6, 621,7
788,6, 622,4
954,3, 622,1
1358,9, 591,2
1529,3, 580,1
1633,7, 572,2
1639,2, 570,6
1644,5, 567,9
1649,0, 563,3
1660,0, 554,8
1659,3, 554,5
1653,8, 539,7
1653,2, 531,7
1654,2, 521,1
1653,6, 506,6
1653,9, 494,9
1656,8, 474,3
1659,9, 445,6
1674,4, 372,1
1669,4, 385,6
1668,7, 476,8
1670,1, 483,4
1671,0, 456,1
1671,1, 452,9
1670,6, 453,5
1670,9, 413,4
1663,3, 389,0
1666,4, 374,1
1672,6, 374,7
1674,3, 362,5
1674,7, 358,7
1675,8, 343,5
1676,7, 342,1
1674,4, 336,3
1671,8, 329,3
1670,0, 317,1
1662,8, 303,7
1599,5, 299,4
1293,9, 254,0
1115,0, 216,0
1113,4, 201,7
1095,3, 196,5
1044,4, 178,8
1039,9, 171,9
1039,5, 169,6
1042,0, 173,1
1024,2, 179,8
1020,4, 170,3
1019,7, 169,5
1020,8, 169,3
1031,0, 183,7
1038,2, 186,8
1024,8, 181,2
1022,4, 165,8
1020,5, 161,9
257,4, 293,5
266,4, 300,3
270,9, 312,0
277,7, 324,9
265,7, 336,9
228,7, 392,9
253,9, 380,2
271,7, 412,7
283,4, 414,8
293,9, 406,7
308,4, 413,8
328,3, 429,7
422,8, 458,8
635,1, 502,7
679,7, 525,1
863,1, 582,7
1064,7, 657,9
1087,6, 635,4
1086,2, 650,4
1082,2, 637,5
1075,5, 623,0
1061,2, 589,8
1061,6, 589,5
1061,5, 583,6
1060,5, 574,5
1059,8, 565,3
1055,5, 571,0
1054,9, 565,7
1066,7, 563,0
1063,8, 564,7
1085,5, 548,4
1081,8, 534,8
1065,3, 525,5
1067,0, 521,9
1069,6, 521,4
1072,8, 522,7
1075,6, 524,0
1072,9, 522,6
1015,5, 554,7
740,7, 661,7
284,0, 838,9
-205,7, 1032,1
-216,3, 1027,5
-204,0, 1015,8
-57,8, 1029,8
5,5, 1066,9
17,7, 1066,1
65,9, 1086,3
131,3, 1099,4
175,5, 1111,7
179,4, 1111,1
281,7, 1135,0
279,3, 1134,1
278,0, 1132,0
256,2, 1136,1
255,6, 1136,7
249,8, 1138,7
256,1, 1138,5
260,6, 1147,2
268,5, 1151,2
269,2, 1149,1
268,2, 1144,5
268,4, 1142,1
268,0, 1143,1
258,7, 1139,4
258,7, 1140,4
241,6, 1137,1
241,3, 1137,3
224,4, 1136,2
223,3, 1136,1
243,7, 1134,5
257,4, 1132,3
269,0, 1131,4
247,9, 1119,7
267,2, 1122,2
337,8, 1066,9
351,9, 1054,2
368,1, 1036,4
368,4, 1034,6
391,2, 1010,4
395,1, 1003,2
399,8, 1010,7
395,0, 1004,3
390,9, 1001,2
390,3, 1008,5
391,8, 1003,1
397,4, 1004,4
408,6, 994,0
400,6, 1001,6
399,3, 1001,2
397,9, 1001,1
392,7, 1002,5
334,1, 1015,4
311,2, 1059,4
280,4, 1137,9
260,2, 1170,0
192,2, 1303,5
188,2, 1302,1
180,5, 1302,5
169,3, 1309,4
173,4, 1337,5
175,6, 1338,6
184,9, 1342,6
189,7, 1335,8
191,9, 1339,3
186,8, 1331,2
188,7, 1332,2
184,6, 1331,6
174,6, 1327,3
169,4, 1323,4
177,8, 1320,8
180,8, 1323,9
173,4, 1325,9
170,7, 1325,0
176,6, 1320,6
173,4, 1321,8
178,6, 1317,8
182,3, 1313,4
180,0, 1315,4
182,4, 1314,4
209,4, 1325,7
183,1, 1322,5
160,9, 1323,9
152,9, 1340,4
150,1, 1350,1
146,7, 1348,9
141,4, 1364,3
157,1, 1391,7
163,0, 1393,3
166,1, 1415,4
172,3, 1419,6
168,1, 1427,7
167,6, 1429,3
166,3, 1447,3
167,4, 1448,8
159,5, 1448,8
148,0, 1444,7
139,0, 1443,7
143,4, 1439,8
140,1, 1437,8
146,8, 1428,6
146,5, 1426,3
153,3, 1425,7
172,8, 1428,2
196,7, 1417,7
193,5, 1411,0
192,7, 1411,3
132,4, 1407,4
140,4, 1412,4
162,0, 1420,1
162,6, 1418,5
156,5, 1431,9
155,7, 1432,8
147,9, 1435,0
115,4, 1457,7
113,3, 1458,1
108,7, 1461,5
97,1, 1470,6
93,3, 1474,1
92,6, 1477,3
85,6, 1486,3
83,6, 1489,0
83,7, 1493,0
86,0, 1494,3
91,5, 1491,4
94,1, 1489,8
92,7, 1490,9
99,6, 1499,1
106,8, 1505,6
148,7, 1508,1
158,6, 1505,4
155,8, 1493,4
157,7, 1497,3
166,5, 1497,7
166,2, 1498,6
161,9, 1496,9
123,6, 1502,2
150,4, 1494,1
174,2, 1487,7
161,8, 1488,5
178,0, 1485,5
171,9, 1485,4
173,4, 1484,4
334,3, 1484,2
392,3, 1484,3
456,5, 1486,1
487,7, 1486,7
491,4, 1486,8
504,2, 1485,8
518,7, 1485,8
550,6, 1482,2
558,1, 1479,4
574,6, 1479,0
674,8, 1474,0
946,7, 1462,9
982,3, 1455,7
996,2, 1451,6
1030,1, 1441,0
1026,9, 1439,1
1016,9, 1437,7
1062,2, 1433,1
1129,6, 1427,6
1363,7, 1414,1
1398,0, 1412,5
1468,6, 1408,3
1483,4, 1408,3
1491,4, 1378,4
1509,8, 1401,8
1500,9, 1395,3
1497,9, 1391,6
1501,1, 1385,0
1510,0, 1388,3
1512,3, 1380,9
1506,0, 1380,7
1505,0, 1380,5
1496,0, 1377,6
1504,2, 1379,0
1497,5, 1377,8
1607,1, 1366,7
2003,6, 1355,6
2157,4, 1347,6
2445,0, 1366,0
2447,8, 1364,9
2450,1, 1358,6
2578,9, 1356,8
2696,1, 1355,9
2804,1, 1332,4
2813,9, 1332,4
2813,7, 1333,0
2769,8, 1340,8
2769,0, 1343,3
2768,0, 1344,6
2770,0, 1344,1
2770,4, 1336,2
2767,1, 1332,2
2755,3, 1330,6
2750,4, 1328,1
2748,1, 1327,5
2748,1, 1316,9
2746,7, 1318,2
2741,1, 1318,0
2735,9, 1317,9
2720,2, 1332,5
2729,7, 1330,3
2737,7, 1332,8
2720,4, 1331,8
2728,8, 1332,1
2722,4, 1333,9
2744,2, 1335,4
2757,6, 1316,5
2758,3, 1320,7
2762,8, 1317,8
2793,7, 1317,5
2783,3, 1318,5
2787,5, 1318,7
2795,6, 1310,4
2805,5, 1306,6
2797,5, 1298,2
2792,3, 1297,1
2703,6, 1286,1
2662,9, 1292,8
2547,5, 1316,7
2528,7, 1319,7
2543,6, 1315,3
2446,8, 1335,2
2394,8, 1347,7
2379,3, 1346,2
2371,3, 1348,0
2370,8, 1353,8
2369,7, 1345,2
2368,2, 1344,1
2350,7, 1350,9
2352,8, 1349,3
2357,6, 1346,1
2345,2, 1348,2
2339,0, 1344,3
2354,6, 1320,1
2354,6, 1323,8
2372,1, 1330,4
2376,5, 1328,5
2375,8, 1326,1
2363,1, 1330,8
2366,0, 1332,9
2253,8, 1347,1
2198,5, 1356,2
2058,4, 1378,1
1915,8, 1399,2
1898,3, 1401,1
1940,5, 1393,4
1798,4, 1408,0
1790,2, 1404,1
1769,5, 1380,8
1782,7, 1393,6
1787,2, 1381,3
1788,6, 1378,9
1790,2, 1379,0
1793,1, 1380,8
1801,1, 1397,3
1738,0, 1380,8
1634,3, 1375,4
1409,8, 1379,2
1058,3, 1388,3
913,9, 1391,9
379,6, 1383,2
491,3, 1385,8
339,2, 1385,8
57,0, 1401,4
54,8, 1406,7
55,5, 1412,6
56,7, 1420,1
74,3, 1421,4
88,5, 1421,4
132,3, 1428,1
152,1, 1427,9
217,7, 1424,6
-7,6, 1440,3
-11,9, 1431,8
-14,0, 1415,7
-30,6, 1407,3
-86,0, 1411,0
-78,2, 1393,5
-17,9, 1389,9
4,3, 1397,9
18,3, 1401,8
27,1, 1403,5
56,7, 1413,8
60,6, 1415,7
85,2, 1422,1
101,9, 1411,9
108,1, 1402,2
108,9, 1407,1
109,2, 1412,8
117,9, 1402,3
145,7, 1417,7
159,3, 1371,8
160,6, 1366,2
181,7, 1361,1
188,2, 1355,8
191,9, 1348,4
189,6, 1346,3
202,3, 1326,2
220,5, 1338,7
221,8, 1340,3
222,2, 1342,3
206,2, 1332,4
206,8, 1335,0
191,7, 1324,9
194,7, 1337,8
175,3, 1322,7
179,0, 1326,6
163,3, 1304,1
167,3, 1302,7
159,1, 1275,6
182,2, 1288,3
191,6, 1293,8
190,4, 1296,0
183,9, 1292,0
168,1, 1289,7
178,6, 1297,6
150,2, 1283,1
137,7, 1308,4
116,5, 1292,2
117,6, 1294,8
112,5, 1279,4
130,5, 1297,3
143,5, 1278,0
161,6, 1292,8
150,2, 1283,3
145,4, 1295,8
145,7, 1278,3
102,5, 1273,0
52,2, 1267,1
24,0, 1256,9
140,1, 1291,4
396,1, 1320,7
548,0, 1347,9
681,0, 1364,2
723,3, 1370,3
783,9, 1377,4
781,1, 1375,7
782,2, 1374,4
777,7, 1373,7
758,4, 1373,9
735,3, 1368,5
734,3, 1369,1
759,4, 1372,1
815,3, 1375,8
829,3, 1376,1
1000,2, 1385,8
1188,4, 1391,9
1364,4, 1393,5
1422,9, 1391,7
1446,7, 1405,3
1447,0, 1404,0
1454,6, 1410,2
1452,5, 1415,3
1448,9, 1420,3
1445,7, 1416,9
1444,3, 1413,3
1445,6, 1411,0
1445,5, 1409,9
1448,3, 1408,7
1445,2, 1408,7
1436,8, 1410,1
1429,8, 1411,1
1422,5, 1412,2
1419,0, 1415,3
1420,9, 1416,4
1438,0, 1424,8
1440,6, 1422,9
1432,3, 1395,2
1432,8, 1397,6
1438,6, 1389,4
1447,1, 1380,6
1451,2, 1377,5
1455,3, 1401,5
1453,0, 1401,0
1459,2, 1389,6
1460,5, 1388,0
1432,8, 1391,8
1438,5, 1393,1
1120,8, 1337,1
703,6, 1222,5
528,0, 1179,0
476,3, 1172,0
468,2, 1170,3
268,6, 1127,3
253,1, 1127,4
315,8, 1128,0
321,8, 1125,6
366,4, 1119,2
368,8, 1119,0
464,2, 1101,5
611,5, 1072,7
788,0, 1019,8
973,5, 975,0
1184,3, 924,3
1207,6, 924,6
1434,5, 939,1
1436,4, 939,0
1396,8, 933,8
1412,0, 934,1
1428,5, 935,7
1450,9, 920,3
1453,5, 913,4
1455,6, 902,1
1456,6, 899,6
1456,6, 902,8
1458,4, 895,5
1454,2, 897,7
1453,4, 897,5
1458,2, 893,5
1458,6, 884,6
1462,1, 860,1
1463,0, 859,3
1465,4, 859,3
1470,5, 849,6
1469,1, 854,5
1469,3, 860,3
1473,3, 856,2
1470,1, 861,5
1470,7, 858,1
1465,8, 840,5
1456,3, 851,2
1461,0, 861,7
1460,8, 860,9
1461,4, 855,2
1462,8, 853,2
1471,7, 860,1
1411,5, 874,4
1417,9, 874,4
704,0, 816,7
469,2, 797,1
275,8, 766,7
183,7, 755,9
159,5, 766,4
-69,3, 755,5
-134,4, 720,2
-162,5, 697,1
-173,1, 680,0
-175,6, 684,2
-361,3, 585,7
-325,3, 600,1
-327,1, 601,5
-294,5, 618,4
-50,6, 745,1
26,6, 782,1
12,5, 791,4
27,9, 796,2
11,6, 801,3
44,2, 806,8
55,2, 897,4
88,5, 872,1
121,9, 948,2
213,1, 981,0
207,4, 992,6
245,6, 991,1
203,1, 989,0
231,1, 991,6
209,0, 987,6
115,5, 964,8
117,2, 963,1
101,9, 955,4
119,3, 950,9
100,8, 944,5
62,5, 923,3
83,3, 916,3
57,3, 896,6
85,7, 900,6
76,9, 887,9
103,6, 884,2
75,5, 869,7
104,0, 869,8
71,0, 841,0
97,4, 826,6
77,0, 814,7
96,2, 815,5
60,0, 807,7
46,7, 793,3
62,9, 796,4
54,6, 791,6
95,9, 798,7
88,9, 800,6
59,3, 792,8
100,4, 794,5
56,8, 767,8
89,3, 774,6
199,8, 811,1
267,6, 840,8
324,2, 864,2
347,0, 874,4
459,5, 918,5
459,2, 920,0
454,0, 919,1
484,1, 917,6
462,3, 905,5
466,0, 905,7
477,8, 898,6
455,9, 889,9
470,4, 887,5
462,9, 889,6
448,0, 888,5
478,9, 892,0
484,0, 885,9
483,8, 884,9
490,7, 886,3
486,8, 886,7
511,0, 887,7
509,8, 891,6
504,4, 889,0
495,2, 886,7
485,3, 884,8
531,4, 890,5
1672,1, 1003,2
1690,6, 1046,3
1716,2, 1068,6
1720,9, 1064,9
1747,9, 1076,5
1754,6, 1083,8
1756,6, 1085,4
1755,1, 1083,8
1757,9, 1081,8
1766,2, 1075,8
1764,2, 1073,0
1761,7, 1072,5
1764,8, 1069,1
1767,6, 1070,1
1769,8, 1068,7
1779,7, 1063,9
1786,4, 1061,4
1771,7, 1064,5
1754,6, 1060,8
1650,5, 1045,4
1340,3, 954,3
957,4, 847,8
878,6, 826,1
819,7, 811,4
706,8, 796,1
714,1, 804,4
675,2, 810,9
667,4, 804,7
670,9, 806,0
681,4, 808,0
685,7, 815,3
680,0, 814,6
704,2, 817,4
316,3, 677,9
147,2, 617,0
134,5, 614,0
121,4, 606,4
69,0, 578,3
98,8, 594,9
39,1, 560,9
53,9, 570,1
90,9, 592,0
47,8, 566,1
48,1, 566,3
54,4, 570,3
91,5, 587,6
134,7, 614,3
185,6, 647,3
150,3, 629,2
190,5, 653,5
231,4, 686,7
261,6, 742,6
224,7, 972,2
242,9, 1049,5
230,9, 1091,3
251,0, 1056,8
225,4, 1076,8
217,3, 1056,8
237,6, 1079,8
167,6, 1074,8
176,0, 1070,8
156,0, 1067,1
162,8, 1066,5
147,2, 1058,8
153,2, 1056,0
138,5, 1054,3
154,4, 1055,0
111,2, 1049,0
124,4, 1046,2
122,3, 1045,8
102,3, 1030,3
112,8, 1038,4
99,7, 1048,7
116,9, 1053,1
97,5, 1048,6
72,5, 1047,6
81,0, 1042,6
99,0, 1096,6
95,3, 1086,9
89,5, 1137,0
90,5, 1161,9
92,8, 1165,7
87,3, 1257,1
84,3, 1254,2
82,4, 1252,3
72,8, 1251,9
69,8, 1251,5
39,7, 1252,3
38,9, 1254,7
35,6, 1263,6
50,2, 1267,9
92,4, 1274,5
118,8, 1277,4
133,7, 1276,3
137,9, 1276,7
136,6, 1287,6
136,4, 1286,1
130,5, 1338,8
156,8, 1340,4
174,3, 1342,8
163,3, 1344,2
144,9, 1344,2
135,0, 1343,5
125,2, 1344,0
120,4, 1345,7
113,6, 1347,8
95,4, 1346,9
99,3, 1347,9
95,6, 1345,1
127,9, 1349,1
135,3, 1350,0
130,6, 1349,4
145,0, 1348,2
135,2, 1346,7
117,2, 1359,1
105,8, 1349,7
102,7, 1351,4
104,5, 1353,9
85,1, 1339,4
83,4, 1333,2
81,5, 1334,4
87,7, 1308,9
85,8, 1305,2
79,8, 1297,1
68,4, 1277,8
113,0, 1270,5
120,1, 1273,7
136,6, 1273,7
136,4, 1274,4
125,3, 1279,0
116,4, 1279,0
100,1, 1276,8
100,6, 1262,7
95,8, 1245,5
115,2, 1238,3
323,4, 1106,3
348,0, 1113,3
496,8, 1011,8
552,5, 993,3
625,6, 985,4
641,6, 980,5
644,8, 980,7
637,8, 978,0
623,7, 970,6
634,4, 950,9
639,5, 948,3
640,5, 944,5
640,1, 945,9
626,2, 931,2
625,4, 923,0
385,6, 671,0
351,8, 631,2
351,3, 599,8
365,8, 607,4
413,0, 618,9
427,4, 626,6
395,4, 625,5
399,1, 626,5
403,4, 625,4
398,5, 628,9
411,7, 628,1
453,3, 655,5
448,0, 663,7
446,7, 659,7
446,9, 660,1
453,3, 660,4
446,4, 655,9
396,8, 647,2
395,0, 645,4
405,7, 642,1
373,7, 598,7
219,0, 287,8
165,2, 268,4
134,6, 167,2
106,2, 171,4
95,5, 88,1
109,0, 109,2
86,7, -17,8
87,1, -20,7
86,1, -22,5
201,5, 159,0
206,9, 158,9
226,6, 176,6
262,7, 214,1
245,0, 208,2
262,2, 211,0
259,0, 218,9
269,0, 225,2
288,4, 230,8
268,6, 232,4
264,5, 230,5
269,5, 226,1
271,7, 215,9
277,1, 241,8
295,9, 227,3
299,8, 240,8
276,4, 233,8
251,2, 264,7
248,5, 271,3
350,9, 567,0
384,8, 666,3
404,2, 724,6
433,7, 781,0
433,2, 783,7
454,6, 740,7
437,0, 781,9
447,8, 768,3
463,0, 754,0
461,7, 751,3
452,4, 740,4
454,2, 792,5
419,9, 752,8
424,4, 763,1
429,1, 775,8
418,3, 785,2
389,9, 791,3
291,0, 850,8
230,1, 900,5
217,9, 910,1
207,5, 939,2
231,5, 955,9
242,3, 962,6
248,7, 966,3
272,6, 979,5
283,1, 987,0
290,5, 988,8
282,4, 997,6
292,4, 981,9
268,4, 987,9
296,5, 976,2
297,2, 986,5
314,9, 995,5
265,4, 988,6
273,9, 987,4
205,7, 898,9
214,3, 897,7
217,0, 872,1
198,5, 833,7
187,1, 760,2
123,6, 740,4
127,2, 741,9
137,5, 740,9
126,9, 735,5
128,6, 737,9
174,3, 748,9
155,8, 745,1
198,9, 754,6
218,6, 770,6
242,5, 778,4
279,2, 801,4
333,0, 857,6
421,4, 873,8
381,5, 875,0
355,1, 878,1
384,3, 898,1
403,2, 906,0
438,1, 920,0
427,9, 900,1
470,1, 851,1
480,9, 868,5
490,1, 874,0
508,3, 814,4
496,9, 865,6
480,6, 875,9
465,9, 859,4
429,0, 864,2
429,6, 905,6
355,3, 922,2
418,2, 963,4
431,6, 952,3
359,4, 933,8
376,0, 930,8
354,6, 922,1
360,9, 916,2
298,6, 892,8
326,4, 884,1
235,3, 847,1
266,4, 846,4
205,5, 829,3
92,0, 740,0
99,0, 739,5
75,8, 720,3
134,4, 729,4
97,4, 710,9
33,9, 694,3
110,1, 711,1
39,4, 696,2
95,2, 707,4
93,5, 704,2
157,2, 718,0
102,4, 711,7
170,2, 726,4
112,9, 714,1
185,0, 742,7
128,7, 729,0
192,7, 744,8
160,7, 734,0
73,3, 721,6
109,2, 727,6
74,9, 716,9
142,7, 731,6
106,8, 718,4
41,6, 700,1
112,1, 715,5
53,4, 702,2
121,0, 720,7
122,4, 722,8
184,6, 738,0
114,9, 713,1
176,4, 723,2
120,0, 714,8
193,7, 730,6
139,6, 715,2
201,1, 720,0
161,5, 712,1
80,1, 723,8
113,2, 731,8
104,3, 782,6
161,5, 817,3
157,5, 857,9
122,4, 878,6
195,5, 874,7
100,9, 860,8
133,3, 860,4
128,0, 861,2
170,8, 863,6
129,6, 864,9
181,0, 862,3
129,9, 856,5
179,2, 843,4
147,6, 844,9
182,7, 845,2
159,7, 850,3
67,8, 851,5
96,4, 852,4
76,5, 849,3
132,4, 849,8
108,2, 844,5
50,8, 837,0
99,7, 834,5
45,9, 820,0
91,3, 824,1
97,6, 827,4
150,1, 818,6
69,9, 884,0
122,4, 894,8
157,9, 972,3
127,3, 1030,4
168,8, 1054,9
193,0, 1085,8
135,2, 1095,7
156,4, 1097,0
162,9, 1102,7
248,5, 1109,2
328,8, 1096,1
327,4, 1094,0
311,5, 1088,9
338,6, 1085,3
222,8, 1067,3
243,7, 1065,2
226,5, 1062,8
193,6, 1057,5
229,9, 1056,1
167,3, 1052,0
203,2, 1053,3
219,3, 1053,9
267,8, 1043,1
223,7, 1031,4
249,7, 1033,8
198,5, 1027,7
222,3, 1029,8
172,7, 1026,0
197,0, 1022,7
149,2, 1019,0
71,1, 1009,4
74,8, 1008,2
67,3, 1005,9
93,1, 1011,7
62,9, 1005,6
23,8, 998,2
52,7, 995,3
11,8, 986,9
44,1, 982,8
-0,7, 1064,6
40,9, 1060,5
36,6, 1190,5
84,0, 1226,9
59,1, 1301,3
39,4, 1298,4
19,7, 1299,0
-33,5, 1310,5
-34,4, 1306,6
-8,0, 1288,8
-72,3, 1306,1
-53,1, 1297,1
-55,4, 1308,1
-13,5, 1299,2
31,1, 1313,9
34,4, 1323,2
76,1, 1305,9
47,1, 1310,5
93,8, 1303,6
61,9, 1304,2
77,3, 1289,9
13,2, 1300,8
58,7, 1277,4
9,6, 1286,5
40,3, 1281,6
12,2, 1292,3
11,9, 1253,2
-4,2, 1293,7
-70,7, 1279,3
-57,6, 1274,0
-55,6, 1283,8
-9,9, 1273,2
-8,0, 1285,1
-22,4, 1290,5
-9,7, 1281,3
15,6, 1270,7
104,9, 1289,1
220,1, 1298,1
796,6, 1363,1
786,2, 1363,0
704,1, 1354,7
919,6, 1378,5
921,6, 1378,7
920,8, 1381,3
907,4, 1402,2
910,4, 1396,8
913,8, 1385,0
907,5, 1391,4
887,8, 1379,3
897,6, 1371,5
881,6, 1368,8
891,2, 1367,8
1216,5, 1360,0
1409,2, 1356,5
1424,3, 1355,7
1479,5, 1362,8
1480,7, 1366,0
1478,6, 1366,2
1476,6, 1376,4
1474,0, 1373,6
1472,2, 1368,6
1474,8, 1366,4
1477,6, 1362,1
1483,3, 1360,7
1480,0, 1361,6
1477,7, 1362,4
1483,9, 1360,6
1483,0, 1361,9
1482,4, 1362,7
1476,5, 1350,1
1475,1, 1351,8
1470,5, 1349,5
1429,1, 1328,2
1186,9, 1328,6
713,3, 1319,5
601,5, 1314,5
196,3, 1317,2
-18,2, 1281,6
-59,3, 1276,7
82,8, 1296,7
13,1, 1288,1
-32,3, 1281,0
1,9, 1286,7
41,2, 1290,8
84,2, 1307,7
164,0, 1317,6
183,8, 1310,4
206,4, 1322,2
219,6, 1327,3
204,6, 1329,9
192,0, 1336,3
169,9, 1338,0
166,8, 1314,5
193,2, 1302,2
283,4, 1092,2
307,8, 1044,9
331,1, 1006,1
429,4, 843,0
458,6, 791,8
461,9, 784,0
449,8, 802,2
466,5, 804,1
455,1, 811,3
469,0, 808,3
464,3, 814,1
473,8, 826,1
491,7, 839,9
504,0, 831,0
473,7, 810,2
472,6, 805,2
464,3, 798,3
459,7, 788,1
450,6, 774,9
447,1, 768,1
424,2, 769,3
425,8, 762,6
412,6, 745,6
410,7, 742,0
399,4, 729,0
384,9, 721,9
394,7, 722,0
369,2, 713,4
350,8, 697,7
346,7, 704,0
343,3, 704,6
342,6, 703,9
295,9, 752,5
286,7, 753,3
222,5, 841,2
151,0, 948,5
124,8, 1006,2
110,5, 987,4
106,3, 1012,0
78,1, 1015,8
76,9, 1031,2
70,7, 1018,3
74,5, 1027,5
80,4, 1022,2
408,2, 777,0
451,5, 744,6
345,4, 826,6
217,0, 923,1
169,9, 936,6
208,1, 900,7
205,8, 881,1
186,7, 880,5
118,0, 901,9
115,6, 889,4
100,1, 885,9
109,8, 877,5
107,6, 865,0
115,0, 860,3
104,2, 833,4
113,3, 827,5
106,8, 840,2
111,2, 835,0
110,5, 838,7
87,8, 848,9
95,4, 843,3
92,8, 847,0
111,6, 835,8
109,2, 835,7
98,7, 841,9
119,0, 834,4
111,8, 844,3
131,7, 830,1
131,6, 827,0
129,7, 810,7
117,6, 818,8
112,7, 819,7
109,2, 818,7
113,1, 815,8
95,6, 800,3
101,4, 798,9
116,0, 770,1
65,6, 695,3
108,1, 690,3
131,2, 632,8
107,0, 638,4
153,1, 637,1
186,3, 679,5
198,4, 666,7
232,1, 701,0
242,9, 708,9
264,5, 722,3
282,4, 728,9
345,3, 745,0
378,6, 734,6
312,3, 754,6
306,9, 753,1
344,7, 753,7
341,4, 748,0
468,9, 807,5
474,2, 808,9
620,8, 897,2
640,8, 908,0
779,3, 926,6
775,0, 923,9
735,7, 904,8
676,6, 875,2
657,7, 866,3
639,7, 852,7
628,2, 846,3
615,0, 835,6
568,7, 802,8
565,6, 801,2
564,5, 797,5
561,3, 795,2
560,6, 794,8
558,6, 794,4
566,0, 792,0
589,5, 797,1
579,9, 792,6
587,5, 804,0
580,0, 795,8
593,9, 797,6
577,8, 794,1
577,7, 793,9
577,1, 797,1
576,8, 803,8
575,7, 820,6
578,3, 818,8
582,6, 814,3
583,7, 805,5
579,8, 812,3
585,5, 802,9
586,7, 801,2
584,0, 798,0
581,6, 796,3
583,5, 801,5
580,0, 783,8
576,1, 772,6
565,6, 786,1
521,9, 794,6
459,5, 872,7
373,8, 972,5
395,2, 946,7
365,2, 983,9
342,5, 1010,4
287,5, 1074,8
259,0, 1107,4
228,3, 1144,4
217,1, 1141,3
242,0, 1153,2
245,8, 1157,8
255,2, 1164,1
338,2, 1212,3
445,8, 1268,5
534,5, 1318,5
545,5, 1324,2
559,0, 1332,9
595,0, 1355,4
597,8, 1356,2
603,5, 1354,7
607,8, 1355,8
618,7, 1357,9
634,6, 1360,2
631,4, 1359,9
639,2, 1361,3
617,5, 1359,0
616,0, 1363,6
616,8, 1365,2
245,2, 1501,7
244,2, 1496,1
149,5, 1515,4
158,9, 1509,5
149,3, 1511,1
21,7, 1528,2
55,8, 1548,8
45,5, 1558,5
-2,5, 1538,6
2,4, 1539,5
26,5, 1550,2
67,6, 1563,1
62,5, 1561,9
71,6, 1565,7
68,8, 1564,6
84,5, 1560,6
97,4, 1563,8
67,4, 1509,8
57,5, 1513,1
29,9, 1497,4
-44,0, 1427,9
6,9, 1133,5
63,4, 908,9
58,5, 883,4
64,3, 871,0
112,9, 925,0
101,3, 913,0
116,0, 928,8
105,6, 909,4
122,4, 915,5
110,7, 904,9
116,8, 913,0
119,3, 906,7
130,9, 930,0
135,2, 924,9
150,1, 940,2
138,7, 927,8
141,3, 927,4
168,3, 957,9
161,7, 951,5
104,0, 1019,1
74,5, 1023,3
74,9, 1031,1
72,7, 1067,4
88,3, 1090,7
93,8, 1088,4
119,7, 1077,5
125,5, 1076,6
137,2, 1083,3
180,5, 1091,0
223,1, 1057,1
278,2, 1017,1
322,8, 984,9
279,1, 1018,3
318,0, 990,7
252,4, 1058,1
282,7, 1067,1
274,9, 1082,4
264,0, 1104,5
238,7, 1128,1
314,2, 1067,7
261,8, 1104,2
256,1, 1106,5
349,6, 1053,7
351,4, 1054,8
340,7, 1062,8
269,2, 1114,8
271,4, 1113,3
267,3, 1116,5
295,6, 1270,8
308,3, 1270,7
336,1, 1286,3
342,2, 1303,5
393,8, 1328,2
399,6, 1316,8
436,9, 1338,9
454,7, 1328,6
513,6, 1314,5
514,7, 1333,2
517,8, 1325,5
519,6, 1320,6
514,6, 1315,3
518,7, 1296,4
516,7, 1297,2
494,4, 1298,2
433,9, 1280,5
345,9, 1288,8
341,7, 1282,6
316,1, 1274,9
296,4, 1276,5
291,6, 1273,2
274,9, 1271,2
252,7, 1244,8
255,4, 1249,3
257,7, 1246,1
289,8, 1229,8
405,0, 1193,3
452,4, 1182,5
535,2, 1168,7
575,5, 1158,9
612,8, 1142,4
640,3, 1116,4
635,4, 1099,3
634,3, 1095,8
631,9, 1087,9
632,8, 1080,3
632,0, 1076,5
633,7, 1068,0
635,7, 1063,1
637,8, 1041,3
636,9, 1045,2
630,0, 1044,1
628,0, 1041,5
623,3, 1032,8
615,7, 1022,7
614,3, 1022,7
614,4, 1020,9
596,7, 994,8
596,5, 995,3
697,5, 902,3
1106,1, 597,8
1151,6, 578,2
1191,5, 561,5
1202,3, 555,0
1249,7, 536,3
1329,7, 501,0
1360,0, 478,8
1360,4, 473,2
1362,2, 468,3
1365,8, 465,4
1397,4, 475,7
1393,9, 442,7
1395,1, 441,2
1391,4, 438,5
1392,8, 441,0
1396,2, 440,2
1404,3, 447,8
1410,0, 443,7
1410,8, 437,5
1411,5, 433,3
1408,6, 425,0
1407,9, 410,7
1408,9, 405,8
1414,1, 384,6
1412,6, 377,4
1411,6, 364,4
1410,8, 360,2
1410,8, 350,4
1404,1, 334,5
1405,2, 332,5
1406,3, 329,4
1408,9, 326,8
1412,1, 323,6
1410,9, 321,4
1371,1, 325,8
1366,4, 324,0
1380,3, 313,6
525,1, -78,7
529,1, -80,3
558,4, -70,4
538,0, -79,8
483,9, -105,0
608,4, 0,6
609,2, 21,0
647,4, 99,5
678,3, 146,2
691,5, 158,8
698,4, 168,9
727,5, 207,7
745,4, 229,3
758,8, 234,7
761,7, 237,4
772,8, 234,6
778,7, 238,1
777,4, 236,7
774,0, 235,2
769,1, 234,8
774,3, 225,7
773,7, 220,9
759,4, 214,0
759,9, 209,3
748,6, 202,7
744,2, 200,3
754,9, 203,7
750,9, 202,2
751,9, 202,9
749,3, 201,6
747,0, 200,1
738,3, 194,0
732,3, 182,3
719,3, 162,0
717,4, 159,8
721,0, 159,0
719,3, 152,2
714,6, 154,8
713,2, 150,3
710,0, 147,1
712,0, 136,8
711,5, 133,4
689,2, 110,3
695,3, 107,3
693,5, 107,9
681,4, 99,9
669,8, 95,7
663,4, 92,1
654,7, 85,3
647,8, 68,7
625,6, 61,0
629,0, 61,3
650,4, 93,8
653,9, 79,7
96,6, -124,7
-152,7, -45,8
-183,9, -75,2
-157,6, -53,7
-154,3, -40,4
-151,7, -48,3
-138,9, -42,0
-125,3, -33,6
-125,2, -30,6
-125,7, -24,5
-116,9, -29,3
-105,9, -35,3
-110,4, -25,1
-115,3, -25,3
-119,6, -34,3
-114,5, -23,6
-107,2, -135,2
-7,7, 32,9
13,0, 38,0
6,5, 34,3
14,8, 26,6
7,7, 19,7
35,4, -32,9
40,0, -56,6
19,7, -74,7
-18,8, -14,7
-176,1, -43,5
-163,6, -47,3
-148,9, -33,7
-129,5, -15,8
-121,3, 1,9
-135,1, -7,4
-128,4, -1,5
-95,0, 3,2
-97,5, 47,2
-105,6, 26,9
-112,0, -20,2
-107,6, -10,1
-51,6, 106,2
-57,1, 64,0
1432,6, 467,5
1447,4, 403,4
1568,2, 167,5
1587,1, 171,0
1590,8, 174,4
1591,2, 188,3
1651,9, 42,4
1644,6, 93,6
1641,2, 107,3
1661,3, 107,5
1648,8, 112,5
1655,2, 77,2
1657,7, 62,8
1661,9, 79,5
1665,4, 62,0
1720,4, -15,6
1771,7, -51,9
2177,8, -12,7
2288,1, -1,6
2339,6, 0,6
2398,4, 11,3
2646,8, 5,2
2707,0, 1,2
2703,0, 5,8
2700,0, 22,2
2750,0, 42,8
2655,2, 164,4
2645,7, 184,0
2676,8, 151,0
2635,9, 204,1
2633,3, 212,7
2655,2, 225,0
2591,0, 259,9
2507,7, 236,0
2559,5, 212,8
2534,2, 207,3
2522,2, 201,8
2520,6, 196,1
2514,8, 192,9
2494,8, 179,4
2497,0, 177,5
2498,2, 162,9
2502,5, 155,2
2502,2, 145,3
2506,1, 138,5
2507,8, 142,8
2506,8, 148,9
2509,0, 144,5
2503,3, 158,0
2530,7, 129,7
2452,8, 154,8
2244,7, 219,5
2139,9, 250,1
2093,0, 269,9
2047,9, 280,2
2030,6, 284,2
2035,9, 283,9
2027,8, 283,3
2031,3, 286,1
2015,7, 299,1
2020,1, 308,9
2012,9, 341,6
2009,6, 334,5
2008,8, 333,5
1995,7, 351,0
1991,4, 363,2
1938,7, 375,1
1805,7, 386,5
1702,1, 371,0
1560,7, 360,4
1480,2, 347,8
1499,6, 345,9
1493,2, 346,1
1470,9, 346,2
1468,4, 341,6
1466,2, 336,5
1470,6, 331,3
1469,4, 332,3
1467,5, 327,5
1471,2, 318,1
1470,7, 308,7
1469,2, 298,7
1469,1, 293,2
1456,5, 275,0
1363,2, 284,4
1364,7, 286,5
1095,7, 373,0
1036,1, 386,3
993,5, 398,3
896,6, 429,8
896,2, 433,2
872,5, 406,7
886,7, 426,2
883,6, 432,9
883,1, 431,7
883,3, 432,7
885,0, 435,9
907,1, 454,1
916,9, 466,2
668,7, 350,7
254,4, 193,0
156,6, 215,1
129,8, 215,5
113,4, 206,2
101,4, 199,9
71,7, 199,4
84,4, 204,0
-10,8, 122,8
-142,0, 118,0
-167,3, 125,7
-151,3, 199,1
-97,0, 222,7
-51,9, 256,0
-19,5, 277,9
30,8, 314,0
69,5, 343,2
92,3, 354,1
101,9, 357,9
129,3, 356,6
201,5, 311,1
261,5, 378,9
254,8, 390,8
259,6, 385,7
273,0, 384,3
267,7, 372,4
256,4, 369,6
225,4, 372,9
231,2, 378,3
235,0, 379,3
238,0, 380,5
250,2, 382,8
254,0, 362,5
204,4, 339,6
221,1, 350,8
230,3, 357,9
234,3, 361,1
754,8, 298,7
860,7, 296,3
936,8, 295,6
1000,1, 238,8
1033,1, 234,0
1055,9, 231,2
1061,0, 232,2
1063,2, 216,7
1090,3, 171,0
1072,3, 154,6
1033,4, 110,3
986,4, 58,7
1004,7, 65,4
1915,1, 2116,2
2011,7, 2241,8
2110,4, 2346,4
2072,8, 2304,9
2130,4, 2374,0
2186,7, 2440,7
2219,5, 2433,7
2235,7, 2459,0
2216,4, 2434,8
2236,0, 2454,4
2271,2, 2471,5
2328,7, 2525,2
2349,9, 2580,8
2324,1, 2531,9
2334,6, 2556,3
2333,4, 2589,8
2357,1, 2604,7
2340,5, 2585,1
281,1, 522,7
274,9, 537,5
286,4, 538,9
274,7, 541,7
251,8, 544,0
259,7, 532,9
256,3, 510,0
229,9, 508,5
231,5, 504,6
237,0, 511,9
299,8, 560,5
348,9, 589,0
367,7, 601,9
378,3, 610,0
402,2, 626,4
434,4, 650,3
444,5, 658,9
466,1, 669,0
486,0, 676,8
467,4, 672,0
480,8, 672,3
473,0, 673,6
469,8, 674,8
471,9, 675,2
474,2, 677,0
472,4, 683,1
464,2, 682,5
427,8, 668,9
443,3, 672,8
448,8, 671,3
434,9, 665,3
448,1, 663,2
450,3, 666,2
414,6, 670,7
350,4, 680,1
277,3, 696,6
196,2, 748,7
210,3, 751,6
174,5, 833,3
176,0, 810,8
195,2, 831,8
209,1, 869,6
307,2, 879,4
276,9, 917,2
298,2, 913,4
243,7, 992,0
219,6, 1069,3
188,3, 1129,5
192,3, 1198,1
165,0, 1249,9
158,5, 1249,0
166,4, 1246,1
181,4, 1246,3
145,6, 1251,5
155,2, 1251,1
181,5, 1244,7
213,4, 1240,3
160,0, 1257,4
180,2, 1245,2
135,7, 1267,2
160,8, 1255,4
126,5, 1257,1
92,6, 1261,6
150,7, 1238,3
174,2, 1226,9
156,6, 1243,5
176,9, 1244,0
156,4, 1264,7
173,2, 1243,5
163,0, 1245,2
164,3, 1247,0
152,7, 1250,8
163,0, 1243,7
130,8, 1259,5
155,4, 1243,3
112,5, 1265,3
196,9, 1232,8
161,6, 1244,8
137,5, 1255,0
161,7, 1254,1
131,7, 1266,7
151,2, 1249,5
163,0, 1244,9
125,5, 1260,0
141,1, 1255,6
124,6, 1262,1
138,6, 1256,8
116,1, 1278,7
149,2, 1276,1
130,7, 1282,7
157,3, 1268,2
116,9, 1282,0
152,2, 1272,6
124,0, 1286,7
165,9, 1266,9
131,0, 1276,6
122,6, 1271,4
122,4, 1266,3
70,4, 1285,3
86,0, 1279,9
38,3, 1257,8
68,6, 1246,8
56,1, 1232,3
13,4, 1205,2
46,7, 1181,6
-6,8, 1179,9
14,4, 1173,4
18,0, 1167,8
45,2, 1159,9
8,4, 1157,6
38,0, 1149,5
26,2, 1161,1
62,0, 1154,0
40,9, 1159,5
57,6, 1157,4
22,4, 1168,2
-4,5, 1164,5
10,9, 1159,0
3,9, 1160,4
42,1, 1153,0
32,9, 1153,1
12,0, 1155,3
42,5, 1150,2
-6,3, 1172,7
14,1, 1165,8
-4,0, 1165,0
13,5, 1158,6
-4,8, 1160,0
18,5, 1154,8
-19,1, 1228,4
11,6, 1236,2
-2,1, 1247,2
9,9, 1242,5
-18,2, 1267,7
-15,9, 1278,1
0,5, 1269,2
-21,3, 1266,8
10,2, 1253,4
5,7, 1264,0
-13,6, 1289,8
11,7, 1257,8
-27,2, 1278,8
7,6, 1254,0
-11,9, 1262,9
15,1, 1259,5
5,6, 1264,6
31,8, 1254,9
-0,1, 1261,4
16,8, 1248,5
-9,8, 1261,0
12,6, 1237,1
5,1, 1245,8
56,7, 1145,9
133,9, 939,1
84,3, 819,3
85,0, 755,6
49,0, 636,4
30,6, 584,7
13,9, 610,3
38,0, 619,9
106,9, 647,2
139,3, 689,2
204,5, 728,8
304,8, 774,0
321,2, 800,1
420,3, 829,6
403,9, 839,5
441,7, 844,7
386,5, 844,9
444,6, 844,7
393,1, 854,9
433,0, 867,1
445,8, 861,9
528,2, 849,6
512,6, 870,0
912,7, 796,2
973,8, 773,6
945,7, 753,6
927,4, 711,5
911,1, 689,3
898,3, 673,9
889,1, 650,8
853,9, 620,0
841,2, 604,3
826,5, 567,7
819,2, 564,2
800,8, 550,1
800,8, 541,3
789,3, 535,1
779,6, 525,2
749,6, 517,6
616,7, 493,9
555,3, 476,4
385,9, 430,2
255,7, 387,9
129,9, 366,9
107,4, 356,0
-125,4, 275,7
-146,7, 281,9
-12,9, 353,2
154,7, 506,7
206,6, 547,6
290,4, 583,2
319,6, 584,1
359,4, 607,7
362,9, 612,4
368,8, 630,3
351,7, 626,6
413,9, 635,1
388,1, 633,0
426,5, 636,8
304,2, 632,1
281,9, 646,6
255,0, 645,9
272,6, 652,3
266,0, 647,8
264,7, 640,2
264,6, 642,7
259,7, 640,3
259,7, 640,2
1349,4, 914,4
1367,1, 898,4
1390,6, 902,6
1379,0, 900,7
1395,3, 901,3
1391,9, 887,8
1394,6, 878,0
1382,7, 838,9
1390,1, 843,5
1390,7, 834,5
1378,5, 800,2
1372,7, 783,1
1363,7, 773,3
1352,4, 757,3
1352,7, 749,7
1379,7, 728,5
1407,8, 709,2
1511,1, 704,9
3070,0, 694,1
2186,3, 495,4
2462,4, 545,3
2933,8, 749,1
2941,8, 747,8
2883,7, 701,4
2934,3, 698,9
3044,9, 734,8
3038,5, 739,2
3009,6, 741,2
3029,2, 740,5
3043,8, 727,1
3049,3, 724,7
3032,5, 731,7
3039,0, 731,3
3037,7, 782,9
2978,8, 797,6
3038,4, 748,2
3030,6, 758,1
3002,2, 780,9
3036,1, 756,1
3010,7, 767,1
3039,4, 754,7
2678,1, 929,9
2515,3, 1012,0
2453,2, 1037,0
2361,6, 1071,8
2361,6, 1075,6
2359,8, 1054,8
2356,1, 1056,0
2354,6, 1083,4
2352,2, 1089,1
2358,7, 1095,7
2358,3, 1096,8
2342,3, 1099,5
2250,8, 1115,4
2200,7, 1141,5
2101,8, 1191,7
2050,8, 1219,3
1806,2, 1351,5
1807,8, 1351,1
1800,1, 1358,1
1798,5, 1356,0
1769,0, 1360,6
1754,6, 1366,7
1750,7, 1369,4
1764,6, 1369,6
1761,5, 1371,4
1784,4, 1370,8
1794,1, 1369,4
1793,7, 1362,4
1786,6, 1368,2
1760,2, 1378,0
1751,4, 1379,4
1740,5, 1381,4
1721,7, 1389,3
1720,4, 1401,9
1721,8, 1405,7
1720,4, 1406,5
1721,5, 1397,8
1719,2, 1389,9
1724,4, 1388,9
1719,0, 1402,5
1718,4, 1403,4
1711,1, 1385,9
1709,6, 1384,9
1707,4, 1389,8
1674,3, 1364,7
1664,8, 1368,8
1204,4, 1316,5
1104,6, 1313,5
549,9, 1254,4
251,1, 1214,6
87,4, 1191,7
49,9, 1186,6
139,9, 1207,8
121,7, 1203,3
28,5, 1188,2
46,5, 1204,6
60,0, 1203,8
90,4, 1204,2
107,2, 1206,9
162,7, 1213,4
190,1, 1209,5
189,6, 1190,6
191,5, 1199,9
174,0, 1193,8
224,1, 1173,1
204,2, 1176,6
195,4, 1159,2
90,8, 1148,8
62,3, 1147,7
-12,4, 1116,8
15,0, 1118,2
29,1, 1090,9
77,7, 1051,8
11,7, 1044,2
74,4, 984,4
9,6, 979,1
13,4, 973,1
-2,4, 963,8
15,3, 953,4
-0,6, 930,5
-30,1, 926,8
16,7, 932,5
38,3, 969,2
71,2, 972,3
83,8, 982,1
137,6, 994,0
116,1, 996,0
144,4, 1003,3
98,8, 987,8
138,7, 994,3
118,4, 986,4
166,5, 990,8
156,2, 982,1
54,8, 938,7
65,5, 941,5
58,0, 942,6
103,6, 948,0
69,8, 948,5
20,6, 944,4
68,9, 947,2
43,4, 949,1
79,6, 952,4
56,9, 944,0
95,3, 942,1
47,7, 936,1
91,4, 938,5
1599,4, 946,1
1576,3, 1049,3
1603,0, 1120,8
1605,1, 1196,4
1617,2, 1203,0
1634,6, 1320,4
1662,0, 1490,6
1755,9, 1751,2
1935,1, 2148,5
2073,7, 2484,7
2035,4, 2414,5
2086,0, 2487,6
2116,7, 2565,4
2139,1, 2592,8
2174,0, 2666,6
2174,0, 2654,5
2197,8, 2651,2
2201,5, 2575,4
2176,9, 2457,3
2187,3, 2503,4
2198,9, 2513,2
2193,1, 2410,4
2197,0, 2399,4
2178,5, 2398,8
2191,3, 2399,5
37,0, 790,9
-58,6, 693,4
1,3, 740,4
-2,5, 717,3
25,7, 734,2
108,8, 797,2
106,3, 792,0
131,1, 791,5
246,0, 795,2
286,7, 829,6
325,3, 838,7
339,0, 834,2
412,7, 904,2
412,1, 881,2
409,5, 880,6
413,9, 897,7
332,6, 894,0
348,4, 889,2
321,6, 895,7
323,5, 894,1
365,0, 883,2
306,2, 877,7
321,5, 877,7
380,6, 851,7
376,5, 845,4
382,7, 840,2
377,4, 835,9
374,5, 823,3
333,4, 792,8
333,7, 787,2
281,1, 761,6
257,1, 725,8
251,3, 720,9
226,7, 689,7
154,5, 571,9
93,7, 514,7
111,3, 509,4
30,2, 482,9
-49,7, 454,6
9,9, 465,4
-33,4, 444,1
30,5, 453,8
43,0, 460,7
-10,9, 462,0
55,9, 472,3
19,0, 475,0
19,0, 474,8
15,5, 472,3
368,1, 800,9
406,3, 807,3
409,8, 814,9
414,0, 824,0
418,8, 833,4
345,2, 844,0
346,6, 832,1
307,4, 833,7
305,6, 833,0
281,7, 832,8
288,2, 837,5
247,2, 821,9
258,3, 821,7
240,1, 817,8
229,0, 814,4
195,0, 818,8
149,1, 814,4
63,8, 791,8
59,1, 789,5
72,2, 790,9
110,9, 829,0
140,9, 849,0
220,7, 881,1
214,7, 891,9
252,2, 896,8
285,2, 924,5
263,7, 948,7
291,8, 941,9
267,4, 965,8
296,5, 960,8
379,6, 929,7
366,0, 934,2
351,6, 934,5
346,4, 934,5
340,8, 935,3
314,5, 937,6
308,2, 938,4
225,3, 933,3
250,7, 934,0
219,3, 929,4
111,0, 928,3
138,0, 928,6
118,7, 929,3
112,5, 927,1
89,0, 929,7
48,1, 928,4
88,5, 916,1
32,0, 913,0
58,0, 909,2
60,3, 888,2
92,6, 878,8
54,0, 862,4
84,2, 857,5
52,7, 858,3
85,6, 860,8
45,8, 859,8
83,9, 859,2
60,2, 850,1
31,9, 847,0
58,2, 840,7
36,6, 842,8
75,0, 842,5
53,2, 844,0
22,3, 843,2
64,6, 835,3
28,3, 803,2
32,1, 800,7
78,1, 788,2
46,2, 766,5
78,3, 767,3
96,7, 724,2
130,6, 742,3
320,1, 699,6
340,7, 699,8
441,0, 703,5
433,1, 700,9
485,8, 696,7
409,6, 654,2
412,7, 644,5
450,7, 667,4
433,9, 663,8
410,8, 662,5
433,7, 666,9
463,0, 672,6
445,9, 668,1
448,2, 657,6
443,8, 644,1
319,1, 487,7
365,5, 536,6
294,6, 446,4
231,2, 310,0
227,7, 237,9
224,4, 215,7
226,9, 210,1
223,6, 202,4
221,8, 194,0
232,6, 200,3
236,6, 194,3
246,9, 173,8
250,9, 177,1
239,0, 170,1
208,5, 144,1
119,1, 58,1
121,8, 81,1
117,5, 77,4
115,0, 78,5
115,0, 78,5
74,1, 624,3
-34,3, 582,4
-4,5, 613,7
13,1, 632,6
24,8, 636,3
142,4, 698,2
129,6, 687,9
206,6, 733,9
263,0, 764,1
325,4, 798,7
417,7, 851,3
436,8, 799,0
426,5, 812,3
436,0, 759,2
445,0, 723,2
435,3, 659,0
453,4, 542,6
428,4, 539,0
467,9, 535,1
494,3, 536,6
504,6, 536,3
433,9, 524,3
461,5, 522,3
455,8, 586,4
449,2, 597,9
445,0, 592,4
440,0, 578,1
448,5, 583,4
509,3, 544,5
509,9, 531,0
505,2, 527,2
478,5, 511,5
474,2, 493,8
473,9, 493,3
484,9, 467,1
484,7, 468,2
355,2, 445,7
340,4, 441,8
324,3, 416,6
319,3, 420,7
295,9, 399,7
307,8, 402,2
267,1, 297,7
266,6, 288,2
238,8, 260,7
241,2, 255,4
218,3, 229,6
206,8, 218,6
136,2, 216,8
101,7, 187,9
106,3, 211,5
93,9, 208,8
81,0, 169,5
103,9, 201,1
76,2, 189,6
83,1, 200,9
62,4, 183,3
57,4, 177,5
107,6, 195,3
97,4, 199,9
79,2, 195,9
81,0, 181,2
69,3, 183,9
55,0, 170,4
78,5, 176,6
164,4, 162,9
189,5, 169,3
267,5, 240,0
301,5, 276,5
358,6, 381,7
358,7, 399,7
423,0, 498,9
487,0, 538,7
474,7, 545,3
500,8, 577,3
493,8, 570,7
505,1, 579,3
503,4, 582,2
484,6, 569,3
501,1, 600,3
519,3, 624,2
533,8, 632,1
540,3, 635,5
545,6, 637,0
544,1, 632,8
545,4, 639,2
543,0, 634,8
542,8, 639,8
539,8, 636,5
540,9, 638,2
495,2, 547,4
479,9, 531,7
476,9, 524,5
482,0, 510,1
475,5, 513,4
483,1, 505,3
447,9, 530,8
467,7, 576,1
483,4, 558,0
482,0, 579,8
487,0, 575,7
442,6, 544,5
398,2, 637,5
244,1, 970,2
229,0, 1002,9
180,7, 1091,9
181,6, 1109,1
184,1, 1112,1
186,5, 1118,5
233,2, 1130,0
239,8, 1131,3
301,2, 1138,6
302,0, 1138,9
321,3, 1138,9
336,5, 1133,2
324,4, 1133,5
320,7, 1130,3
318,5, 1129,7
326,6, 1132,7
301,6, 1134,3
311,5, 1141,3
305,3, 1139,7
308,8, 1140,6
303,3, 1140,5
289,7, 1142,7
283,2, 1135,3
285,3, 1137,9
279,1, 1137,7
277,2, 1143,2
267,8, 1147,7
273,8, 1150,5
279,3, 1149,2
284,7, 1145,7
242,1, 1132,6
213,1, 1109,3
212,1, 1110,7
222,4, 1126,1
204,4, 1123,1
194,8, 1114,0
172,6, 1115,1
144,6, 1104,8
145,1, 1120,9
141,3, 1109,1
141,5, 1110,0
150,1, 1107,3
127,7, 1083,6
101,1, 1066,2
64,3, 972,5
63,6, 953,9
65,2, 949,6
70,5, 943,9
92,7, 942,5
92,8, 931,8
99,1, 930,8
94,3, 922,2
102,6, 939,8
102,5, 931,2
109,4, 930,7
136,8, 918,8
131,7, 900,8
139,5, 892,6
140,8, 857,5
146,6, 851,6
157,5, 851,0
154,7, 813,5
164,8, 817,7
159,6, 805,5
155,2, 762,2
156,3, 781,7
162,6, 760,8
78,6, 740,7
86,1, 739,5
-22,7, 727,7
-11,0, 729,5
102,8, 732,5
23,6, 714,7
267,0, 709,6
284,5, 733,8
345,8, 744,6
341,5, 756,7
344,3, 773,5
367,6, 785,6
397,8, 809,6
414,7, 794,6
404,4, 802,7
400,9, 803,2
397,1, 805,1
406,7, 799,5
405,5, 800,1
372,5, 830,5
377,2, 824,3
371,6, 830,3
392,2, 814,7
395,3, 812,7
417,7, 801,5
378,0, 860,0
392,2, 856,3
379,0, 873,0
370,3, 879,6
370,3, 879,6
181,4, 811,6
249,9, 785,7
187,8, 778,2
219,2, 735,3
259,8, 729,8
139,8, 743,1
118,4, 746,0
160,2, 745,8
122,7, 764,2
280,9, 818,0
393,7, 826,6
425,0, 810,8
430,1, 794,3
436,8, 765,0
452,5, 754,9
451,6, 777,5
448,6, 796,2
446,8, 809,8
451,3, 822,7
455,7, 824,9
455,3, 826,0
462,2, 830,9
464,9, 833,4
458,3, 833,3
457,4, 833,5
454,9, 831,6
497,1, 756,1
499,6, 754,2
499,2, 752,8
501,1, 747,8
470,7, 783,3
462,5, 795,9
449,6, 798,4
456,2, 788,9
476,9, 760,3
466,5, 772,9
478,2, 752,9
475,8, 756,9
482,6, 745,7
488,3, 732,7
421,6, 781,0
429,3, 755,3
424,1, 761,9
424,5, 757,7
407,9, 736,5
396,4, 706,2
391,1, 693,3
397,5, 660,4
404,9, 650,7
409,1, 639,3
408,4, 632,2
409,7, 616,9
403,4, 599,5
404,8, 598,1
406,7, 592,0
393,4, 600,3
392,1, 602,3
438,9, 598,8
486,0, 606,7
582,2, 496,8
584,5, 494,2
590,8, 504,0
596,6, 517,9
608,8, 543,7
616,2, 545,0
619,5, 554,6
632,0, 609,6
627,5, 584,8
652,1, 633,1
633,6, 611,7
632,9, 616,2
627,2, 604,0
627,5, 609,2
621,6, 593,5
615,0, 578,8
588,6, 548,6
591,4, 558,0
579,5, 533,1
544,4, 420,3
552,8, 471,9
544,6, 450,5
536,3, 469,6
516,4, 422,2
475,2, 408,7
209,1, 251,1
186,6, 237,7
129,3, 216,3
9,6, 251,7
70,1, 234,0
169,4, 470,9
220,9, 500,8
372,9, 778,3
445,8, 924,7
453,8, 937,8
512,4, 1013,6
714,8, 1335,6
712,3, 1336,5
707,9, 1343,6
685,8, 1363,9
690,1, 1356,1
678,9, 1358,5
673,1, 1356,6
666,8, 1356,7
655,4, 1353,8
644,1, 1350,4
619,0, 1344,6
638,3, 1345,8
646,4, 1348,4
1251,1, 1396,6
1387,0, 1402,9
1471,8, 1413,2
1507,5, 1440,5
1505,8, 1445,3
1508,7, 1445,9
1515,5, 1437,6
1517,1, 1437,1
1534,2, 1433,1
1556,3, 1428,9
1615,5, 1430,1
1687,8, 1432,3
1697,3, 1428,9
1691,0, 1425,1
1683,3, 1411,5
1684,5, 1408,2
1704,9, 1410,3
1727,7, 1413,2
1732,9, 1416,1
1732,5, 1416,1
1742,1, 1416,6
1740,0, 1416,4
1737,8, 1418,5
1722,5, 1415,7
1721,6, 1416,1
1712,2, 1416,9
1704,4, 1409,9
1704,2, 1409,5
1705,6, 1410,3
1691,6, 1399,4
1636,3, 1348,7
1644,0, 1365,7
1406,7, 1230,1
1158,4, 1049,6
995,6, 959,6
617,7, 759,3
5,6, 450,1
-41,3, 402,1
-11,4, 397,5
6,4, 406,7
5,6, 405,5
-60,2, 358,5
-99,0, 322,7
-243,2, 227,0
-30,7, 325,3
-109,3, 280,9
-55,8, 308,4
-240,2, 174,7
-238,0, 146,4
-247,1, 120,9
-120,4, 155,2
-68,4, 141,7
-84,9, 94,1
-152,7, 66,1
-169,7, 11,2
-168,5, 24,1
-176,8, 9,5
-164,3, -10,6
-175,4, -11,8
-187,2, -14,7
-186,8, -15,2
-177,0, 10,3
-164,4, 5,5
-181,3, -31,3
-170,3, -12,4
-174,1, -16,5
-63,7, 73,8
234,4, 721,4
225,0, 674,6
251,1, 660,6
271,0, 657,9
297,1, 654,6
277,9, 660,6
363,1, 687,8
489,1, 749,5
537,1, 777,9
524,5, 771,9
656,9, 843,9
633,5, 840,8
631,5, 843,5
580,4, 807,4
555,6, 789,6
506,9, 737,8
432,4, 660,3
371,9, 583,6
327,9, 521,2
265,2, 473,1
247,4, 427,4
233,2, 406,6
243,3, 427,7
231,1, 414,0
243,3, 436,9
321,2, 501,8
327,9, 512,5
349,6, 521,2
294,5, 602,2
273,5, 663,2
289,1, 671,1
310,9, 689,7
350,7, 765,1
360,1, 792,4
375,6, 798,8
373,7, 790,2
373,1, 801,3
385,0, 812,5
390,3, 815,1
375,7, 827,7
385,0, 829,2
401,0, 830,3
413,3, 831,6
413,9, 835,3
413,5, 836,3
419,8, 834,8
421,8, 834,2
423,8, 833,4
428,3, 832,4
432,5, 834,4
432,8, 836,8
420,2, 844,8
420,2, 847,9
422,4, 845,7
432,5, 847,6
463,6, 866,5
502,7, 891,6
514,0, 931,2
521,1, 951,2
517,0, 974,3
483,1, 1034,0
439,0, 1062,7
452,7, 1065,0
434,2, 1064,5
403,1, 1072,6
441,2, 1068,2
407,5, 1074,4
395,5, 1076,8
415,8, 1074,0
394,0, 1078,1
409,5, 1075,0
421,1, 1072,6
386,7, 1079,7
399,5, 1074,8
376,3, 1072,7
393,3, 1071,0
388,5, 1067,1
339,4, 1066,6
353,2, 1051,9
358,4, 1049,0
318,9, 1057,2
319,0, 1056,5
325,5, 1051,2
343,3, 1040,2
341,2, 1031,7
308,8, 1015,6
307,9, 983,3
265,9, 966,4
287,1, 954,4
278,7, 942,6
254,8, 937,5
302,7, 925,1
265,9, 928,6
293,4, 934,6
285,5, 931,6
294,1, 924,7
256,5, 913,4
269,1, 886,5
245,9, 875,0
247,3, 867,8
191,8, 833,0
200,9, 826,9
174,7, 805,9
116,5, 759,9
134,1, 746,6
127,3, 666,0
113,2, 664,4
110,8, 658,1
124,0, 646,3
112,7, 641,3
206,7, 667,0
202,8, 686,3
197,1, 680,6
229,5, 695,1
248,0, 711,7
267,4, 711,1
265,5, 710,5
381,1, 666,5
381,1, 666,5
395,0, 656,8
372,9, 686,4
364,8, 696,8
399,1, 861,6
401,9, 863,0
401,9, 863,0
386,5, 867,6
322,1, 857,0
309,6, 853,5
261,3, 859,4
269,5, 860,9
240,5, 860,5
187,2, 850,7
204,8, 832,7
140,9, 820,6
151,9, 815,4
131,2, 798,3
150,8, 794,3
120,7, 791,3
142,0, 786,9
111,3, 778,9
134,9, 768,5
114,4, 772,4
144,7, 772,2
135,9, 775,2
89,6, 754,7
99,5, 755,2
238,5, 704,4
271,5, 643,2
354,0, 620,2
360,3, 580,7
503,3, 500,3
582,1, 454,3
639,1, 429,0
647,6, 415,6
656,1, 429,8
676,5, 417,9
688,5, 432,5
693,4, 431,9
700,7, 433,9
702,8, 418,9
738,2, 419,4
917,3, 420,8
975,1, 418,6
995,2, 415,5
1031,3, 401,0
1015,6, 383,8
1015,9, 390,3
1012,4, 347,9
1012,5, 355,6
1012,2, 339,8
1010,3, 339,9
982,4, 327,6
931,5, 317,8
728,5, 230,8
707,0, 222,1
452,3, 99,2
324,3, -5,2
205,4, -28,1
194,9, -29,3
223,7, 2,0
195,4, -4,2
208,8, 10,2
232,5, 26,9
77,7, 43,7
1,8, 72,6
-26,8, 44,6
-36,4, 29,3
-40,9, 23,6
-52,6, 19,2
-56,6, 18,0
109,3, 65,6
85,8, 52,3
139,6, 81,5
61,1, 43,4
88,2, 61,3
126,6, 81,2
76,6, 49,7
68,6, 34,6
92,5, 37,5
15,6, 51,8
5,3, 98,7
-15,7, 103,6
-22,6, 66,3
-30,9, 67,9
-56,8, 46,9
-25,2, 75,5
-192,1, 26,7
-172,3, 12,4
-142,0, 33,6
-29,9, 76,7
-85,1, 51,5
-81,9, 27,1
-37,2, 58,7
5,5, 65,1
-18,3, 67,2
-45,0, 52,1
-28,9, 76,5
-46,5, 60,6
-71,4, 7,8
-36,7, 39,6
-108,1, 76,3
-53,0, 163,7
30,5, 296,3
217,8, 822,9
252,5, 937,4
278,8, 1040,9
300,5, 1126,8
323,9, 1217,7
334,9, 1257,3
394,0, 1297,8
396,6, 1297,4
364,6, 1306,7
364,3, 1307,7
340,2, 1303,6
319,7, 1300,1
309,8, 1301,7
306,9, 1302,6
304,8, 1307,0
314,9, 1312,9
339,5, 1325,1
344,0, 1327,0
346,3, 1326,6
352,1, 1330,9
354,9, 1333,3
354,6, 1332,6
340,8, 1308,9
349,4, 1318,7
346,0, 1314,8
340,7, 1305,3
342,2, 1306,8
348,6, 1314,2
353,6, 1317,2
369,7, 1318,0
454,1, 1294,4
776,4, 1135,3
748,1, 1153,6
988,0, 1027,5
1196,5, 911,6
1368,4, 804,2
1559,0, 686,4
1561,9, 671,3
1563,9, 666,5
1584,0, 609,3
1586,6, 619,3
1589,0, 618,6
1592,5, 621,3
1596,6, 620,3
1599,2, 616,2
1599,6, 611,8
1598,4, 612,9
1600,1, 615,2
1597,8, 612,3
1594,8, 607,0
1599,3, 593,8
1601,0, 592,8
1598,9, 587,1
1597,4, 583,6
1597,4, 577,0
1596,3, 569,9
1596,5, 572,6
1595,2, 589,8
1860,3, 572,8
1833,0, 549,0
2187,9, 504,6
2251,3, 502,3
2385,0, 491,1
2500,7, 473,3
2604,8, 477,4
2613,9, 477,5
2837,3, 461,8
2922,2, 459,0
2942,5, 456,8
2941,0, 460,2
2927,8, 471,2
2922,1, 473,1
2920,9, 473,1
2924,6, 472,8
2921,8, 473,6
2920,1, 474,9
2917,0, 479,2
2916,0, 482,4
2915,9, 480,2
2901,5, 487,1
2900,8, 495,0
2892,5, 511,6
2887,0, 510,3
2880,6, 518,7
2871,2, 536,0
2857,3, 541,2
2789,8, 516,9
2437,7, 551,4
2408,1, 558,8
2242,8, 595,7
1862,0, 708,9
1569,0, 792,2
1558,2, 795,9
1502,4, 726,7
1495,9, 745,4
1494,8, 776,7
1468,7, 788,4
1469,1, 788,9
1466,3, 791,6
1459,9, 787,8
1397,2, 766,1
1424,0, 757,7
1368,2, 755,1
1282,3, 773,7
-34,4, 754,3
-73,0, 724,1
-95,0, 700,6
-119,9, 682,1
-143,5, 679,0
-116,8, 686,8
-103,3, 692,6
-93,6, 691,6
-115,3, 676,9
-149,7, 650,5
-150,3, 646,7
163,5, 376,1
166,0, 391,2
166,0, 391,2
128,2, 286,5
110,1, 240,1
109,7, 236,5
113,2, 237,5
148,1, 280,4
168,0, 296,3
173,6, 299,2
273,0, 361,4
279,6, 369,5
282,1, 376,4
299,0, 427,0
296,9, 424,0
273,3, 393,3
270,6, 374,6
296,1, 397,8
279,1, 373,3
298,6, 397,2
306,8, 400,1
342,6, 422,7
343,0, 407,8
349,1, 409,0
347,9, 380,5
336,6, 354,8
331,8, 399,8
356,3, 408,8
348,6, 398,4
386,2, 412,4
386,8, 410,6
391,4, 413,3
369,4, 402,3
370,1, 378,5
245,4, 321,3
210,4, 329,6
236,7, 586,8
242,8, 626,3
257,2, 772,2
278,8, 997,0
288,6, 1096,7
245,0, 1172,1
267,6, 1174,1
252,8, 1178,3
230,3, 1180,7
209,6, 1172,7
204,2, 1166,3
114,3, 1064,2
76,6, 1028,6
88,0, 1015,6
64,9, 956,0
133,9, 930,9
143,0, 920,5
132,1, 932,3
155,7, 922,1
201,9, 909,0
207,2, 916,3
265,9, 975,7
272,2, 973,2
280,1, 988,0
279,2, 972,2
296,1, 984,4
306,6, 1002,3
296,1, 979,4
273,3, 983,5
268,7, 960,6
266,2, 957,5
260,4, 942,8
252,8, 963,4
245,4, 942,3
236,6, 956,2
254,7, 966,9
270,6, 945,7
576,9, 1028,1
723,7, 1079,8
838,5, 1134,5
1002,2, 1200,7
1004,3, 1203,0
987,9, 1198,0
985,6, 1197,0
884,3, 1156,6
909,2, 1173,4
874,7, 1167,3
836,7, 1180,9
-23,4, 1454,5
-77,7, 1472,0
-115,3, 1471,4
-179,9, 1477,1
-199,4, 1466,5
-164,9, 1468,6
-211,4, 1470,1
-183,5, 1476,0
-168,0, 1480,9
-111,5, 1454,1
-63,5, 1496,6
-61,5, 1483,5
-60,2, 1470,4
-56,2, 1464,0
-58,7, 1441,0
-61,5, 1421,6
-64,1, 1416,8
-125,4, 1429,4
-1,7, 1391,3
-19,5, 1389,8
-106,8, 1403,5
-98,7, 1393,6
-80,3, 1384,1
-71,0, 1406,1
-46,4, 1400,5
-60,4, 1400,2
-47,2, 1404,2
-4,3, 1416,3
41,2, 1416,5
82,0, 1402,4
469,2, 1317,5
1051,1, 1201,4
1251,8, 1179,3
1229,7, 1161,8
1601,8, 1159,5
2215,4, 1144,0
2598,0, 1153,4
2639,9, 1169,4
2718,7, 1173,5
2720,1, 1174,3
2743,4, 1155,4
2724,5, 1162,8
2720,8, 1167,8
2755,4, 1159,3
2795,1, 1152,1
2798,5, 1162,7
2786,0, 1162,9
2792,2, 1160,6
2799,1, 1154,6
2819,6, 1127,1
2828,0, 1110,8
2837,4, 1107,1
2846,6, 1101,1
2850,8, 1024,4
2856,2, 1084,5
2854,1, 1050,2
1789,7, 1081,2
1079,9, 1083,5
892,1, 1073,5
827,3, 1071,1
592,1, 1060,5
393,7, 1079,8
429,6, 1214,2
377,7, 1192,1
376,9, 1191,9
432,6, 1214,4
406,0, 1196,7
407,9, 1215,1
336,8, 1212,6
330,6, 1208,0
292,6, 1202,0
285,3, 1205,4
277,9, 1187,4
264,4, 1178,7
278,5, 1187,4
280,3, 1182,7
281,0, 1179,4
283,0, 1166,5
284,1, 1161,7
291,5, 1171,8
291,9, 1170,7
319,8, 1175,5
311,5, 1158,8
322,2, 1148,3
333,1, 1137,6
318,3, 1128,3
324,1, 1101,2
313,3, 1079,6
321,7, 1016,8
409,2, 831,1
423,8, 811,6
410,0, 753,5
437,0, 739,4
444,1, 729,7
495,5, 750,5
501,1, 745,4
507,9, 745,7
505,4, 711,9
506,0, 722,4
533,0, 779,1
516,7, 768,9
517,1, 772,1
513,3, 766,3
506,1, 750,7
499,7, 720,3
506,1, 730,7
498,5, 714,6
506,5, 727,2
542,2, 718,8
543,2, 719,0
570,2, 751,4
573,0, 741,0
594,7, 782,5
589,1, 768,0
586,5, 756,1
582,2, 744,1
603,8, 691,4
604,7, 695,6
577,0, 650,1
563,7, 658,3
566,3, 651,3
538,0, 645,5
523,7, 621,3
504,4, 613,9
504,4, 655,1
487,9, 648,7
534,9, 711,8
795,8, 959,6
821,1, 977,8
821,8, 955,9
843,5, 953,9
882,0, 973,0
888,9, 972,8
893,5, 973,1
921,5, 994,0
872,4, 965,8
887,2, 974,1
878,3, 975,2
857,2, 958,7
832,3, 939,9
827,1, 932,3
804,1, 921,9
802,0, 921,0
801,9, 917,8
792,5, 915,0
777,2, 907,4
781,5, 909,7
761,8, 894,4
748,0, 881,8
717,4, 863,9
698,2, 848,5
688,4, 842,5
692,9, 845,9
673,9, 834,6
677,5, 835,4
660,2, 817,8
660,6, 823,4
655,8, 812,6
655,4, 815,2
654,5, 810,3
646,8, 807,9
650,0, 811,4
646,5, 798,9
647,2, 803,2
346,8, 762,0
305,4, 796,9
209,8, 794,2
48,9, 807,5
-34,2, 797,8
-79,8, 773,8
-104,0, 766,8
-166,8, 755,2
-165,9, 754,8
211,7, 949,0
239,5, 957,3
260,1, 966,7
318,5, 974,5
322,6, 992,3
296,9, 1025,9
294,4, 1025,0
295,4, 1030,9
295,8, 1031,9
300,6, 1032,8
302,3, 1032,4
299,4, 1031,7
289,4, 1030,3
261,8, 1028,3
246,9, 1037,2
234,1, 1039,7
204,0, 1024,9
194,1, 1013,8
194,8, 1019,6
122,1, 996,0
99,7, 997,3
93,1, 999,0
98,1, 986,7
90,7, 995,7
88,2, 988,7
86,8, 977,6
90,0, 977,3
93,8, 964,7
93,7, 966,3
98,2, 938,8
108,8, 905,2
119,3, 901,9
117,5, 900,2
118,9, 896,9
124,8, 864,1
123,9, 854,0
116,7, 852,6
121,5, 850,2
118,3, 850,4
106,4, 858,5
102,0, 862,5
112,3, 901,1
109,0, 902,9
104,8, 913,4
107,8, 914,7
105,0, 912,1
99,5, 908,7
108,4, 895,3
107,5, 904,4
107,6, 905,3
107,2, 909,2
107,0, 909,1
646,2, 905,4
790,8, 900,6
820,4, 891,9
624,6, 853,9
401,0, 796,7
461,5, 794,7
271,1, 761,3
280,0, 765,2
159,3, 755,3
130,3, 751,2
135,6, 772,6
130,3, 769,4
121,0, 776,7
316,9, 781,9
298,2, 836,7
297,5, 827,2
295,8, 829,0
245,0, 928,4
214,9, 928,3
228,8, 922,7
190,2, 937,0
182,2, 938,6
145,1, 972,9
145,7, 958,1
138,1, 974,1
133,2, 990,2
144,3, 971,3
162,3, 983,4
168,2, 976,8
170,7, 980,8
170,6, 974,9
170,9, 1002,0
168,4, 991,0
166,5, 988,3
172,3, 967,5
173,5, 968,8
166,2, 990,3
167,6, 971,3
107,7, 883,1
118,5, 848,0
122,9, 800,5
86,5, 659,9
93,2, 637,5
107,5, 642,6
150,3, 645,6
229,2, 632,3
240,8, 642,1
242,3, 646,9
253,3, 646,9
263,8, 671,9
288,5, 674,1
307,5, 692,9
319,1, 683,3
304,3, 713,1
325,4, 683,8
309,8, 703,4
337,3, 742,4
337,0, 748,8
362,8, 791,8
435,1, 926,8
456,9, 962,1
463,8, 969,5
452,6, 970,0
447,7, 966,7
269,3, 870,0
264,1, 884,7
246,7, 871,7
249,4, 873,5
251,5, 881,9
244,7, 874,8
259,2, 882,1
255,0, 867,6
283,5, 898,3
281,1, 890,6
306,4, 914,7
316,1, 896,7
344,0, 906,1
346,4, 889,5
298,5, 908,5
202,6, 950,5
100,0, 972,7
10,4, 955,8
2,0, 964,6
-15,8, 950,9
-41,0, 929,3
-14,2, 951,6
6,1, 954,1
52,5, 967,2
150,5, 1043,9
170,0, 1031,9
191,4, 1053,6
196,2, 1049,6
221,3, 1076,1
221,7, 1061,5
249,6, 1080,1
264,6, 1061,9
254,8, 1088,6
238,2, 1166,2
219,6, 1220,6
210,1, 1229,2
196,9, 1280,7
227,8, 1295,8
294,0, 1294,6
329,7, 1296,5
347,0, 1316,2
353,6, 1309,3
355,0, 1309,8
353,6, 1319,9
343,3, 1310,1
338,7, 1313,3
333,6, 1313,8
327,6, 1310,4
324,7, 1322,2
332,1, 1315,8
335,6, 1314,4
332,6, 1319,3
334,6, 1315,1
361,4, 1320,2
352,3, 1314,6
442,1, 1312,2
506,6, 1318,9
572,9, 1321,6
1104,7, 1336,2
1266,2, 1350,7
1285,3, 1352,2
1411,8, 1356,5
1567,3, 1365,0
1653,2, 1369,0
1700,2, 1371,2
1758,2, 1373,1
1844,5, 1370,5
1852,5, 1362,8
1856,7, 1353,0
1862,2, 1352,0
1876,8, 1353,2
1935,7, 1349,6
2290,9, 1359,9
2290,9, 1359,9
3063,0, 1315,6
3062,2, 1315,0
3063,3, 1313,5
3058,1, 1314,6
3053,5, 1316,7
3053,6, 1318,2
3076,5, 1320,5
3067,4, 1318,8
3078,8, 1323,7
3088,5, 1327,5
3093,4, 1323,6
3101,1, 1307,2
3131,8, 1276,9
3120,8, 1280,0
3112,9, 1271,8
3037,9, 1281,4
3057,6, 1269,9
3064,2, 1266,6
3028,5, 1281,3
3035,6, 1271,4
3024,3, 1273,6
1108,6, 261,5
194,5, 666,3
200,2, 681,2
217,8, 692,7
227,9, 695,6
242,6, 701,7
274,2, 699,3
282,4, 703,8
279,5, 707,9
377,9, 729,7
400,4, 734,8
423,1, 747,5
427,4, 765,7
426,2, 763,0
427,3, 761,2
424,8, 754,7
418,8, 734,7
417,2, 734,6
408,3, 731,0
407,4, 746,7
417,1, 740,6
418,3, 742,1
414,6, 763,4
393,3, 730,1
332,9, 704,8
334,3, 707,7
331,3, 704,0
317,6, 695,5
307,9, 685,8
249,8, 662,0
253,8, 659,8
235,4, 635,3
195,3, 632,2
193,0, 619,3
208,6, 603,1
208,8, 597,0
218,3, 584,2
202,7, 582,8
197,0, 585,8
201,2, 584,3
170,5, 591,4
173,5, 587,9
205,3, 575,7
193,0, 577,5
194,4, 576,0
187,0, 571,4
162,4, 550,2
160,3, 551,6
60,7, 531,2
25,6, 521,9
38,8, 512,5
-24,7, 491,7
-78,2, 473,9
-145,7, 448,6
-120,2, 456,2
-100,1, 463,3
-149,3, 453,1
-184,6, 341,2
-308,1, 264,9
-370,2, 236,0
-385,1, 216,0
-397,9, 206,8
-401,8, 205,2
25,7, 662,3
4,2, 638,9
-0,6, 630,7
55,4, 664,0
106,5, 689,1
73,0, 732,6
86,3, 708,3
104,7, 774,0
179,1, 778,0
165,2, 781,3
106,9, 787,1
153,1, 798,6
105,9, 799,1
142,3, 803,2
126,8, 795,1
161,3, 806,3
139,3, 805,0
125,1, 800,4
189,9, 823,9
193,5, 823,5
199,5, 823,2
198,3, 824,6
182,8, 817,8
157,2, 818,8
104,0, 808,8
308,2, 670,9
440,2, 571,5
460,6, 551,7
444,3, 522,5
438,7, 516,9
384,0, 482,5
339,6, 426,0
335,9, 426,5
368,7, 431,3
430,8, 438,0
613,4, 468,7
695,8, 482,9
746,4, 483,2
839,7, 479,5
930,4, 455,7
1169,4, 393,3
1227,7, 316,8
1273,4, 296,5
1282,7, 308,5
1426,1, 226,6
1561,4, 147,8
1564,7, 150,2
1647,9, 101,3
1748,4, 15,9
1776,3, -17,3
1818,4, -53,0
1837,2, -88,1
1836,8, -83,0
1885,2, -84,0
1981,8, -58,2
2085,6, -46,3
2383,6, 63,2
2363,5, 82,8
2422,5, 104,8
2433,7, 99,5
2422,4, 113,1
2447,1, 102,0
2470,9, 84,0
2453,6, 91,3
2454,6, 88,6
2468,1, 59,2
2459,7, 62,8
2441,4, 86,1
2458,4, 66,0
2436,4, 87,7
2446,6, 78,2
2489,1, 46,0
2493,4, 41,6
2487,3, 57,5
2480,7, 68,0
2472,0, 75,9
2479,9, 70,2
2458,7, 93,4
2429,1, 122,1
2412,2, 131,4
2418,2, 123,1
2423,7, 104,9
2416,2, 114,2
2416,9, 104,3
2427,8, 83,9
2389,4, 97,8
2322,0, 28,6
2285,9, -5,1
2210,2, 16,0
1806,5, 145,2
-96,8, -204,6
1029,6, -36,4
916,8, 27,9
602,7, 248,3
561,5, 279,4
541,8, 280,8
428,4, 319,9
431,8, 341,0
446,9, 338,7
462,0, 337,5
474,2, 338,4
515,3, 423,0
533,0, 445,3
553,9, 488,3
561,9, 498,1
571,3, 493,7
565,7, 496,5
558,7, 491,4
538,3, 496,6
530,6, 493,3
524,7, 474,1
515,5, 457,4
504,4, 433,4
500,0, 426,5
497,7, 422,0
455,1, 367,4
422,5, 321,4
434,7, 324,4
392,6, 308,5
174,8, 232,9
175,5, 220,7
193,6, 214,7
167,4, 226,6
178,1, 229,0
171,8, 215,3
100,2, 199,8
71,0, 199,9
82,0, 207,4
92,6, 209,1
91,9, 195,7
47,8, 174,1
50,9, 176,8
46,6, 172,7
46,6, 172,7
167,9, 438,3
150,3, 395,7
140,5, 373,0
162,0, 390,0
166,6, 396,6
182,0, 408,3
249,3, 443,3
245,1, 441,9
257,6, 458,4
253,3, 451,0
240,1, 448,6
244,5, 418,6
253,7, 415,0
254,9, 416,6
239,8, 508,4
231,7, 492,6
220,3, 484,5
202,7, 477,4
206,9, 473,2
202,3, 461,7
175,9, 412,6
196,7, 437,2
210,4, 459,0
269,7, 503,6
299,7, 529,8
363,3, 611,0
383,2, 639,6
459,0, 740,3
470,9, 761,5
466,3, 757,1
458,8, 744,3
453,2, 736,8
448,0, 715,2
409,5, 687,8
367,0, 694,4
283,8, 652,5
288,5, 654,5
287,0, 651,2
236,3, 638,7
220,4, 628,4
152,0, 600,6
166,4, 607,3
154,0, 593,2
146,3, 581,6
182,1, 589,9
143,8, 583,8
172,3, 592,7
150,5, 587,1
184,5, 598,0
167,5, 591,2
195,2, 607,3
171,6, 599,1
200,9, 609,5
107,4, 696,8
152,7, 680,7
139,3, 720,4
90,3, 747,7
149,3, 927,9
224,3, 993,2
305,8, 1009,3
364,7, 1020,3
355,6, 1021,0
371,6, 1024,5
370,2, 1027,3
300,9, 1036,1
282,8, 1046,6
251,0, 1164,0
250,8, 1179,2
223,6, 1201,0
229,0, 1207,3
242,7, 1213,6
224,5, 1222,1
230,6, 1223,8
215,0, 1231,1
236,3, 1230,0
242,5, 1231,0
222,9, 1235,4
232,9, 1236,1
248,7, 1235,1
207,7, 1238,0
206,2, 1237,7
209,0, 1238,4
240,2, 1235,9
258,4, 1229,7
215,6, 1235,1
240,4, 1228,5
266,1, 1223,9
207,5, 1234,2
190,4, 1237,4
178,3, 1236,9
151,2, 1232,8
192,6, 1231,1
159,6, 1228,7
194,3, 1223,6
244,2, 1217,4
229,5, 1219,2
235,9, 1218,4
204,8, 1218,8
209,2, 1208,4
162,4, 1089,0
173,5, 1052,3
119,9, 960,7
118,1, 940,7
93,6, 873,0
70,5, 839,8
78,8, 842,7
80,2, 841,9
116,9, 862,5
190,9, 863,8
252,1, 884,6
255,7, 882,6
214,9, 862,4
246,9, 867,2
198,6, 796,1
242,4, 813,3
269,1, 810,4
163,4, 708,0
-18,4, 596,4
-21,1, 590,3
-52,9, 547,9
-141,2, 341,9
-18,2, 387,4
37,4, 431,3
200,1, 481,1
258,9, 491,6
257,0, 477,2
270,4, 480,3
267,8, 460,4
246,6, 450,4
278,8, 461,2
289,0, 464,4
298,3, 461,0
310,7, 465,5
359,0, 622,8
392,9, 645,4
449,0, 692,5
479,0, 738,0
481,3, 743,3
478,7, 758,9
468,6, 766,6
463,2, 781,1
463,3, 780,0
452,0, 753,0
444,6, 744,8
442,6, 746,1
431,0, 739,9
348,7, 758,3
330,8, 761,9
238,2, 794,3
166,9, 814,7
169,4, 818,0
176,2, 819,6
178,2, 822,8
169,8, 822,1
143,9, 841,2
158,3, 841,9
190,2, 849,1
217,6, 862,3
202,1, 870,4
211,0, 871,4
185,9, 874,8
224,0, 879,7
220,8, 885,2
199,7, 887,8
232,1, 885,4
167,9, 862,5
196,0, 870,4
141,4, 798,8
147,4, 744,5
61,0, 658,6
68,7, 660,0
69,9, 617,8
30,2, 592,3
43,1, 589,2
81,2, 592,4
88,6, 591,2
114,2, 593,3
184,4, 620,6
138,8, 633,6
184,6, 632,1
150,4, 624,6
221,2, 642,8
299,1, 643,1
216,3, 626,4
283,1, 631,5
233,1, 628,4
256,4, 651,2
284,7, 655,1
227,6, 656,9
233,3, 654,4
252,8, 655,0
215,5, 643,3
247,4, 654,9
235,2, 656,2
271,8, 653,8
241,7, 651,6
320,3, 682,5
259,2, 675,1
307,1, 707,5
-96,0, 368,3
-148,3, 323,6
-148,3, 323,6
-13,3, 352,1
186,7, 460,7
214,3, 478,4
193,2, 467,3
36,0, 389,3
37,1, 391,5
18,5, 384,6
-549,2, -43,9
-160,8, 273,2
-160,8, 273,2
-465,3, 47,0
-578,4, -72,0
-569,3, -80,6
-571,5, -77,3
-525,5, -37,4
-298,5, 149,9
63,4, 422,0
111,0, 547,2
258,0, 665,8
260,1, 857,2
286,2, 982,3
302,5, 1111,9
222,2, 1130,8
230,7, 1150,9
308,1, 1150,4
239,6, 1152,6
213,4, 1139,9
193,8, 1128,5
218,3, 1126,1
244,2, 1126,0
213,6, 1130,2
188,1, 1128,9
176,0, 1127,9
201,2, 1130,1
177,6, 1062,0
185,0, 1002,8
159,0, 945,7
58,0, 732,0
77,0, 742,4
88,2, 699,3
87,3, 690,9
217,5, 749,3
218,4, 727,0
286,4, 734,0
287,5, 728,2
279,8, 729,4
251,0, 734,3
286,4, 747,2
261,0, 777,8
294,5, 787,2
322,0, 799,2
306,9, 815,1
348,3, 825,2
333,0, 827,2
380,8, 841,9
369,3, 851,3
389,6, 864,6
350,0, 858,1
404,3, 882,1
482,8, 851,5
494,1, 850,9
474,9, 897,9
414,4, 1004,4
417,3, 1073,5
465,6, 1133,6
458,6, 1134,3
381,9, 1138,8
330,9, 1136,9
372,2, 1151,1
383,2, 1153,3
385,8, 1154,9
388,1, 1156,9
387,4, 1159,1
460,0, 1152,0
420,9, 1153,1
425,2, 1155,0
352,5, 1147,8
366,3, 1145,9
313,6, 1139,2
335,6, 1139,6
287,2, 1125,3
304,4, 1136,5
287,2, 1134,6
285,5, 1130,2
240,6, 1126,4
188,1, 1103,7
198,9, 1107,9
260,0, 1037,7
333,9, 870,3
302,3, 964,4
303,4, 958,0
304,1, 944,4
307,4, 909,4
258,1, 982,5
293,6, 838,5
287,4, 902,9
323,8, 1012,5
502,8, 1145,0
511,7, 1161,4
626,6, 1190,3
639,2, 1199,0
711,0, 1217,6
709,0, 1189,1
758,3, 1169,6
865,8, 1149,5
888,5, 1145,5
872,2, 1142,5
939,4, 1140,2
803,2, 1118,3
819,4, 1121,0
863,1, 1127,7
812,5, 1117,2
813,2, 1124,3
816,6, 1119,9
638,9, 1023,3
398,2, 904,0
366,9, 884,2
380,9, 890,6
358,9, 865,7
363,9, 868,8
369,0, 866,5
363,0, 863,0
357,1, 861,3
355,9, 866,4
355,4, 874,0
354,7, 883,1
360,7, 881,5
270,4, 861,3
334,8, 875,6
285,3, 866,2
327,6, 867,0
301,8, 862,7
328,0, 870,0
302,6, 871,0
325,3, 874,8
280,5, 869,1
343,9, 869,0
422,2, 866,3
420,1, 866,1
422,5, 867,5
379,6, 864,8
395,2, 865,9
426,0, 877,4
376,0, 879,8
412,7, 896,0
384,5, 891,4
387,8, 896,0
374,4, 895,4
388,0, 912,2
363,9, 899,1
362,4, 896,8
340,8, 887,1
371,4, 886,9
341,9, 857,9
380,9, 858,4
289,2, 819,7
320,0, 826,7
298,5, 802,0
246,7, 783,1
260,8, 781,3
230,2, 767,1
258,4, 766,7
285,8, 764,6
324,3, 774,7
391,9, 793,1
446,7, 840,1
448,0, 838,5
456,0, 832,1
458,2, 832,0
458,5, 832,1
488,7, 830,7
482,3, 830,8
485,1, 832,1
494,9, 834,2
494,4, 834,9
488,5, 839,0
485,2, 835,0
446,1, 861,5
439,6, 865,4
433,8, 867,2
433,9, 841,9
434,0, 835,6
439,0, 818,9
443,0, 787,1
441,8, 783,9
457,7, 794,3
469,9, 792,6
513,7, 812,1
536,7, 816,6
610,2, 857,4
611,8, 858,0
605,1, 853,2
589,9, 840,0
562,4, 819,8
574,9, 828,0
562,1, 818,9
554,9, 814,5
561,3, 816,6
552,1, 806,5
541,5, 798,3
549,0, 798,6
610,6, 813,9
584,7, 806,1
548,1, 785,5
541,6, 776,9
545,3, 775,8
529,9, 768,6
451,7, 735,9
444,3, 733,4
413,0, 718,9
399,2, 713,4
398,4, 711,8
458,6, 727,9
465,4, 728,2
434,3, 718,5
443,2, 736,6
441,8, 744,4
409,8, 746,6
255,2, 733,9
245,4, 739,3
122,0, 707,1
124,2, 711,3
159,3, 731,7
160,2, 728,2
192,4, 720,9
374,5, 831,1
396,0, 841,4
437,3, 857,7
439,8, 859,4
443,0, 860,3
439,7, 861,4
431,0, 864,6
423,4, 866,0
406,3, 828,6
405,7, 825,7
406,0, 823,8
413,4, 813,2
417,5, 807,1
419,9, 774,7
423,7, 765,6
421,8, 817,9
399,6, 820,3
277,1, 797,7
172,8, 783,1
283,1, 808,4
255,6, 804,9
73,8, 767,1
150,8, 784,7
95,7, 787,7
181,4, 799,7
201,4, 808,5
128,5, 800,6
167,9, 806,7
236,1, 819,8
44,5, 787,1
89,5, 794,7
121,5, 797,8
346,0, 798,7
367,2, 591,0
298,6, 461,7
250,9, 368,6
385,1, 517,1
284,1, 554,0
360,4, 576,2
464,8, 600,6
450,1, 598,2
521,2, 618,5
516,2, 616,7
474,6, 603,0
376,6, 557,7
289,5, 478,9
242,6, 450,4
148,4, 399,7
51,5, 345,7
-64,0, 258,1
-58,1, 273,4
-28,4, 297,1
-65,5, 255,5
80,6, 322,8
145,8, 356,9
139,4, 349,8
242,1, 1089,4
275,3, 1067,6
275,3, 1067,6
263,6, 1069,1
210,6, 1076,3
206,6, 1075,8
208,7, 1075,9
204,2, 1076,6
193,0, 1074,7
210,6, 1080,6
198,7, 1081,5
239,1, 1097,1
245,4, 1098,9
206,8, 1113,9
226,0, 1112,7
214,3, 1111,9
226,6, 1111,2
251,4, 1105,2
297,6, 1100,6
296,8, 1106,1
230,4, 1112,1
255,4, 1114,2
270,5, 1115,4
284,3, 1116,0
290,5, 1119,6
277,3, 1123,0
239,8, 1130,9
262,4, 1129,6
331,1, 994,3
337,4, 1034,9
342,8, 1014,1
349,6, 936,2
331,1, 1012,8
189,0, 1153,3
249,7, 1172,2
226,2, 1176,4
237,8, 1166,3
186,3, 1159,1
215,5, 1159,1
155,8, 1163,6
158,7, 1169,1
87,5, 1190,1
94,1, 1196,0
80,0, 1201,4
13,7, 1187,4
6,2, 1186,5
-20,3, 1178,7
21,5, 1175,2
7,4, 1173,7
-19,8, 1169,1
28,7, 1157,7
-21,8, 1140,5
14,5, 1146,6
23,0, 1139,3
59,2, 1130,6
30,6, 1116,2
67,9, 1118,9
108,8, 999,5
120,6, 873,4
221,4, 251,9
214,8, 255,6
214,3, 255,6
217,2, 244,4
219,3, 249,7
221,5, 253,1
226,7, 256,7
229,3, 260,1
237,1, 262,3
238,4, 261,5
253,5, 271,3
251,7, 264,0
-32,5, 77,7
231,4, 284,0
178,5, 244,4
219,6, 247,9
-50,1, 35,7
212,9, 259,5
212,5, 261,3
215,0, 263,7
216,2, 264,4
108,2, 427,4
65,0, 421,4
56,3, 427,9
89,6, 429,6
98,0, 445,3
111,3, 444,9
119,7, 448,9
136,9, 462,6
212,3, 561,1
258,7, 667,2
261,4, 662,7
375,9, 857,5
413,0, 953,3
373,6, 1031,9
366,3, 1033,1
369,8, 1037,6
328,6, 1025,2
363,2, 1025,5
347,7, 1019,0
256,6, 991,1
291,7, 993,7
297,3, 994,9
301,8, 992,1
238,2, 980,6
218,1, 977,6
179,3, 962,0
170,7, 963,3
169,6, 962,6
185,9, 939,1
165,1, 941,8
172,8, 942,5
203,7, 941,1
134,7, 875,6
94,1, 826,3
67,6, 794,0
121,8, 795,0
123,6, 786,2
81,0, 778,1
134,4, 796,1
100,5, 798,3
146,3, 803,8
150,1, 805,8
192,2, 817,0
86,4, 898,6
124,5, 893,8
92,4, 924,4
118,1, 950,8
113,1, 974,9
139,5, 975,1
157,8, 960,3
79,2, 965,5
109,7, 961,5
78,5, 966,8
127,7, 959,5
103,2, 1011,4
67,5, 1054,5
108,0, 1099,0
109,7, 1131,7
73,2, 1143,7
72,0, 1149,7
90,8, 1150,2
62,7, 1161,3
76,3, 1161,4
73,5, 1169,4
84,8, 1166,6
88,8, 1175,5
136,0, 1160,8
96,6, 1166,7
102,2, 1161,4
95,9, 1162,8
182,8, 1151,7
156,2, 1159,7
120,6, 1171,4
147,5, 1166,0
183,7, 1152,9
242,5, 1129,0
290,6, 1124,2
630,5, 1074,3
655,9, 1071,4
659,4, 1061,5
664,1, 1055,0
709,7, 1038,5
737,9, 1026,5
933,5, 918,9
939,8, 914,1
952,0, 907,0
1046,8, 852,6
1069,0, 850,8
1081,7, 842,3
1097,6, 837,1
1131,8, 827,5
1148,0, 820,8
1191,7, 802,8
1212,8, 789,6
1242,1, 774,8
1291,7, 763,9
1314,3, 743,1
1321,4, 741,0
1321,4, 734,6
1329,3, 736,3
1340,0, 725,4
1350,5, 720,6
1370,5, 683,7
1397,4, 656,5
1430,3, 623,4
1602,5, 523,5
1668,0, 494,1
1737,5, 455,6
1757,7, 433,3
1923,3, 336,9
2042,4, 253,2
2042,3, 252,3
2069,2, 212,2
2076,6, 214,8
2071,2, 226,2
2075,2, 215,5
2071,9, 209,0
2078,3, 212,1
2103,9, 222,9
2110,9, 195,2
2298,7, 153,2
2417,4, 103,7
2441,5, 89,2
2437,7, 92,5
2450,6, 79,7
2457,8, 72,5
2465,1, 67,7
2451,8, 87,4
2466,5, 78,1
2474,0, 85,8
2450,2, 109,3
2452,4, 107,2
2456,0, 101,3
2442,4, 110,7
2451,0, 102,8
2442,4, 112,6
2448,6, 104,9
2444,7, 106,4
2432,9, 100,8
2262,7, 92,4
2304,3, 94,0
2254,4, 114,1
2100,7, 158,2
1794,6, 256,4
1793,9, 252,4
1791,9, 250,0
1785,1, 243,8
1809,2, 260,0
1799,8, 252,1
1806,2, 258,0
1808,3, 260,8
1812,3, 270,2
1796,9, 260,7
1785,2, 254,6
1793,8, 235,5
1807,7, 229,7
1805,1, 236,3
1797,0, 223,5
1775,7, 208,2
1775,2, 207,9
1813,4, 191,1
1808,5, 193,1
1803,8, 192,2
1808,6, 190,1
1808,3, 190,4
1807,2, 189,9
1808,6, 186,1
1804,1, 180,6
1805,0, 186,2
1798,1, 190,0
1797,3, 190,1
1797,9, 189,8
1796,2, 186,4
1797,5, 185,4
1807,8, 192,1
1817,0, 210,6
1921,5, 323,6
2086,0, 522,0
2166,4, 602,3
2206,7, 659,6
2256,8, 724,0
2361,9, 854,6
2358,4, 856,9
2355,9, 859,5
2356,6, 866,7
2358,6, 867,0
2364,5, 868,2
2204,7, 863,9
2079,5, 870,7
1990,3, 875,6
1798,7, 864,2
1313,8, 827,8
1162,0, 820,7
1122,4, 816,5
1109,1, 816,6
1123,5, 827,7
1128,7, 831,3
1121,9, 823,9
1113,8, 808,6
1112,4, 809,4
1099,0, 803,9
1101,2, 806,1
565,5, 971,3
392,8, 999,4
384,4, 997,0
344,1, 980,4
327,4, 981,6
167,3, 954,3
293,3, 961,4
209,6, 961,9
231,4, 969,9
188,3, 964,4
199,9, 970,6
235,8, 977,5
196,7, 975,9
204,1, 980,9
250,7, 1000,9
228,9, 997,1
274,6, 1008,5
201,9, 997,9
140,4, 1030,1
123,3, 1057,4
121,1, 1076,5
143,3, 1106,4
135,8, 1105,5
189,0, 1159,6
251,1, 1203,6
281,3, 1221,1
263,0, 1208,9
284,3, 1202,6
282,1, 1213,6
272,3, 1207,6
270,5, 1204,4
280,4, 1211,2
285,4, 1205,2
299,3, 1195,1
293,1, 1199,6
299,9, 1196,0
294,8, 1209,7
289,6, 1204,6
286,6, 1192,1
309,2, 1208,3
310,7, 1199,5
315,1, 1202,2
315,1, 1211,8
313,7, 1204,1
308,9, 1209,3
306,9, 1194,2
304,1, 1196,7
298,6, 1191,8
295,9, 1193,2
276,3, 1200,3
127,6, 1151,1
144,4, 1157,9
158,3, 1160,1
236,6, 1175,5
251,0, 1183,9
269,6, 1183,8
289,2, 1196,6
294,0, 1192,2
327,0, 1196,8
329,2, 1192,3
314,9, 1213,2
296,3, 1208,6
293,4, 1188,4
298,8, 1190,9
286,9, 1183,4
275,5, 1174,6
242,7, 1158,9
233,0, 1149,7
210,5, 1136,7
194,6, 1128,2
205,4, 1122,5
187,9, 1137,8
192,9, 1129,5
153,4, 1107,8
125,4, 1084,0
103,7, 1000,4
97,1, 980,1
100,7, 957,7
65,4, 913,1
66,8, 906,4
70,2, 885,9
64,6, 896,1
118,2, 910,8
142,3, 915,6
250,0, 936,0
307,4, 953,0
335,5, 981,2
353,7, 977,6
351,9, 968,5
355,3, 987,6
356,3, 984,6
354,9, 983,3
348,7, 976,9
351,6, 943,4
366,9, 951,2
358,1, 938,2
352,8, 956,3
350,9, 961,1
347,5, 966,5
334,3, 964,7
327,1, 963,7
327,6, 958,4
283,8, 952,7
294,6, 950,4
252,3, 932,3
192,6, 895,6
196,8, 887,9
192,5, 872,4
179,2, 855,7
176,0, 853,9
170,2, 866,4
172,3, 854,9
168,1, 872,7
170,7, 857,3
166,6, 854,2
160,7, 848,8
160,4, 833,3
163,3, 839,4
156,4, 826,8
155,8, 834,6
151,8, 834,1
146,9, 828,2
146,5, 826,2
189,1, 775,6
169,2, 782,0
249,8, 628,5
288,0, 557,1
334,9, 516,6
415,5, 421,3
412,5, 444,5
411,4, 444,7
410,5, 438,2
405,8, 451,9
411,8, 462,3
386,8, 437,5
363,9, 406,2
364,0, 386,3
345,3, 375,8
354,5, 385,4
370,4, 405,4
371,1, 409,1
370,6, 409,7
360,8, 393,5
363,5, 397,5
364,9, 395,2
475,1, 552,1
649,6, 690,6
685,5, 741,9
690,4, 750,6
684,3, 743,0
636,8, 731,0
431,7, 557,0
415,9, 547,4
389,1, 523,1
390,2, 531,9
377,1, 518,3
379,5, 528,7
336,9, 453,9
330,4, 438,0
331,1, 438,9
1413,5, 753,7
1438,6, 658,5
1443,8, 642,3
1445,2, 639,6
1438,1, 675,4
1447,1, 713,3
1439,1, 698,7
1442,4, 717,6
1451,3, 720,4
1451,1, 701,9
1452,9, 704,3
1462,8, 710,4
1448,3, 668,8
1454,7, 672,2
1454,6, 659,8
1447,0, 628,0
1446,4, 615,7
1451,0, 617,8
1446,8, 586,1
1446,7, 581,2
1445,4, 576,7
1444,5, 585,2
1375,2, 572,6
1009,5, 569,5
994,9, 574,3
725,9, 578,2
576,7, 577,8
575,8, 571,8
592,1, 569,3
478,9, 610,1
455,6, 621,8
458,5, 626,3
450,2, 635,8
473,7, 647,0
477,7, 658,9
468,9, 656,1
538,0, 666,1
538,6, 662,2
530,5, 663,0
526,6, 662,0
525,0, 666,0
540,9, 670,0
567,7, 672,5
228,2, 731,9
97,1, 755,7
125,5, 738,9
107,5, 743,2
119,2, 743,6
165,6, 763,0
153,3, 758,7
147,3, 764,4
148,9, 782,9
199,0, 802,9
218,5, 794,4
293,8, 770,3
335,9, 765,5
339,7, 759,6
304,6, 753,9
268,3, 727,5
57,1, 531,5
103,0, 597,1
208,1, 657,2
206,3, 671,7
241,8, 685,4
249,3, 689,8
297,2, 707,3
322,2, 763,8
280,2, 734,6
180,4, 625,9
13,1, 500,9
-134,7, 338,6
-216,7, 252,5
-131,9, 346,9
-104,1, 369,5
-56,4, 396,1
-22,2, 420,7
201,0, 560,4
231,7, 578,0
287,8, 612,8
300,3, 625,9
323,0, 636,1
330,9, 648,3
322,1, 698,3
304,9, 694,0
284,3, 688,0
257,4, 675,2
292,7, 687,1
286,4, 683,8
277,7, 686,9
257,4, 672,6
261,4, 660,7
279,5, 654,3
277,2, 658,1
293,2, 651,3
343,1, 637,5
502,2, 823,6
593,4, 820,3
588,2, 828,3
574,9, 814,0
575,9, 812,9
578,5, 813,6
568,6, 808,5
554,2, 812,0
541,1, 810,1
536,6, 804,1
516,4, 798,6
516,1, 798,8
510,4, 784,8
495,8, 779,1
457,1, 774,4
289,4, 749,6
209,7, 728,8
161,9, 715,9
-42,3, 668,3
1,1, 676,9
-50,9, 676,4
-24,2, 679,8
-31,3, 686,4
-55,0, 694,1
-23,8, 697,3
-43,6, 705,8
-9,5, 708,9
-2,7, 710,0
32,8, 721,9
-3,8, 714,6
27,7, 724,6
-4,6, 718,4
33,9, 716,3
8,4, 715,1
31,8, 717,7
-0,4, 720,2
-29,1, 711,3
-20,0, 712,2
-26,8, 720,3
29,6, 728,0
22,6, 734,7
12,9, 737,6
45,9, 745,7
34,7, 758,0
77,9, 752,5
82,2, 749,2
106,8, 752,8
84,7, 753,4
119,7, 769,5
107,4, 773,7
131,6, 778,0
78,4, 768,0
116,7, 773,8
103,7, 777,4
69,4, 760,7
102,2, 758,8
65,8, 737,0
108,6, 740,7
71,4, 713,2
24,9, 686,5
63,9, 686,9
7,5, 672,4
65,5, 681,0
122,6, 669,8
122,7, 661,8
125,2, 659,6
141,5, 658,4
141,0, 657,4
141,7, 655,0
138,0, 646,7
135,7, 644,0
237,6, 705,6
325,1, 722,3
334,9, 738,1
385,4, 780,1
452,5, 768,8
539,2, 760,4
532,5, 732,0
553,0, 749,0
559,5, 760,4
578,4, 756,5
587,3, 737,0
558,2, 718,2
546,5, 703,4
571,6, 733,9
565,0, 739,9
601,8, 723,7
563,5, 702,6
352,0, 392,4
395,0, 432,9
178,3, 201,8
150,8, 183,0
90,0, 94,1
83,1, 97,5
72,5, 93,7
86,1, 120,4
22,8, 86,4
15,9, 81,8
322,6, 880,4
319,5, 1033,0
341,8, 1069,7
336,6, 1077,5
338,1, 1059,5
377,4, 1187,6
327,8, 1185,6
286,3, 1184,1
280,3, 1187,4
233,5, 1178,9
265,8, 1186,5
328,0, 1202,2
328,1, 1199,4
752,9, 1303,8
1207,0, 1412,5
1218,6, 1412,5
1256,5, 1416,6
1386,8, 1446,0
1473,1, 1458,9
1488,4, 1462,4
1518,0, 1477,0
1525,0, 1472,3
1526,1, 1471,3
1522,9, 1471,0
1507,0, 1473,5
1523,7, 1470,0
1563,4, 1461,3
1655,6, 1441,3
1650,6, 1444,5
1664,7, 1440,8
1702,9, 1405,2
1703,8, 1398,5
1709,6, 1396,1
1709,8, 1392,6
1710,5, 1391,3
1708,4, 1388,6
1707,1, 1403,7
1702,6, 1404,2
1699,5, 1406,5
1697,4, 1405,1
1691,6, 1399,3
1693,9, 1400,5
1707,8, 1407,8
1726,8, 1428,0
1724,8, 1424,8
1726,7, 1423,6
1727,9, 1415,8
1724,1, 1417,2
1720,5, 1412,3
1720,2, 1414,0
1712,0, 1420,4
1712,2, 1421,3
1713,2, 1417,2
1712,1, 1419,7
1709,9, 1423,2
1707,3, 1424,2
1708,7, 1419,3
1704,4, 1414,6
1696,2, 1405,2
1693,5, 1405,5
1700,5, 1409,4
1706,0, 1414,2
1724,8, 1427,9
1720,5, 1424,6
1716,9, 1421,5
1720,9, 1424,0
1710,6, 1422,4
1711,8, 1409,0
1704,4, 1390,8
1692,6, 1386,1
1686,6, 1371,8
1652,5, 1361,5
1259,2, 1205,0
886,8, 1049,3
739,3, 979,5
259,4, 726,9
334,7, 768,8
182,6, 682,5
137,4, 658,6
-148,3, 507,0
-163,1, 490,1
-152,9, 498,5
-172,3, 483,9
-288,5, 413,2
-349,5, 295,1
-342,7, 45,2
-356,9, 35,8
-372,6, 30,3
-376,7, 29,7
-197,8, -169,4
-196,1, -162,6
-139,2, -139,1
-149,0, -154,8
-181,4, -194,1
-173,6, -167,6
-158,8, -160,1
-213,4, -117,9
-252,7, -107,8
-221,9, -80,7
-209,0, -73,6
-226,6, -84,6
-188,4, -59,4
-219,5, -93,1
-185,3, -85,2
-198,6, -78,7
-222,7, -111,4
-212,3, -112,8
-215,7, -126,7
-248,9, 147,9
-297,6, 240,2
-319,4, 302,1
-345,5, 393,6
-252,3, 629,6
-56,5, 868,2
-55,9, 865,7
27,7, 905,5
159,4, 1044,8
248,6, 1074,4
287,4, 1118,3
301,6, 1122,1
296,2, 1101,3
312,3, 1086,0
305,9, 961,1
281,9, 870,5
257,2, 846,2
252,3, 817,5
223,5, 792,6
248,7, 801,4
241,9, 782,6
242,7, 802,5
271,1, 808,8
264,9, 815,5
288,8, 825,6
274,6, 829,5
307,1, 827,6
295,9, 843,4
344,2, 863,4
314,4, 886,4
331,5, 933,9
343,9, 983,8
356,4, 1081,2
365,7, 1118,7
362,0, 1153,8
370,6, 1146,5
377,0, 1221,7
384,4, 1224,8
405,8, 1233,8
372,6, 1232,5
356,7, 1233,1
329,5, 1231,4
294,3, 1226,8
247,6, 1216,9
245,9, 1215,9
250,5, 1213,5
249,6, 1211,5
256,5, 1211,9
258,9, 1213,4
263,7, 1213,2
269,2, 1216,7
272,8, 1215,3
299,9, 1208,1
303,4, 1205,8
334,1, 911,2
331,2, 777,5
332,8, 705,4
304,1, 665,6
299,3, 660,9
289,9, 650,5
274,0, 625,2
236,5, 584,3
228,6, 575,3
227,0, 574,5
295,6, 636,5
306,0, 645,7
302,3, 644,4
389,7, 699,8
409,9, 712,2
454,9, 742,3
471,5, 752,9
469,8, 751,4
519,8, 774,5
508,5, 772,0
507,8, 770,3
516,7, 773,7
522,3, 768,9
524,0, 769,3
524,4, 772,0
527,6, 774,2
539,8, 789,5
546,3, 795,8
549,6, 796,8
551,2, 799,8
537,6, 788,7
509,5, 779,2
465,4, 760,9
385,8, 745,2
404,5, 747,0
386,6, 738,8
419,6, 740,1
443,0, 740,4
396,6, 716,4
418,3, 709,7
380,5, 688,1
415,9, 677,8
448,5, 725,2
405,0, 742,9
405,0, 711,4
308,1, 642,6
276,8, 637,0
250,5, 621,1
364,2, 638,3
424,8, 654,2
404,8, 646,6
419,8, 650,7
321,5, 622,9
347,8, 624,2
354,4, 625,3
330,8, 614,8
402,1, 634,5
417,1, 644,5
420,6, 647,1
419,8, 666,4
370,5, 677,2
369,0, 639,6
351,9, 618,2
296,1, 589,6
274,2, 594,4
369,8, 609,5
336,0, 604,9
233,4, 613,8
268,7, 646,1
306,3, 652,4
265,0, 653,3
258,0, 659,8
281,1, 665,4
234,4, 668,5
236,4, 668,2
274,3, 673,1
318,5, 671,4
362,4, 665,8
375,5, 664,1
372,7, 663,5
361,0, 666,3
349,1, 702,4
366,7, 699,0
342,9, 699,5
302,0, 692,3
309,7, 690,2
243,6, 682,9
251,8, 685,6
235,5, 683,5
201,3, 679,0
268,4, 692,5
171,3, 684,8
220,3, 697,5
236,1, 705,6
295,3, 726,4
278,2, 719,3
323,7, 737,9
565,9, 743,3
686,3, 735,3
927,8, 690,2
1129,8, 648,2
1607,2, 567,0
1761,3, 534,7
1799,5, 531,5
1819,4, 530,6
1821,6, 529,5
1822,6, 529,1
1830,4, 522,9
1829,2, 515,5
1821,4, 507,1
1883,8, 495,0
2827,8, 428,4
2783,6, 450,3
2772,7, 443,3
2796,0, 433,1
2787,8, 433,5
2784,8, 431,2
2795,5, 424,0
2797,3, 420,2
2802,5, 417,3
2802,1, 418,8
2802,2, 422,9
2805,7, 419,2
2805,1, 417,7
2799,0, 418,7
2797,1, 417,2
600,1, 573,9
604,7, 579,0
600,2, 552,0
602,9, 537,6
605,0, 536,4
557,6, 630,0
542,0, 620,2
531,6, 615,3
532,3, 623,2
535,2, 612,6
538,9, 625,1
536,9, 616,2
562,8, 623,2
692,7, 629,2
776,3, 657,2
802,1, 691,8
833,5, 711,2
849,7, 731,5
851,6, 731,7
852,2, 732,2
781,5, 708,6
761,5, 703,3
768,9, 707,5
734,9, 710,9
658,2, 681,9
582,2, 567,0
577,2, 594,1
591,4, 653,7
619,4, 719,1
638,2, 786,8
660,8, 886,8
662,9, 885,9
723,3, 1110,3
734,1, 1140,3
711,7, 1139,9
736,9, 1148,9
732,8, 1147,2
712,7, 1139,6
661,6, 1130,2
632,4, 1125,1
641,2, 1128,0
639,5, 1122,2
618,1, 1113,9
587,9, 1098,1
574,3, 1087,4
691,5, 1027,2
970,2, 1002,3
1040,1, 994,9
986,0, 994,2
1223,1, 963,7
1805,4, 873,3
1872,1, 865,1
1899,5, 858,2
1904,8, 856,4
1927,7, 852,0
1991,7, 823,7
1988,8, 822,3
1983,7, 823,5
1927,0, 839,2
1937,8, 834,9
1490,1, 816,3
1567,7, 820,5
1002,9, 821,7
641,6, 825,3
170,4, 837,4
-39,3, 883,4
-35,7, 858,0
-30,9, 837,7
-22,4, 845,3
-25,2, 842,6
-40,4, 827,4
14,1, 848,2
26,3, 852,3
7,7, 857,5
8,1, 874,4
5,4, 879,5
21,9, 1007,7
35,1, 1029,0
44,3, 1045,7
48,7, 1047,0
61,5, 1051,0
64,8, 1049,7
70,8, 1052,8
72,7, 1049,6
201,6, 865,8
153,0, 954,7
144,3, 971,9
108,7, 1002,2
146,0, 959,2
158,8, 942,5
143,5, 942,6
207,2, 935,5
435,8, 917,6
382,3, 902,8
403,1, 912,9
774,4, 891,7
859,9, 925,7
796,8, 935,3
828,4, 935,9
899,6, 946,1
882,2, 945,8
891,0, 942,3
858,8, 916,9
804,0, 900,9
456,2, 666,9
442,4, 612,4
397,9, 594,1
290,4, 427,4
141,4, 325,6
121,8, 279,8
72,1, 246,2
56,1, 240,0
92,7, 242,4
105,2, 252,8
187,1, 283,6
318,2, 492,9
465,7, 680,6
472,7, 694,5
539,0, 771,5
534,6, 757,5
544,5, 755,4
549,5, 752,2
549,9, 742,9
542,0, 732,3
533,7, 724,4
541,7, 721,6
554,1, 758,1
548,6, 758,8
588,3, 791,7
574,7, 786,0
574,7, 786,0
574,8, 785,0
571,6, 793,1
570,1, 785,6
582,6, 786,8
585,9, 788,4
853,9, 938,5
928,0, 955,3
946,4, 956,3
946,7, 949,7
905,1, 920,2
870,9, 888,3
855,1, 874,5
790,9, 821,8
779,7, 813,2
720,2, 761,1
637,7, 720,1
642,7, 705,1
750,3, 768,6
751,6, 771,3
801,9, 807,8
769,0, 798,1
725,9, 781,5
830,8, 863,0
831,7, 862,4
813,2, 856,8
801,1, 850,2
796,8, 846,9
796,8, 845,0
794,4, 841,4
793,9, 837,6
792,1, 832,4
786,9, 815,1
771,7, 795,7
762,9, 783,8
752,5, 774,3
750,6, 772,3
751,0, 773,2
752,9, 774,5
751,0, 771,8
747,9, 768,9
742,3, 772,6
728,4, 766,1
720,3, 755,9
725,0, 757,6
710,7, 733,4
718,2, 735,6
719,3, 732,4
699,2, 700,8
700,3, 701,3
697,7, 699,3
707,1, 714,1
704,0, 718,8
695,7, 728,5
726,9, 765,0
728,4, 768,8
720,2, 759,1
719,1, 759,8
713,5, 757,8
699,9, 744,9
698,6, 744,6
695,6, 749,2
694,8, 754,1
440,4, 750,0
439,8, 752,7
406,9, 758,6
388,1, 759,7
386,3, 760,8
365,9, 764,9
376,3, 772,2
371,0, 773,5
402,5, 783,2
409,8, 788,7
452,3, 800,4
474,8, 804,9
490,2, 801,5
497,4, 797,5
487,7, 799,6
483,9, 799,0
486,2, 792,9
487,4, 792,3
468,7, 799,9
472,7, 798,6
470,9, 789,6
455,2, 784,2
441,9, 784,1
448,3, 795,2
328,2, 751,1
22,1, 615,2
15,7, 610,9
47,4, 628,9
74,7, 659,2
150,6, 701,4
206,4, 718,8
292,4, 762,9
316,1, 774,1
311,5, 801,9
310,9, 804,5
331,4, 827,8
345,6, 827,2
357,9, 840,0
365,1, 821,8
358,2, 809,4
126,9, 688,6
294,6, 670,4
293,8, 669,2
269,9, 658,5
263,3, 648,7
277,9, 642,7
276,4, 643,7
300,4, 624,8
300,8, 614,7
304,2, 609,0
308,9, 586,1
317,1, 577,3
355,7, 582,2
366,3, 573,7
371,1, 568,1
253,3, 410,5
253,1, 403,4
259,4, 401,4
271,2, 402,3
306,5, 374,3
324,4, 363,3
332,3, 361,1
336,9, 363,1
341,6, 358,9
311,4, 325,1
312,1, 325,3
312,1, 325,3
336,3, 341,1
318,5, 324,5
310,3, 312,0
306,8, 311,5
332,8, 319,4
336,0, 330,3
302,1, 297,0
323,3, 322,8
466,3, 520,2
460,5, 527,8
476,0, 533,3
482,7, 536,5
496,0, 545,7
486,3, 634,0
502,6, 662,6
527,9, 735,6
535,0, 752,7
530,7, 746,7
612,2, 845,2
626,5, 885,1
600,2, 879,8
634,8, 885,4
565,0, 854,2
577,1, 852,5
586,5, 855,1
569,7, 844,5
540,8, 808,5
507,6, 788,4
502,9, 784,4
503,1, 787,5
516,2, 775,8
522,1, 767,8
517,9, 765,3
501,1, 763,1
495,6, 765,7
511,7, 758,1
478,3, 762,0
460,5, 757,0
480,7, 758,8
435,3, 758,4
419,9, 758,4
446,1, 761,5
458,8, 766,3
483,8, 750,6
471,0, 760,2
466,8, 761,1
458,2, 755,3
451,8, 771,7
470,8, 753,1
349,2, 731,8
315,5, 724,6
188,1, 650,5
203,9, 660,7
148,7, 646,6
145,0, 687,9
134,2, 707,6
170,1, 751,1
163,2, 719,0
139,2, 708,1
138,2, 706,3
94,8, 745,2
77,8, 759,3
77,7, 760,7
154,3, 826,4
153,6, 821,9
162,7, 815,7
163,3, 813,2
163,3, 813,3
281,7, 775,6
213,4, 775,5
242,2, 779,6
306,7, 787,0
362,7, 816,3
405,6, 857,8
402,8, 855,2
484,0, 800,1
422,7, 794,3
414,9, 724,5
373,9, 637,4
368,4, 587,5
286,4, 554,0
276,8, 541,7
398,7, 519,8
360,6, 430,7
329,2, 375,1
336,1, 375,3
175,4, 275,4
281,5, 321,2
226,8, 291,6
250,4, 312,5
277,1, 322,8
200,4, 282,7
287,8, 322,1
374,8, 360,0
364,8, 352,9
348,1, 346,6
378,9, 358,4
367,6, 354,0
369,1, 360,2
369,6, 367,0
362,8, 359,7
379,3, 372,7
362,7, 358,7
329,8, 454,8
487,0, 389,9
445,8, 416,9
426,4, 433,9
386,6, 455,9
431,6, 624,9
427,6, 654,1
502,0, 752,4
501,8, 745,7
505,6, 745,8
861,9, 898,7
772,6, 973,8
812,9, 1015,6
832,3, 1055,1
787,5, 1160,1
790,0, 1233,9
774,5, 1198,4
635,7, 1237,5
492,0, 1236,2
389,1, 1211,6
343,3, 1198,7
332,9, 1194,8
287,9, 1186,3
273,9, 1174,0
283,8, 1171,1
284,9, 1172,9
276,1, 1174,2
268,1, 1165,8
248,9, 1157,6
262,2, 1163,7
257,9, 1157,7
261,8, 1160,4
260,9, 1151,7
265,2, 1151,1
271,5, 1149,8
291,6, 1139,3
295,1, 1066,9
290,1, 967,4
263,6, 832,8
285,7, 766,2
291,7, 746,9
245,7, 681,1
235,3, 655,6
268,2, 632,1
237,9, 621,7
214,6, 614,1
226,0, 622,6
247,1, 630,6
226,0, 621,3
255,1, 625,7
242,6, 619,8
270,1, 628,9
230,8, 609,0
260,3, 607,7
226,9, 598,0
182,9, 586,8
196,8, 590,7
197,9, 581,0
238,1, 593,3
225,4, 584,6
180,8, 565,3
197,5, 543,8
141,5, 524,0
158,7, 524,2
168,6, 518,9
191,1, 520,4
190,0, 514,3
209,4, 508,1
201,7, 505,4
215,2, 510,9
180,7, 493,4
203,2, 501,5
198,8, 501,6
177,4, 695,3
189,8, 688,1
172,6, 769,6
158,5, 882,2
181,9, 923,8
192,7, 954,4
198,4, 1038,0
227,6, 