Listening for gaze data, press any key to exit...
1221,2, 265,2
1223,9, 263,0
1227,2, 256,2
1227,5, 255,4
1228,1, 260,4
1228,6, 264,6
1230,8, 270,1
1218,7, 264,3
1218,8, 262,1
1216,1, 262,5
1221,8, 269,2
1227,8, 272,2
1229,4, 278,5
1137,1, 260,8
1165,4, 262,8
1153,9, 261,5
1178,5, 255,7
1221,6, 254,7
1221,9, 255,5
1219,1, 257,3
1218,5, 257,0
1215,3, 260,6
1217,4, 259,8
1216,9, 260,3
1217,2, 257,1
1219,4, 250,0
1220,4, 248,6
1221,0, 248,0
1215,9, 241,5
1209,1, 236,2
1193,0, 227,4
1192,5, 231,2
1188,3, 227,8
1184,3, 224,1
566,9, 13,4
529,4, 2,3
494,7, 35,7
517,6, 60,5
601,3, 140,9
897,6, 385,4
937,7, 427,3
1027,2, 529,4
1204,6, 749,8
1232,2, 781,0
1392,3, 974,6
1478,8, 1085,7
1490,7, 1108,9
1496,0, 1140,3
1496,9, 1143,9
1496,4, 1135,4
1499,1, 1141,9
1499,1, 1143,4
1498,6, 1135,0
1494,6, 1123,2
1492,6, 1124,7
1503,0, 1139,1
1499,0, 1139,4
1476,5, 1136,4
1429,2, 1201,6
1399,2, 1241,3
1211,7, 1513,7
854,4, 2084,5
851,4, 2074,0
736,3, 2283,6
734,5, 2309,5
780,5, 2222,1
754,2, 2290,0
701,8, 2378,9
708,0, 2373,1
713,8, 2389,4
704,4, 2415,1
706,1, 2424,1
719,1, 2415,6
717,4, 2381,6
716,1, 2378,8
716,8, 2370,0
712,4, 2349,2
716,1, 2360,7
711,0, 2318,9
717,3, 2280,6
702,9, 2281,3
686,3, 2294,6
669,4, 2293,7
683,6, 2325,5
688,3, 2281,8
669,6, 2269,7
225,1, -29,4
245,6, -27,4
249,7, -39,1
260,1, -26,9
265,3, -13,0
411,1, 189,3
394,0, 188,2
357,9, 171,6
321,3, 129,5
289,4, 95,5
279,0, 81,9
230,6, -41,6
208,6, -67,5
208,6, -67,5
223,9, -184,0
222,8, -190,7
208,6, -225,7
210,9, -230,5
212,6, -232,5
316,1, -206,2
316,1, -206,2
46,1, -213,6
-104,8, -231,7
-27,7, -210,4
-112,8, -241,6
7,0, -238,3
40,8, -207,6
261,3, 62,3
293,5, 108,1
246,5, 64,6
250,4, 78,2
296,6, 118,5
287,7, 109,2
538,4, 407,8
603,8, 469,6
758,5, 641,7
772,3, 650,8
811,9, 700,7
770,8, 685,6
754,9, 681,1
644,5, 576,4
649,1, 574,0
640,7, 566,9
621,9, 480,7
655,4, 492,1
700,1, 504,6
764,7, 537,2
818,3, 562,4
929,1, 612,5
1012,0, 658,3
1009,7, 655,0
1003,5, 647,3
1036,8, 648,0
1060,8, 647,3
1283,9, 636,6
1393,0, 629,0
1468,6, 607,3
1565,9, 585,6
1972,1, 492,0
1893,4, 508,1
1898,8, 505,0
2063,1, 458,0
2073,3, 445,7
2078,4, 437,3
2085,5, 420,0
2089,6, 413,8
2097,1, 414,2
2121,1, 408,4
2107,5, 398,3
2108,8, 405,2
2150,3, 391,8
2557,8, 246,5
2565,6, 245,5
2606,7, 308,9
2604,7, 372,1
2712,7, 363,1
2738,7, 358,3
2700,5, 320,0
2703,0, 296,1
2721,9, 296,5
2727,4, 312,9
2694,7, 281,3
2695,9, 286,5
2762,9, 314,2
2774,4, 333,3
2789,1, 321,8
2784,2, 324,8
2803,6, 312,8
2792,7, 312,2
2820,8, 297,5
2796,8, 302,3
2803,2, 277,0
2804,0, 276,4
2811,4, 271,9
2838,0, 257,9
2827,7, 257,5
2747,2, 182,7
2701,0, 157,0
2743,0, 198,1
2746,3, 205,8
2773,3, 269,4
2749,9, 245,5
2758,4, 267,6
2799,5, 306,3
2831,9, 295,7
2795,3, 303,7
2804,3, 301,9
2805,5, 298,7
2812,6, 301,7
2813,6, 301,4
2819,0, 307,8
2830,1, 294,4
2814,6, 295,3
2793,4, 213,2
2840,5, 1085,9
1987,5, 1242,3
726,4, 924,7
584,4, 744,0
379,1, 490,8
330,1, 436,7
259,3, 380,6
241,3, 365,6
262,7, 386,7
241,6, 366,3
329,2, 452,3
363,7, 484,8
394,9, 506,9
395,3, 505,7
392,4, 503,3
400,3, 506,2
411,1, 501,8
411,5, 508,6
418,2, 531,5
418,3, 533,6
508,6, 592,1
698,7, 766,8
947,3, 1009,5
949,2, 1007,7
1061,5, 1175,5
1383,7, 1582,5
1431,9, 1656,6
1478,7, 1728,4
1521,0, 1805,7
1929,5, 2510,7
1982,8, 2602,3
1909,0, 2441,9
1952,6, 2498,3
2022,2, 2613,6
2021,3, 2580,4
2014,0, 2554,4
2018,2, 2567,5
2022,8, 2578,9
2041,8, 2622,5
2084,0, 2687,4
2165,8, 2710,4
2261,7, 2748,9
2329,2, 2784,9
2364,1, 2795,8
2387,3, 2805,5
2392,5, 2809,9
2395,6, 2805,5
2391,6, 2818,2
2385,3, 2789,2
2357,9, 2711,8
2340,8, 2633,2
2249,3, 2601,3
2256,0, 2600,5
2280,6, 2603,8
1556,6, 1731,6
1144,7, 1265,4
991,5, 1166,3
779,6, 973,7
447,9, 731,3
397,8, 695,0
378,0, 666,4
333,7, 644,2
300,1, 625,0
322,8, 634,7
316,8, 627,8
298,3, 622,0
299,2, 622,8
299,7, 614,1
324,5, 646,6
315,7, 632,6
308,5, 625,7
311,3, 625,3
308,8, 621,5
309,2, 630,0
314,2, 629,0
299,4, 669,7
203,3, 722,9
79,5, 802,7
-32,9, 807,4
-24,7, 811,5
-80,3, 815,1
-66,6, 809,6
-51,6, 822,8
-54,2, 820,8
-214,7, 766,4
-175,6, 882,9
-103,6, 1059,8
55,7, 1215,0
142,8, 1238,0
157,9, 1242,3
122,4, 1238,3
218,6, 1261,4
257,5, 1248,4
264,7, 1258,3
262,8, 1260,7
276,3, 1259,5
285,1, 1259,7
294,8, 1261,1
290,9, 1256,9
253,3, 1257,6
270,7, 1256,6
252,5, 1255,8
256,3, 1256,0
254,5, 1255,9
251,0, 1256,9
245,8, 1258,7
248,7, 1258,9
265,5, 1280,0
322,6, 1318,8
327,5, 1326,2
365,0, 1352,5
395,8, 1353,6
354,3, 1351,6
390,6, 1349,3
367,3, 1352,0
360,9, 1352,4
335,4, 1347,8
291,2, 1349,0
291,2, 1347,2
262,1, 1343,5
262,6, 1343,3
260,4, 1340,7
266,7, 1341,5
271,2, 1341,6
279,7, 1336,1
289,7, 1329,6
284,3, 1332,8
207,0, 1055,6
194,2, 988,1
205,3, 950,1
265,9, 963,2
268,9, 956,7
233,8, 937,5
244,5, 944,0
280,3, 963,2
280,4, 963,4
295,4, 961,1
336,8, 964,3
346,6, 973,7
356,6, 978,1
360,4, 981,5
372,3, 986,3
396,4, 1004,2
392,7, 996,7
407,6, 1015,4
405,4, 1003,5
400,8, 1006,3
371,8, 1002,4
373,1, 1001,9
381,5, 997,7
373,3, 996,3
376,2, 1000,6
361,4, 992,3
350,1, 960,6
412,2, 970,0
468,0, 976,8
501,6, 985,5
553,8, 1005,6
557,8, 1006,3
615,0, 1023,9
616,1, 1024,0
609,3, 1012,0
616,0, 1016,6
622,9, 1024,4
613,2, 1023,2
617,7, 1024,1
613,3, 1020,9
604,2, 1012,8
611,7, 1020,6
584,0, 991,0
599,9, 966,0
604,5, 970,6
595,9, 970,2
579,8, 955,4
583,3, 959,8
583,5, 959,1
581,7, 958,0
584,4, 959,8
583,9, 955,2
584,3, 953,0
573,6, 953,1
572,3, 953,1
573,8, 953,7
578,0, 963,0
576,3, 962,4
571,2, 959,6
573,2, 956,0
573,4, 951,3
569,5, 951,5
563,6, 940,6
568,0, 935,7
566,6, 933,9
562,6, 930,2
573,9, 935,9
-67,6, 842,7
-58,3, 844,0
-76,3, 837,3
-81,9, 833,5
-79,7, 831,8
-49,5, 841,3
-57,2, 836,0
-10,7, 852,9
23,1, 842,3
42,6, 837,4
44,7, 833,9
54,6, 834,7
116,2, 853,4
102,2, 865,5
101,7, 866,8
96,3, 871,5
97,1, 873,0
103,2, 877,1
103,3, 877,0
125,7, 886,8
138,7, 884,3
148,5, 886,9
177,9, 885,2
165,7, 888,9
188,2, 890,8
175,6, 896,3
196,8, 883,2
177,9, 889,3
194,5, 887,5
194,1, 886,8
209,0, 892,4
186,9, 901,2
187,1, 901,2
197,6, 900,2
170,4, 904,4
181,4, 902,4
176,0, 898,8
197,7, 892,9
178,5, 887,4
199,7, 888,3
184,1, 896,7
204,8, 893,7
195,1, 899,2
213,9, 895,3
188,6, 896,0
206,4, 893,9
200,1, 889,8
178,2, 894,4
191,8, 894,9
184,4, 903,5
207,5, 899,5
299,6, 937,0
306,4, 940,2
298,0, 934,8
486,6, 991,1
442,8, 997,4
454,7, 995,0
442,1, 993,7
437,6, 985,0
436,2, 981,3
419,9, 986,8
432,0, 993,0
435,2, 992,0
459,2, 1001,3
464,3, 994,5
462,7, 987,4
453,0, 997,3
452,6, 994,2
444,9, 999,2
441,3, 996,1
459,0, 989,5
448,5, 981,9
456,6, 983,6
457,3, 984,8
446,4, 971,8
450,2, 973,6
457,4, 973,7
471,7, 976,9
464,5, 974,8
466,8, 975,7
460,6, 977,8
458,8, 982,3
460,0, 989,5
458,3, 990,6
458,8, 989,2
462,3, 1007,6
462,0, 1006,1
242,3, 1112,3
246,9, 1116,3
137,2, 1234,9
69,3, 1256,1
22,2, 1253,4
-10,7, 1268,9
24,3, 1279,3
28,8, 1278,3
41,0, 1280,7
85,2, 1286,9
143,1, 1302,1
262,8, 1313,3
267,8, 1313,0
273,5, 1316,0
265,3, 1317,3
259,7, 1327,6
265,7, 1319,8
263,8, 1321,7
277,4, 1330,0
276,1, 1328,2
285,1, 1330,5
285,7, 1329,1
283,7, 1316,2
291,7, 1327,2
289,6, 1322,4
285,2, 1319,4
281,9, 1326,4
277,4, 1328,8
273,4, 1336,5
268,6, 1341,7
273,2, 1339,5
269,7, 1340,9
265,8, 1345,0
283,8, 1336,0
286,5, 1335,2
284,6, 1332,0
270,9, 1332,3
263,4, 1327,4
264,4, 1326,8
263,7, 1326,9
258,6, 1338,1
257,2, 1337,1
242,1, 1353,8
230,1, 1366,7
221,8, 1394,0
220,5, 1393,5
216,7, 1402,1
214,7, 1402,2
209,4, 1409,2
209,5, 1409,3
221,2, 1399,1
214,3, 1403,1
140,4, 1397,0
137,5, 1389,5
132,3, 1382,1
118,8, 1381,7
114,7, 1382,7
113,7, 1382,8
119,8, 1374,0
83,8, 1390,0
73,7, 1401,9
83,7, 1395,8
86,9, 1394,2
88,4, 1395,1
60,1, 1397,8
71,0, 1396,0
56,9, 1393,2
87,7, 1320,3
98,5, 1298,6
122,2, 1272,3
159,1, 1236,0
158,2, 1220,8
140,2, 1192,8
139,3, 1193,2
127,7, 1207,6
106,6, 1215,5
106,1, 1216,1
88,5, 1219,3
64,9, 1222,0
94,9, 1164,2
87,2, 1171,5
77,5, 1181,5
90,7, 1164,4
106,5, 1169,3
105,8, 1182,2
107,9, 1180,7
102,8, 1178,2
97,2, 1175,2
94,6, 1179,0
100,9, 1180,5
97,2, 1174,5
96,7, 1167,4
101,6, 1162,5
110,6, 1162,0
114,4, 1166,8
115,1, 1166,0
118,4, 1169,3
125,5, 1164,9
125,5, 1164,3
136,5, 1157,1
136,5, 1164,7
115,4, 1156,7
119,5, 1158,5
112,7, 1137,5
115,6, 1123,1
121,0, 1120,9
117,6, 1125,8
119,7, 1151,6
137,0, 1149,5
207,8, 1137,9
336,8, 1099,1
369,7, 1087,8
376,9, 1085,6
389,7, 1078,7
384,5, 1075,2
385,9, 1076,3
378,7, 1075,9
373,8, 1076,7
366,0, 1073,2
364,8, 1075,6
361,4, 1056,8
358,8, 1051,3
356,3, 1044,6
351,6, 1042,3
368,4, 1049,3
378,8, 1053,4
393,3, 1063,1
385,3, 1058,4
391,8, 1052,4
392,0, 1051,9
390,5, 1051,0
392,0, 1058,6
399,6, 1062,3
456,7, 1080,9
660,7, 1130,7
630,2, 1130,1
627,9, 1128,0
629,7, 1127,3
627,4, 1125,4
608,0, 1117,6
589,3, 1121,0
587,3, 1134,3
590,5, 1143,2
596,3, 1144,3
588,9, 1144,6
579,3, 1137,7
573,6, 1114,3
581,0, 1112,9
585,9, 1115,0
567,7, 1119,2
534,4, 1112,7
504,1, 1108,8
474,5, 1092,1
475,3, 1084,7
465,8, 1090,3
468,4, 1087,9
469,5, 1086,9
474,4, 1088,4
455,3, 1098,6
463,6, 1094,4
204,4, 1088,8
-26,8, 1063,9
-23,3, 1065,0
-39,3, 1065,9
49,3, 1071,2
-58,1, 1067,4
-69,9, 1063,6
-77,6, 1058,2
-60,6, 1057,8
-59,6, 1057,8
51,0, 963,9
-45,4, 1004,8
-32,9, 992,7
-65,2, 990,6
-25,4, 962,4
-55,5, 992,3
-53,3, 992,1
-62,9, 988,3
-99,8, 1019,4
-103,5, 1019,8
-105,2, 1043,7
-81,6, 1067,0
3,0, 1158,6
-16,5, 1139,0
-8,2, 1143,3
34,5, 1146,3
81,0, 1172,6
74,1, 1160,3
70,1, 1160,2
56,8, 1164,5
95,8, 1174,8
173,3, 1204,8
194,7, 1215,2
202,7, 1213,3
210,7, 1201,4
210,7, 1201,4
238,1, 1183,4
244,0, 1175,3
244,8, 1155,5
244,7, 1154,9
250,9, 1116,0
261,5, 1114,3
245,3, 1109,7
249,0, 1090,8
204,8, 1103,0
215,3, 1098,6
209,0, 1087,3
192,9, 1084,4
181,9, 1083,3
156,0, 1094,0
105,9, 1127,2
97,2, 1112,9
83,1, 1131,8
81,5, 1132,9
88,5, 1121,9
80,2, 1134,2
96,5, 1126,9
98,9, 1122,8
103,4, 1115,4
100,5, 1115,2
89,2, 1129,2
102,4, 1120,3
106,7, 1131,4
117,4, 1114,9
118,3, 1114,5
101,6, 1140,5
102,8, 1137,7
93,9, 1153,3
101,7, 1143,6
99,4, 1149,9
98,7, 1153,9
85,1, 1145,5
97,2, 1154,7
92,5, 1147,4
93,4, 1155,6
98,2, 1148,7
100,8, 1152,3
107,8, 1144,5
94,3, 1129,2
104,2, 1118,8
94,5, 1120,9
101,3, 1120,6
99,7, 1108,4
90,5, 1069,0
99,9, 1044,3
88,4, 1056,8
99,4, 1047,5
100,1, 1048,1
226,8, 1031,6
400,5, 1006,3
786,5, 939,4
1036,1, 903,4
1013,3, 908,5
1068,1, 898,2
1044,6, 899,2
1098,4, 882,8
1254,3, 821,7
1256,4, 805,5
1265,6, 679,8
1267,1, 670,5
1294,1, 655,0
1305,5, 639,3
1317,9, 635,3
1333,5, 633,5
1349,8, 629,7
1382,3, 611,7
1405,6, 582,3
1425,5, 572,5
1477,5, 570,6
1503,1, 568,8
1500,6, 560,3
1723,2, 531,6
2049,0, 487,7
2189,5, 469,7
2441,8, 489,1
2742,0, 437,0
2752,2, 480,9
2825,5, 414,2
2992,4, 432,8
3001,3, 448,6
3017,3, 418,4
3033,4, 411,0
3056,7, 390,5
3060,1, 389,0
3066,0, 376,4
3072,9, 361,8
3083,0, 360,2
3082,9, 356,4
3080,7, 346,7
3094,6, 339,0
3085,7, 332,1
3445,2, 31,0
3505,2, -9,3
3311,4, 112,4
3216,9, 159,2
3219,5, 141,5
3217,5, 150,9
3206,2, 154,7
3203,4, 154,5
3195,2, 155,5
3196,6, 151,5
3200,9, 147,9
2402,8, 157,6
2074,9, 187,9
2017,6, 205,0
1859,7, 238,6
1346,8, 407,2
1327,2, 430,7
1308,2, 477,4
1310,7, 455,5
1297,7, 434,7
549,0, 170,8
414,8, 133,1
414,8, 133,1
-194,3, 66,2
-189,7, 90,2
-132,6, 135,7
-121,4, 146,4
-135,3, 139,6
-120,5, 140,0
-103,0, 145,0
-122,7, 127,7
-177,5, 47,2
-148,9, 64,5
-114,4, 101,3
-123,6, 71,4
-183,4, -7,4
-206,2, -58,9
-210,1, -64,5
-121,8, 18,5
-139,1, 5,4
-141,1, 21,7
533,4, -154,7
533,4, -154,7
533,4, -154,7
533,4, -154,7
-342,5, 124,2
-98,6, 148,7
185,8, 284,9
410,9, 328,5
840,3, 434,5
922,1, 463,2
904,1, 463,9
817,5, 445,2
1066,2, 540,5
1058,5, 515,1
1068,5, 502,2
1076,5, 517,4
1078,2, 515,1
1078,1, 514,4
1079,7, 500,3
1097,9, 505,0
1103,0, 509,8
1107,5, 510,8
1115,2, 505,8
1118,9, 507,4
1126,1, 498,6
1127,5, 471,7
1130,9, 486,6
1120,7, 470,6
1114,6, 465,4
1078,3, 444,1
1055,3, 402,9
139,4, 342,3
135,6, 341,0
133,6, 343,9
131,2, 341,7
-77,4, 589,1
-118,9, 720,9
-99,4, 716,5
-102,0, 824,8
-98,5, 824,5
-99,4, 824,3
-157,5, 814,2
-95,4, 823,8
-148,1, 816,8
-165,1, 813,2
143,5, 924,0
224,7, 958,3
265,2, 977,3
282,5, 988,5
318,0, 1009,8
301,6, 1000,0
234,4, 960,1
241,9, 964,8
262,1, 977,1
235,7, 955,3
252,9, 959,7
256,2, 961,3
266,4, 964,3
283,5, 971,1
366,7, 1000,5
360,7, 998,3
416,9, 1027,9
421,8, 1030,9
429,2, 1030,7
424,2, 1029,5
443,3, 1017,2
464,8, 1029,1
465,2, 1026,1
732,9, 744,2
660,0, 805,0
673,0, 787,2
591,2, 859,8
576,9, 849,7
457,3, 942,6
508,4, 874,9
545,4, 840,2
299,4, 1017,8
272,1, 991,3
283,4, 1010,4
252,3, 984,5
237,1, 980,1
139,1, 965,0
116,2, 962,2
96,4, 959,6
84,7, 957,9
83,4, 958,2
61,4, 959,5
76,5, 955,0
83,2, 948,5
175,9, 950,3
184,8, 944,7
184,7, 951,8
208,8, 951,7
250,7, 953,8
237,0, 892,4
235,3, 896,5
227,2, 892,1
230,4, 894,9
225,7, 900,6
203,0, 904,5
208,6, 906,5
228,1, 896,5
214,2, 900,9
219,8, 908,3
222,3, 908,1
227,3, 907,0
214,5, 902,4
219,5, 897,9
209,5, 904,0
207,2, 893,0
209,3, 898,2
266,6, 859,3
323,5, 809,1
303,6, 828,1
340,1, 816,3
373,2, 836,8
367,8, 823,2
372,0, 831,5
387,1, 873,1
396,2, 877,9
401,8, 879,6
406,4, 878,5
419,6, 865,2
420,1, 861,9
418,2, 864,5
417,4, 862,6
399,8, 850,9
384,7, 836,6
378,1, 831,3
380,1, 836,7
350,9, 836,8
298,5, 872,6
202,6, 975,1
151,9, 1030,2
153,0, 1030,6
156,9, 1027,8
147,3, 1021,3
150,2, 1021,5
150,1, 962,4
177,1, 815,7
173,2, 835,7
166,6, 869,2
146,3, 1013,7
151,7, 1015,8
160,9, 1009,9
164,5, 1010,5
167,4, 1016,7
163,7, 1097,2
159,9, 1158,2
156,6, 1246,1
164,8, 1252,6
173,0, 1256,6
192,4, 1260,6
200,1, 1261,0
193,4, 1259,4
195,9, 1259,8
182,9, 1258,5
173,8, 1256,7
170,9, 1251,5
167,9, 1254,0
169,8, 1255,1
184,8, 1257,7
203,1, 1259,5
211,7, 1261,4
215,5, 1263,6
236,8, 1271,0
235,5, 1269,4
251,6, 1268,7
260,7, 1267,4
259,7, 1267,9
264,3, 1267,8
270,5, 1273,0
276,6, 1282,3
268,2, 1284,7
265,2, 1283,8
271,6, 1285,4
281,7, 1273,2
291,1, 1271,1
287,1, 1269,8
288,2, 1263,7
288,3, 1260,8
277,8, 1258,7
282,6, 1265,1
286,8, 1273,6
289,1, 1274,4
295,7, 1272,2
305,4, 1269,9
302,1, 1271,0
305,0, 1281,0
307,6, 1281,0
306,7, 1278,3
308,1, 1275,3
303,3, 1273,1
305,7, 1273,3
217,2, 1296,7
215,8, 1285,0
219,1, 1334,9
216,3, 1326,9
215,1, 1333,7
155,2, 1321,0
143,3, 1319,5
131,2, 1315,6
113,9, 1315,8
113,4, 1322,2
104,5, 1321,7
80,3, 1307,3
77,7, 1301,9
73,0, 1302,3
65,4, 1303,7
64,5, 1314,0
32,1, 1366,5
30,6, 1387,3
36,7, 1414,2
24,0, 1412,2
11,3, 1407,8
29,0, 1438,0
12,8, 1443,8
18,6, 1454,7
124,7, 1467,8
158,7, 1471,8
173,5, 1473,7
172,9, 1472,2
179,1, 1470,2
176,5, 1457,2
183,6, 1457,1
184,4, 1455,5
182,8, 1455,9
183,6, 1453,1
190,6, 1449,2
192,3, 1452,7
195,7, 1453,5
198,8, 1457,7
195,2, 1456,8
177,7, 1432,2
180,3, 1414,3
182,2, 1413,0
190,1, 1406,9
199,8, 1406,9
203,8, 1391,6
193,3, 1382,6
171,4, 1376,0
180,6, 1373,7
180,5, 1370,4
178,3, 1370,7
155,1, 1360,2
142,3, 1339,7
140,3, 1335,9
409,2, 1129,0
553,5, 1016,0
374,9, 1124,1
369,4, 1117,5
210,3, 1219,8
184,0, 1233,0
204,9, 1214,5
115,4, 1249,7
107,4, 1225,8
83,2, 1237,0
94,2, 1227,3
74,1, 1229,7
85,3, 1221,9
79,2, 1225,6
41,2, 1237,4
46,8, 1234,6
46,1, 1236,2
62,8, 1227,3
70,1, 1235,2
228,2, 1134,3
242,1, 1126,7
825,0, 521,5
891,2, 587,8
884,9, 569,9
878,8, 556,9
878,0, 559,0
899,9, 559,5
892,9, 559,4
890,9, 553,1
884,3, 537,7
862,9, 521,7
853,1, 512,6
850,3, 477,7
841,7, 480,4
838,4, 486,5
834,0, 484,9
835,4, 485,5
838,2, 471,5
828,4, 471,6
809,0, 469,6
818,5, 461,4
817,6, 464,1
808,3, 466,8
798,8, 468,2
801,0, 470,3
802,4, 469,5
798,4, 466,6
802,1, 465,3
694,3, 441,9
607,5, 441,6
498,0, 435,9
497,8, 440,3
498,6, 460,1
508,1, 516,5
486,1, 513,2
533,4, 604,5
540,8, 623,1
559,3, 644,0
569,5, 659,1
597,8, 689,0
594,0, 687,5
576,5, 672,5
581,6, 680,2
582,5, 680,9
569,6, 662,7
575,0, 671,5
578,7, 667,6
584,7, 657,6
656,3, 664,1
710,4, 673,6
1031,2, 696,1
1059,3, 698,4
1120,4, 697,3
1285,7, 702,8
1298,8, 691,4
1300,9, 679,9
1306,4, 657,7
1311,1, 660,8
1313,8, 662,1
1313,9, 655,6
1308,9, 627,2
1315,6, 628,7
1311,3, 630,8
1295,9, 642,4
1289,6, 632,6
1020,4, 592,1
946,9, 594,2
676,4, 584,0
479,3, 580,5
424,5, 566,9
358,2, 558,0
336,5, 565,1
386,4, 632,2
369,3, 617,6
394,5, 637,1
411,4, 654,5
434,5, 674,8
473,1, 710,6
474,7, 708,6
486,8, 704,4
487,8, 702,5
483,0, 698,1
463,5, 691,1
461,3, 685,7
434,2, 648,2
440,1, 646,0
452,8, 655,7
371,5, 720,3
309,9, 759,8
253,1, 787,3
145,7, 806,8
70,8, 818,4
-22,8, 752,1
-40,6, 727,9
-24,1, 850,5
-9,5, 788,1
4,7, 779,1
-17,7, 765,5
-9,4, 702,7
-131,8, 625,8
-155,5, 653,5
-183,4, 643,3
-184,4, 691,0
-193,1, 692,5
-199,9, 690,5
-213,2, 577,8
-211,8, 574,4
-211,2, 572,9
-143,0, 613,7
-228,7, 595,9
-215,9, 595,4
-142,9, 603,7
-148,9, 604,6
-178,5, 609,4
-155,0, 609,0
-156,2, 602,4
-132,5, 607,2
-113,2, 613,8
-131,3, 624,2
-160,4, 607,6
-163,8, 605,3
-149,6, 595,2
-132,6, 605,0
506,5, 482,0
645,7, 267,8
812,9, 287,8
798,0, 307,1
896,9, 277,0
897,8, 268,3
1024,1, 247,8
1040,2, 241,7
1068,3, 213,7
1098,6, 163,6
1102,7, 170,9
1106,1, 171,9
1132,1, 180,7
1170,8, 179,2
1234,9, 171,6
1364,0, 164,0
1403,6, 153,1
1517,2, 126,0
1524,4, 137,0
1533,0, 136,6
1547,2, 140,3
1549,4, 138,1
1561,4, 127,8
1559,7, 132,9
1569,4, 120,0
1574,6, 102,1
1577,6, 100,8
1594,5, 58,0
1602,4, 39,5
1603,9, 28,4
1605,6, 24,6
1616,2, 15,9
1618,8, 15,1
1647,6, 3,9
1629,7, 10,8
1661,7, -0,1
1661,5, -17,6
1658,2, -25,7
1659,0, -18,7
1661,0, -14,0
1675,2, -27,4
1682,5, -31,3
1674,7, -19,3
1665,0, -22,6
1601,0, -38,4
1381,0, -81,9
341,1, 91,0
343,6, 113,1
360,9, 112,5
354,3, 111,3
340,5, 87,0
340,5, 86,7
236,8, -27,5
185,9, -84,4
189,8, -84,9
204,3, -76,9
207,7, -74,0
22,2, 241,2
463,2, -20,3
451,6, -34,5
432,2, -53,9
415,8, -77,1
411,4, -86,1
-94,1, 57,3
-120,2, 64,4
-124,3, 54,7
-126,2, 36,4
-140,8, 14,2
-140,3, 1,5
-143,4, 10,4
-146,1, 18,1
185,8, -53,8
370,1, -33,7
471,4, -19,3
613,4, -9,3
623,5, -19,1
669,7, -7,8
770,3, 39,4
911,1, 176,9
989,9, 238,6
1047,5, 290,9
1059,2, 294,2
1054,0, 274,0
1037,0, 257,3
855,7, 225,1
851,8, 218,4
864,6, 217,2
-232,3, 284,2
-280,6, 245,2
-429,9, 338,8
-508,0, 373,2
-513,6, 376,6
-406,8, 268,8
-460,8, 227,5
-441,1, 235,5
-419,6, 267,2
-413,2, 278,2
-412,9, 277,6
-410,6, 263,8
-428,4, 241,8
-283,6, 266,2
-423,9, 201,4
-411,3, 248,2
-411,3, 248,2
61,8, 211,5
760,1, 286,4
1015,1, 342,4
964,2, 332,1
940,7, 327,9
976,2, 336,9
1080,0, 352,1
1415,7, 375,7
1455,9, 353,1
1464,0, 340,0
1548,6, 265,3
1549,8, 226,5
1561,1, 207,1
1563,4, 185,4
1564,3, 173,5
1565,2, 169,5
1571,4, 150,9
1583,5, 141,3
1663,1, 106,3
1708,7, 90,0
1829,4, 55,6
2009,6, -8,5
2023,9, -13,9
2031,5, -19,7
2105,8, -4,8
2120,4, -33,1
2121,8, -24,9
2116,8, -7,4
2186,0, -60,1
2200,8, -81,6
2210,1, -103,0
2207,0, -102,5
2198,7, -87,8
2194,3, -88,7
1553,7, 132,5
1455,6, 54,9
1498,3, 67,3
1529,0, 76,3
1570,7, 56,3
1572,4, 54,9
1586,3, 70,6
1586,5, 74,1
1588,6, 76,6
1497,3, 50,8
1308,6, 11,5
1196,7, -4,1
1058,9, -13,5
1051,2, -9,7
707,1, -27,5
763,4, -13,3
728,2, -5,8
748,4, 31,8
757,0, 65,1
754,5, 71,6
776,7, 111,5
418,1, 20,6
-30,7, -73,0
-21,0, -59,3
-45,2, -24,3
-33,1, 16,0
23,2, -9,2
42,9, -13,1
25,7, -18,3
-4,7, 43,5
43,2, 43,2
45,8, 203,0
50,4, 193,7
30,8, 169,7
29,8, 187,5
41,7, 190,4
42,6, 188,0
33,5, 187,0
34,1, 186,8
33,1, 176,4
-19,0, 195,8
-21,5, 152,3
3,8, 184,7
-26,7, 174,4
-26,4, 165,5
3,5, 176,4
28,6, 207,9
41,7, 216,9
43,0, 222,6
23,0, 215,6
11,2, 145,7
2408,4, 2642,2
2352,3, 2367,2
2352,3, 2367,2
178,7, 277,1
58,7, 204,7
62,8, 226,9
76,4, 244,0
119,4, 272,7
104,3, 254,5
119,9, 271,3
321,2, 462,2
313,1, 459,2
420,9, 559,1
425,3, 563,4
424,4, 559,7
422,8, 560,5
421,2, 562,9
421,0, 583,5
400,1, 794,6
404,0, 764,4
377,6, 890,1
372,3, 890,9
365,7, 888,7
376,5, 883,1
386,7, 875,5
387,6, 874,7
305,1, 851,5
299,6, 863,7
311,0, 870,0
314,6, 868,9
314,6, 868,9
311,7, 865,2
268,3, 808,3
269,4, 800,3
290,7, 808,7
298,5, 827,9
301,7, 827,1
330,3, 875,9
342,2, 883,2
344,9, 865,9
351,9, 853,3
352,9, 862,5
353,0, 867,4
351,6, 846,8
367,1, 856,9
369,6, 861,4
379,5, 871,6
382,0, 886,6
385,9, 889,6
386,7, 880,0
375,6, 872,5
373,6, 863,7
384,5, 770,2
387,8, 739,7
387,8, 739,7
387,8, 739,7
421,8, 817,9
429,9, 836,0
437,9, 855,2
436,0, 855,4
432,3, 856,5
419,4, 865,5
391,5, 847,0
397,0, 843,3
352,3, 882,0
412,2, 870,6
474,0, 863,7
502,7, 850,1
513,3, 841,4
507,7, 828,9
502,3, 822,8
485,0, 810,2
469,9, 798,4
449,2, 783,2
445,4, 781,2
447,7, 784,2
448,9, 787,3
450,3, 789,7
455,1, 797,7
462,2, 834,8
448,0, 825,4
443,2, 821,3
430,1, 806,9
419,9, 789,0
400,2, 757,7
384,4, 727,8
410,7, 692,6
413,6, 689,9
253,5, 709,0
193,8, 715,0
207,7, 726,8
283,7, 807,9
317,9, 821,4
323,0, 831,8
329,6, 833,3
317,7, 842,4
279,1, 912,1
280,0, 956,9
292,2, 956,1
303,1, 940,9
347,7, 929,0
355,4, 927,8
542,0, 895,1
602,3, 881,7
604,7, 881,3
647,3, 849,2
645,9, 842,7
638,2, 835,7
625,0, 827,7
609,4, 823,8
612,7, 823,6
581,9, 794,5
576,1, 779,8
566,7, 764,8
561,2, 750,7
546,3, 736,0
507,2, 675,2
237,2, 562,2
98,7, 514,1
106,4, 505,4
121,9, 506,9
116,1, 510,6
104,4, 499,0
103,0, 499,6
114,0, 491,4
91,3, 463,1
19,6, 340,8
39,6, 292,6
80,7, 298,8
83,3, 305,3
76,8, 296,0
-32,8, 178,2
247,3, 435,9
261,2, 384,3
253,0, 364,0
241,5, 362,7
237,9, 387,5
258,6, 382,5
310,4, 465,6
359,4, 484,2
387,2, 507,7
382,5, 515,7
400,7, 544,0
418,0, 554,8
469,5, 598,1
490,9, 640,1
528,9, 677,6
706,4, 1199,2
709,4, 1179,6
784,3, 1364,4
812,3, 1423,5
818,8, 1435,3
818,7, 1435,8
818,4, 1440,8
802,9, 1437,3
725,1, 1431,9
733,4, 1433,8
703,6, 1428,7
672,2, 1422,0
658,7, 1426,5
654,3, 1426,3
652,0, 1427,8
631,9, 1424,9
640,5, 1429,3
771,9, 1415,6
830,2, 1413,3
1607,9, 1452,3
1642,1, 1451,8
1691,8, 1445,5
1716,4, 1427,5
1733,5, 1409,6
1685,7, 1407,4
1774,3, 1401,9
1806,3, 1442,1
1828,1, 1440,6
1821,6, 1435,9
1822,4, 1426,3
1830,6, 1430,0
1868,4, 1407,7
1897,9, 1404,2
1919,1, 1403,0
1928,1, 1405,8
1942,4, 1419,2
1947,3, 1408,6
1950,3, 1402,5
1934,4, 1384,2
1940,9, 1402,0
1856,4, 1417,6
1816,0, 1417,6
1783,9, 1422,7
1797,0, 1422,0
1751,0, 1410,2
1737,5, 1406,5
1702,4, 1390,1
1688,0, 1386,2
1686,0, 1398,0
1661,8, 1344,4
1696,6, 1333,1
1732,8, 1348,7
1735,1, 1353,8
1709,2, 1370,9
1711,7, 1378,2
1719,6, 1379,8
1713,2, 1388,8
1710,5, 1392,2
1721,9, 1394,8
1715,8, 1415,9
1717,5, 1411,6
1698,3, 1403,4
1666,5, 1382,1
1467,1, 1263,9
1358,2, 1189,0
933,5, 899,4
630,8, 697,0
242,0, 475,7
233,1, 488,5
-208,0, 278,3
-118,0, 361,2
-244,6, 284,6
-357,1, 214,2
-366,3, 209,2
-367,9, 217,2
-366,6, 233,5
-354,3, 230,4
-335,5, 234,7
-340,8, 225,1
-352,9, 207,4
-310,9, 144,6
-84,8, 154,3
-119,3, 113,9
-219,5, 64,7
-211,3, 62,7
-208,7, 61,8
-301,2, 63,0
-206,9, 106,9
-180,5, 102,1
-201,8, 88,4
-218,6, 77,7
-232,1, 64,2
-242,9, 39,6
-252,1, 14,9
-231,3, 23,3
-233,2, 47,5
-232,6, 15,9
-232,0, -37,4
-314,8, -125,5
-346,3, -172,8
-340,3, -159,1
-288,9, -114,2
-279,7, -118,8
-305,0, -126,6
-322,0, -146,4
-292,7, -156,8
-246,7, -92,3
-284,7, -128,5
-202,1, 400,4
-159,3, 531,9
-78,9, 619,2
-11,7, 896,0
30,1, 943,2
120,7, 1075,9
172,3, 1096,5
142,4, 1104,4
196,0, 1108,5
210,3, 1129,9
226,5, 1132,2
298,7, 1145,9
276,8, 1158,3
274,5, 1159,2
286,4, 1151,1
269,0, 1153,4
267,7, 1152,6
253,5, 1115,5
177,8, 1018,6
145,8, 947,0
131,5, 933,2
73,7, 888,4
47,3, 818,2
49,3, 819,5
44,8, 817,5
49,7, 790,9
105,8, 604,6
63,1, 577,6
31,3, 545,4
12,8, 541,5
15,7, 527,3
20,6, 521,8
-44,3, 183,7
16,2, 226,1
9,3, 236,0
34,0, 267,1
60,5, 276,3
69,2, 276,4
64,3, 282,1
79,8, 336,9
121,1, 377,9
2483,6, 489,2
2565,4, 449,1
2548,7, 445,9
2558,6, 401,1
2553,5, 408,8
2556,8, 396,7
2583,4, 327,4
2555,2, 409,3
2564,0, 306,9
2559,9, 342,4
2554,5, 347,5
2544,9, 319,6
2541,7, 332,5
2497,1, 427,8
2494,2, 432,0
2507,2, 422,6
2519,0, 410,4
2494,0, 367,1
2317,6, 312,1
2153,3, 302,4
2022,7, 291,6
2031,6, 290,5
1789,9, 282,5
1783,6, 293,8
1783,1, 286,9
1779,2, 263,3
1766,4, 269,6
1734,6, 251,5
1583,3, 244,7
689,5, 41,9
547,3, -7,0
542,0, -15,3
-135,0, -136,8
-145,8, -140,9
-152,1, -179,4
-140,7, -168,0
-135,7, -163,0
-350,2, -179,6
-403,0, -214,9
-444,1, -239,4
-443,0, -238,1
-427,9, -224,9
-429,3, -234,8
-391,8, -185,7
-385,7, -166,2
-366,9, -171,2
-438,0, -223,3
-425,1, -233,1
-311,7, -175,0
-235,0, -127,5
-195,2, -156,9
-227,0, -116,9
-280,8, 4,3
-262,5, 15,9
-270,7, 9,8
-271,5, -3,6
-285,6, 15,8
-274,2, 23,8
-277,1, 13,7
-281,2, 31,4
-287,5, 41,3
-288,5, 30,9
-257,8, 46,6
-259,9, 42,2
-243,4, 56,0
-225,2, 65,2
-251,1, 49,0
-260,8, 28,2
-273,2, 11,4
-234,8, 12,3
-260,2, -15,4
-287,6, -25,9
98,9, -3,7
129,2, -79,8
162,9, -30,8
161,5, -32,7
187,1, -19,1
187,8, -19,9
281,5, 198,2
289,2, 223,6
279,0, 223,8
281,3, 219,3
287,1, 227,7
287,9, 235,1
274,7, 225,5
284,3, 222,9
361,1, 298,7
357,3, 292,6
362,4, 290,1
331,2, 243,5
332,1, 216,9
325,1, 200,1
252,1, 149,1
238,0, 134,8
229,3, 130,7
224,1, 124,6
213,4, 134,2
98,1, 273,7
90,1, 338,1
58,5, 449,1
47,8, 523,2
132,3, 547,5
74,2, 533,8
125,3, 546,3
162,1, 530,8
163,6, 524,1
193,7, 524,3
199,7, 531,6
213,8, 553,2
213,6, 552,8
212,0, 543,6
213,9, 551,3
5,8, 437,7
184,5, 532,8
115,1, 489,6
161,4, 520,2
161,4, 370,4
156,2, 361,6
291,9, 291,4
366,7, 308,2
366,1, 303,4
381,8, 306,7
353,6, 287,6
385,7, 268,8
357,7, 266,6
346,7, 274,6
378,8, 290,3
441,9, 329,0
384,7, 320,3
416,0, 340,4
406,7, 348,9
488,9, 309,6
-37,5, 65,6
-6,4, 75,5
8,9, 83,5
4,9, 66,2
0,7, 75,2
32,9, 82,4
17,9, 77,6
-17,5, 50,2
-11,0, 54,7
-19,4, 56,7
-8,8, 63,2
27,0, 67,3
28,9, 80,0
31,4, 228,9
107,0, 334,2
92,7, 328,2
66,5, 261,6
55,8, 233,9
49,4, 221,6
57,2, 160,1
174,6, 303,2
227,5, 372,8
219,3, 353,5
219,4, 363,2
216,8, 371,0
201,0, 360,9
131,8, 336,6
100,3, 330,7
111,3, 294,1
113,5, 287,8
560,5, 290,4
623,4, 387,3
612,6, 369,9
606,4, 359,5
609,7, 363,6
639,9, 381,6
674,9, 414,8
690,3, 422,4
689,3, 421,9
688,7, 420,1
686,1, 422,9
676,3, 426,0
648,4, 399,9
599,6, 436,3
609,2, 438,3
618,5, 432,2
645,2, 417,4
654,6, 421,8
673,7, 452,1
672,5, 458,5
681,0, 466,2
728,5, 467,1
824,8, 465,3
1222,3, 615,3
1372,1, 664,2
1430,0, 665,8
1633,3, 690,7
1907,1, 704,6
1926,6, 704,9
1967,1, 704,2
1968,4, 698,3
1972,4, 690,7
1984,5, 672,3
1983,6, 657,8
1984,4, 656,0
1987,0, 653,1
1989,4, 651,1
1992,6, 646,3
1996,8, 639,5
1999,5, 635,2
1999,9, 635,1
2014,7, 624,3
2018,0, 616,5
2020,2, 612,0
2023,1, 605,3
2025,2, 594,7
2022,7, 594,5
1994,9, 596,6
1934,4, 603,9
1790,7, 679,1
1528,6, 901,0
1499,7, 934,5
1415,6, 1022,0
1307,7, 1127,2
1311,6, 1126,0
1311,6, 1125,0
1309,3, 1110,8
1308,8, 1109,4
1298,8, 1102,9
1278,4, 1101,6
1286,4, 1103,9
1077,5, 1124,8
440,6, 1151,0
-27,0, 1176,6
-87,3, 1172,1
-84,8, 1168,1
-93,5, 1145,3
-34,5, 1126,3
-31,1, 1123,8
-72,0, 1051,2
-53,6, 1076,8
-145,1, 648,0
-138,6, 610,6
-97,0, 539,9
-211,4, 478,2
-162,3, 502,8
-93,4, 525,6
-224,1, 604,4
-167,8, 757,1
31,3, 835,8
-23,7, 836,1
-122,3, 771,2
-56,4, 795,0
-46,0, 807,2
-50,1, 822,4
-12,0, 831,8
89,7, 890,0
229,1, 974,5
271,3, 998,4
262,7, 990,3
262,0, 990,8
262,0, 990,8
275,1, 981,1
321,9, 984,2
319,0, 977,4
378,0, 960,3
288,5, 948,7
420,1, 941,2
389,7, 944,0
244,6, 936,5
198,2, 932,6
170,1, 925,7
169,0, 925,3
150,2, 886,8
146,4, 884,0
174,8, 885,2
116,7, 900,7
117,6, 900,0
219,1, 881,4
184,9, 882,4
152,2, 885,8
142,2, 888,6
215,2, 885,7
181,8, 883,9
127,4, 884,7
181,9, 885,9
226,6, 884,9
253,8, 892,1
143,1, 887,4
156,1, 886,8
155,0, 887,1
200,3, 887,0
137,2, 876,8
138,1, 877,1
126,2, 880,4
147,8, 882,7
148,4, 881,3
378,8, 984,6
465,1, 1045,2
588,2, 1105,4
687,2, 1165,1
716,6, 1184,4
685,7, 1171,0
681,5, 1171,0
671,2, 1173,0
663,3, 1174,0
669,0, 1179,0
693,1, 1176,4
684,4, 1177,6
682,6, 1182,8
891,1, 1259,9
893,8, 1261,1
1218,6, 1350,4
1182,9, 1340,7
1230,9, 1359,5
1286,3, 1379,1
1282,5, 1378,6
1289,4, 1377,7
1304,7, 1377,3
1297,5, 1376,3
1297,8, 1370,4
1303,5, 1369,6
1326,7, 1369,9
1364,5, 1368,3
1580,7, 1402,2
1555,1, 1397,6
1540,0, 1397,1
1575,1, 1399,5
1647,2, 1403,4
1640,4, 1406,8
1630,7, 1410,4
1621,5, 1404,3
1622,2, 1403,0
1623,7, 1403,8
1623,9, 1403,8
1623,3, 1402,0
1627,7, 1392,5
1633,5, 1390,2
1635,5, 1386,2
1663,3, 1400,6
1681,1, 1412,0
1684,6, 1412,6
1713,8, 1427,2
1726,9, 1424,3
1728,3, 1414,4
1731,9, 1413,7
1733,5, 1416,7
1732,7, 1414,5
1734,0, 1408,0
1738,3, 1397,2
1737,5, 1394,1
1730,7, 1392,5
1729,2, 1395,9
1729,9, 1412,4
1729,4, 1412,5
1728,8, 1418,4
1733,5, 1409,8
1734,0, 1409,6
1727,9, 1395,8
1727,0, 1394,6
1727,0, 1398,7
1725,1, 1400,1
1720,1, 1399,2
1717,5, 1400,9
1719,2, 1398,7
1718,7, 1398,7
1721,4, 1386,9
1721,6, 1378,4
1702,5, 1375,3
1700,8, 1374,5
1698,6, 1385,2
1699,7, 1387,5
1711,8, 1399,8
1708,4, 1404,0
1715,5, 1402,1
1736,4, 1407,9
1735,5, 1409,3
1752,3, 1412,7
1751,2, 1411,2
1744,6, 1408,9
1736,2, 1405,4
1728,3, 1402,9
1724,2, 1400,1
1723,9, 1400,7
1723,0, 1404,1
1719,3, 1411,7
1720,6, 1410,1
1721,6, 1405,8
1721,5, 1400,9
1726,6, 1393,8
1721,1, 1396,6
1728,6, 1390,7
1738,9, 1387,2
1745,6, 1370,6
1744,4, 1371,9
1733,2, 1364,6
1730,6, 1364,7
1715,3, 1376,8
1699,2, 1406,3
1698,4, 1405,1
1689,3, 1379,2
1664,8, 1373,1
1655,5, 1381,4
1650,5, 1382,8
1652,6, 1379,7
1649,4, 1374,9
1637,8, 1386,0
1639,4, 1381,0
1641,2, 1385,7
1639,5, 1381,0
1641,8, 1377,1
1638,5, 1372,5
1637,4, 1370,1
1587,6, 1366,3
1535,0, 1361,8
1368,8, 1357,1
1037,5, 1340,2
647,0, 1325,4
470,3, 1310,0
335,3, 1298,2
422,8, 1313,1
274,6, 1297,6
-66,9, 1261,3
-232,4, 1242,6
-235,6, 1241,4
-265,6, 1236,7
-183,1, 1236,1
-179,8, 1236,3
-151,5, 1237,8
-120,9, 1242,2
-97,2, 1225,8
-103,6, 1228,4
-121,8, 1196,4
-128,2, 1170,2
-123,8, 1163,9
-140,4, 1136,1
-139,7, 1140,4
-169,0, 1091,0
-161,0, 1078,4
-137,9, 1056,0
-81,9, 1050,3
-55,6, 1054,8
-73,6, 1050,9
-104,3, 1046,0
-102,3, 1032,5
-99,9, 1031,5
-108,9, 1033,4
53,2, 1067,2
210,0, 1121,5
269,5, 1125,6
304,7, 1132,3
316,7, 1133,6
336,2, 1140,5
356,1, 1147,1
359,5, 1151,4
360,4, 1152,5
361,2, 1165,8
356,2, 1173,2
355,4, 1175,6
358,6, 1174,1
360,5, 1173,0
347,9, 1175,8
373,2, 1154,3
355,7, 1169,2
346,4, 1171,4
313,5, 1178,4
281,2, 1186,8
311,7, 1176,4
319,8, 1173,1
242,7, 1198,5
283,1, 1185,5
281,3, 1187,7
280,8, 1187,5
282,5, 1192,8
298,8, 1237,0
250,1, 1251,7
246,7, 1248,9
187,5, 1241,1
84,3, 1224,7
80,4, 1224,5
79,0, 1223,1
89,0, 1224,3
390,3, 1144,0
475,2, 1128,1
516,1, 1117,9
746,8, 1073,1
812,3, 1051,2
844,0, 1036,9
870,3, 1021,5
884,2, 1009,2
929,7, 990,2
932,6, 984,4
941,5, 978,5
973,7, 951,5
983,6, 945,5
997,6, 937,9
1003,8, 931,4
1012,2, 922,3
1013,1, 918,4
1041,5, 889,3
1060,8, 875,1
1066,1, 870,1
1076,8, 860,2
1095,5, 856,0
1098,9, 856,7
1122,8, 835,8
1141,4, 826,9
1147,4, 827,8
1134,2, 800,7
1118,2, 796,4
928,3, 730,2
714,8, 650,7
702,2, 645,9
645,2, 624,1
558,1, 588,3
442,9, 548,9
431,4, 551,1
434,7, 565,0
432,5, 571,0
439,2, 579,5
441,6, 584,0
484,5, 607,0
487,5, 603,3
477,1, 587,1
450,4, 540,9
15,2, 89,9
0,8, 69,7
47,2, 106,1
42,4, 97,5
45,1, 88,0
41,8, 92,9
31,2, 70,7
29,7, 59,6
36,4, 65,4
36,5, 65,9
36,5, 72,7
-4,7, 787,9
-5,1, 667,0
-9,5, 695,0
-8,4, 694,7
-4,3, 727,7
51,9, 755,1
77,3, 773,0
81,7, 763,0
89,1, 780,1
62,9, 745,4
23,9, 739,6
26,1, 729,4
29,7, 734,2
116,1, 757,7
140,0, 785,1
167,2, 797,0
183,3, 807,8
211,3, 839,3
231,7, 857,8
260,5, 895,7
351,7, 875,8
339,8, 884,9
376,6, 888,7
366,6, 894,3
402,3, 893,1
388,3, 901,3
398,0, 911,4
389,2, 921,8
402,7, 923,9
388,5, 932,2
379,6, 921,0
342,6, 923,0
321,0, 905,8
336,2, 891,4
315,6, 893,9
330,9, 886,2
297,3, 890,9
307,4, 887,6
346,5, 880,8
322,6, 888,7
195,5, 861,5
187,6, 853,0
134,3, 842,6
161,0, 847,6
221,2, 837,8
215,4, 803,3
220,0, 793,6
220,1, 781,4
235,1, 757,3
218,0, 744,1
226,1, 754,4
230,7, 761,7
229,4, 764,0
238,7, 756,7
233,7, 745,7
230,5, 747,0
244,3, 755,9
568,6, 723,9
573,0, 673,9
700,1, 638,3
865,0, 619,2
910,1, 613,1
922,1, 610,6
1715,2, 517,0
1717,8, 480,7
1713,9, 453,5
1721,4, 454,6
1779,2, 412,7
1790,5, 387,1
1801,0, 336,7
1800,8, 271,6
1804,2, 249,3
1807,9, 249,2
1811,0, 152,4
1813,4, 145,5
1821,4, 117,3
1825,4, 83,3
1825,6, 84,2
1821,8, 59,0
1828,9, 51,8
1830,8, 45,1
1835,2, 41,3
1840,3, 23,4
1840,0, 6,6
1837,9, 6,3
1846,1, -4,1
1853,9, 8,0
1857,6, 13,7
1936,6, 136,1
1953,8, 166,3
1961,6, 179,0
1973,3, 198,5
1984,2, 268,4
1986,4, 264,9
1986,7, 265,7
1992,1, 261,2
2001,3, 261,6
2021,6, 260,6
2018,4, 266,0
2015,7, 267,4
2019,0, 264,9
2019,7, 270,6
2013,2, 274,5
2011,9, 275,3
2012,2, 272,1
2017,8, 265,4
2018,9, 261,7
2019,9, 260,0
2020,9, 257,0
2026,9, 265,0
2025,6, 267,4
2020,2, 262,6
2024,4, 261,6
2008,0, 257,3
2017,9, 259,6
2019,5, 259,0
2010,6, 255,9
2008,0, 255,4
2006,1, 260,2
2008,9, 262,1
2013,4, 263,1
2000,2, 266,8
2011,7, 267,9
2008,9, 269,4
1909,7, 258,3
1776,7, 240,4
1659,1, 224,8
1582,3, 209,9
1487,4, 196,5
1476,4, 199,2
1467,7, 198,6
1447,6, 189,3
1461,0, 193,1
1451,1, 184,8
1441,0, 175,3
1459,3, 186,0
1495,4, 201,5
1480,4, 192,7
1483,0, 194,1
1510,8, 208,1
1502,9, 204,5
1502,9, 205,6
1509,6, 206,4
1504,7, 203,4
1496,4, 198,8
1471,9, 178,0
1476,8, 179,6
1488,7, 177,5
1490,4, 175,8
1479,5, 175,9
1499,3, 175,4
1496,9, 172,9
1474,9, 160,6
1475,1, 156,9
1473,7, 153,9
1486,8, 151,4
1489,6, 152,4
1478,0, 155,8
1481,0, 155,2
1475,3, 158,4
1475,9, 158,5
1482,4, 156,3
1479,5, 154,9
1508,8, 148,5
1501,0, 141,5
1495,5, 138,5
1444,2, 96,0
1439,8, 100,1
1393,8, 91,9
1192,0, 53,0
1091,9, 35,9
968,5, 35,4
523,7, -3,2
144,5, -26,5
230,2, 26,4
230,2, 26,4
-199,0, -63,4
-177,5, -55,3
-193,3, -64,9
-186,5, -41,4
-187,7, -56,7
-296,2, -57,6
-155,6, 110,7
-157,6, 102,0
-158,4, 98,1
-209,1, 53,5
-160,7, 93,2
-136,6, 125,3
-133,5, 121,2
-131,9, 112,0
-6,6, -37,0
255,1, 49,4
393,9, 52,3
557,9, 52,7
908,6, 79,5
961,6, 79,2
1181,9, 82,3
1192,3, 85,3
1215,1, 87,5
1247,4, 115,5
1248,7, 116,9
1252,0, 121,6
1258,4, 124,0
1267,8, 115,1
1269,3, 116,0
1284,0, 110,0
1297,9, 122,7
1309,3, 123,9
1340,4, 127,2
1434,9, 125,7
1636,2, 138,3
1664,6, 150,3
1695,5, 153,9
1840,9, 147,2
1849,3, 160,0
1855,2, 154,0
1864,1, 148,9
1878,3, 132,5
1891,3, 106,7
1888,6, 99,9
1889,6, 122,3
1906,7, 98,5
1905,1, 106,0
1905,1, 107,9
1923,9, 107,4
1920,1, 109,6
1936,1, 108,3
1921,9, 131,1
1901,4, 145,8
1902,6, 158,5
1908,7, 181,6
1972,6, 453,1
1984,9, 560,6
1993,7, 637,7
1536,9, 569,4
1458,3, 536,8
1424,6, 538,1
1401,1, 532,5
1319,6, 521,9
1271,5, 514,6
1288,4, 515,5
1293,9, 512,8
1206,8, 487,4
1201,8, 487,5
1202,2, 488,7
1206,2, 490,7
1201,9, 493,1
1216,5, 502,4
1218,1, 501,7
1216,6, 500,2
1219,6, 499,8
-49,0, -125,2
1512,0, 335,3
1521,6, 270,4
1521,7, 291,7
1526,0, 308,0
1528,1, 311,8
1532,5, 310,3
1526,5, 308,2
1525,8, 308,6
1528,8, 307,5
1527,8, 310,8
1524,8, 323,8
1532,5, 329,4
1536,3, 328,1
1538,3, 329,1
1538,6, 330,2
1541,7, 330,3
1549,7, 340,3
1552,7, 344,1
1555,6, 347,2
1556,8, 347,8
1563,2, 344,8
1567,1, 348,6
1566,0, 350,4
1567,7, 349,5
1552,6, 352,2
1552,2, 342,3
1552,2, 341,8
1555,1, 346,3
1554,8, 347,1
1552,6, 349,7
1552,3, 349,3
1553,9, 340,9
1561,1, 338,8
1577,2, 340,8
1600,4, 356,7
1620,0, 364,8
1699,1, 369,9
2114,5, 475,3
2057,0, 431,5
2173,2, 468,1
2205,8, 473,0
2276,1, 481,5
2453,8, 512,3
2465,2, 502,7
2468,0, 511,0
2466,9, 503,1
2465,6, 492,7
2458,2, 514,0
2469,5, 491,9
2478,2, 489,2
2472,5, 507,8
2481,6, 489,2
2472,0, 515,9
2480,2, 498,3
2469,5, 515,9
2466,7, 524,4
2472,8, 510,2
2476,0, 500,9
2472,0, 526,3
2476,2, 515,7
2478,1, 509,4
2487,3, 476,3
2488,6, 478,3
2474,0, 504,5
2477,2, 496,5
2479,5, 491,0
2466,9, 525,9
2460,4, 522,1
2458,3, 543,2
2392,2, 550,3
2152,6, 602,0
2157,9, 579,6
2058,8, 613,0
1925,4, 656,3
1635,7, 757,3
1627,5, 758,9
1523,2, 799,0
1524,6, 805,4
1523,0, 817,7
1494,8, 831,6
1482,0, 833,9
1359,3, 834,9
-148,0, 816,5
-181,0, 791,5
-162,0, 789,5
-160,5, 788,2
-163,4, 788,0
-155,8, 802,5
-148,9, 802,0
-371,1, 624,0
-256,7, 686,6
-305,6, 644,1
-372,0, 507,9
-335,1, 426,6
-319,7, 363,0
-310,2, 374,0
-301,6, 371,8
-299,6, 371,9
-306,3, 374,7
-320,4, 355,5
-335,4, 351,3
-306,5, 373,7
-406,1, 380,1
-107,8, 497,6
-129,9, 495,6
-290,9, 447,7
-352,0, 427,6
-373,7, 429,3
-358,1, 410,8
-298,6, 387,3
-398,9, 366,5
-391,5, 371,1
-448,9, 367,1
-452,3, 366,5
-395,1, 334,0
-346,1, 312,9
-343,3, 325,1
-335,5, 331,6
-305,6, 351,0
-259,9, 388,8
-209,6, 423,6
-129,5, 485,8
-39,9, 534,0
-29,0, 543,9
68,1, 588,7
28,0, 614,8
48,4, 615,2
71,5, 677,0
82,5, 687,1
141,0, 703,4
143,3, 727,1
176,4, 734,1
183,7, 762,9
232,4, 756,7
267,2, 855,7
300,8, 934,1
321,8, 1088,9
301,7, 1071,7
213,4, 1063,5
195,0, 1050,4
217,4, 1048,3
228,0, 1100,7
232,3, 1088,5
245,3, 1093,9
197,9, 1120,0
150,0, 1140,0
45,5, 1185,4
62,9, 1189,3
64,0, 1212,2
66,8, 1219,6
132,6, 1220,4
137,5, 1229,9
160,3, 1230,0
159,4, 1233,4
188,6, 1227,7
210,3, 1231,9
227,8, 1240,7
242,7, 1243,6
247,7, 1230,6
258,6, 1228,4
373,3, 1186,5
1183,3, 1091,7
1234,1, 1085,7
1292,6, 1082,7
1315,7, 1084,8
1498,5, 1100,6
1590,2, 1117,5
1658,0, 1134,6
1690,8, 1139,9
1728,5, 1150,1
1772,8, 1154,3
1769,0, 1153,9
1764,9, 1150,9
1780,7, 1143,2
1792,6, 1149,1
1771,6, 1147,9
1767,6, 1230,9
1765,5, 1241,9
1772,9, 1272,1
1781,0, 1286,5
1782,1, 1293,9
1777,4, 1297,9
1784,4, 1305,7
1789,1, 1309,7
1793,7, 1306,8
1797,8, 1303,3
1789,1, 1290,2
1789,2, 1289,3
1793,1, 1293,6
1812,8, 1306,6
1902,1, 1206,8
2112,1, 1011,2
2219,9, 943,3
2233,6, 912,5
2333,3, 825,1
2554,4, 640,3
2634,5, 567,1
2669,4, 494,7
2706,6, 474,6
2729,8, 453,2
2762,5, 408,8
2774,9, 403,0
2783,2, 393,3
2792,1, 383,9
2810,2, 359,8
2823,0, 340,3
2845,2, 312,1
2806,3, 337,9
2793,2, 349,7
2781,0, 365,5
2750,8, 371,8
2756,6, 380,9
2727,9, 386,6
2718,2, 391,9
2713,1, 393,9
2654,7, 469,3
2617,8, 512,9
2607,8, 524,2
2589,1, 542,2
2595,9, 527,4
2586,3, 516,2
2570,0, 523,8
2580,8, 514,1
2628,6, 453,6
2611,3, 466,1
2625,9, 439,5
2631,2, 419,5
2576,2, 437,0
2424,9, 438,1
2105,1, 439,8
1986,9, 447,1
1875,9, 439,1
1850,1, 429,7
1614,0, 419,4
1571,0, 409,1
1551,4, 402,6
1554,4, 398,8
1555,5, 395,2
1556,4, 392,3
1555,1, 391,7
1551,3, 390,9
1557,8, 387,5
1556,8, 387,9
1553,3, 389,6
1560,0, 386,0
1558,5, 382,1
1557,0, 381,6
1551,8, 380,0
1550,0, 385,5
1551,2, 375,9
1545,5, 377,6
1545,1, 379,0
1547,1, 373,1
1546,0, 370,6
1545,6, 371,6
1545,6, 365,7
1540,9, 362,0
1542,2, 359,6
1542,8, 360,4
1543,7, 359,6
1545,4, 358,1
1544,5, 354,8
1543,3, 348,9
1529,1, 323,2
1538,4, 330,3
1518,6, 333,0
1449,6, 321,0
1095,3, 233,3
1150,7, 249,3
766,5, 173,1
236,7, 65,8
252,4, 63,5
242,6, 85,3
99,1, 135,2
-159,6, 104,8
-181,5, 93,4
-152,2, 99,1
-108,4, 112,0
-103,0, 108,2
-108,5, 106,4
-100,7, 112,7
-99,0, 108,0
-76,9, 54,0
-45,5, 82,1
-9,0, 106,5
-57,2, 114,5
-79,9, 228,2
-10,1, 259,9
-15,7, 240,2
-15,4, 226,9
0,9, 248,1
6,8, 258,9
17,3, 248,7
11,7, 254,3
-23,3, 234,8
-35,1, 221,8
-37,4, 218,4
-9,4, 227,1
16,5, 212,1
37,9, 254,7
268,0, 457,1
330,2, 513,5
575,5, 753,5
748,7, 913,9
807,6, 967,8
840,4, 985,8
1116,3, 1217,9
1124,1, 1232,2
1142,9, 1247,9
1133,9, 1251,5
1126,7, 1249,0
1114,1, 1243,1
1108,7, 1240,8
1124,2, 1232,9
1135,0, 1231,8
1197,6, 1247,3
1250,8, 1274,9
1277,0, 1287,2
1287,2, 1291,6
1309,6, 1300,4
1369,7, 1329,4
1379,4, 1337,8
1391,7, 1340,8
1226,3, 1244,6
1167,4, 1210,3
602,0, 896,6
566,4, 882,0
599,9, 903,1
377,1, 802,7
157,2, 743,9
162,0, 738,8
211,4, 756,5
214,3, 766,3
195,2, 760,4
209,1, 771,1
189,2, 760,2
218,1, 781,5
-19,8, 1013,1
-68,5, 1144,4
-72,5, 1197,9
-94,9, 1257,9
-86,9, 1254,2
-81,3, 1264,0
-88,9, 1291,7
-82,6, 1283,5
-50,2, 1288,8
-84,8, 1293,8
-83,2, 1290,2
-74,0, 1284,5
-28,2, 1296,7
-15,4, 1298,2
66,9, 1323,6
121,8, 1309,4
132,9, 1316,7
112,1, 1337,3
142,5, 1313,8
98,3, 1358,9
112,5, 1349,7
109,7, 1339,9
131,2, 1328,3
104,1, 1333,9
129,1, 1324,8
54,4, 1328,7
97,7, 1320,5
67,4, 1328,2
90,2, 1314,5
40,6, 1330,4
4,0, 1338,6
19,9, 1331,2
18,1, 1293,8
56,8, 1273,1
58,7, 1123,6
26,8, 1020,1
73,8, 960,6
18,2, 908,1
47,0, 910,5
75,8, 911,5
59,3, 918,5
76,3, 921,7
73,7, 922,3
103,6, 904,3
90,2, 902,3
103,8, 894,3
67,7, 897,6
102,4, 898,5
117,4, 910,1
51,3, 899,2
71,1, 900,1
61,4, 895,9
107,3, 902,3
91,2, 893,8
120,2, 901,5
125,1, 904,2
131,2, 910,8
90,6, 903,2
69,2, 891,2
91,1, 895,1
109,8, 894,4
149,2, 909,6
110,0, 900,8
153,2, 909,2
108,3, 897,2
140,4, 902,7
108,1, 892,9
56,8, 884,7
80,0, 890,9
12,1, 973,2
48,6, 967,5
39,0, 979,3
2,5, 992,6
63,1, 997,9
20,8, 998,7
64,7, 1002,0
74,7, 1002,2
130,0, 997,6
91,3, 996,4
125,7, 1005,6
76,7, 1004,8
120,1, 1006,8
77,6, 998,1
120,0, 1004,2
98,8, 996,2
34,3, 992,3
54,8, 994,4
37,4, 985,7
81,2, 988,2
66,7, 980,4
31,2, 967,5
79,0, 965,7
45,3, 957,8
94,6, 959,7
102,7, 954,3
135,2, 956,1
95,0, 943,3
135,7, 950,3
125,6, 942,1
187,1, 953,0
150,4, 952,1
201,8, 970,4
193,9, 961,9
467,4, 976,3
460,4, 976,6
463,5, 959,0
448,1, 932,6
400,4, 894,6
407,2, 895,0
455,5, 913,5
448,1, 904,0
490,9, 926,4
566,5, 964,6
580,7, 966,6
643,2, 977,7
673,9, 965,5
659,7, 963,0
651,9, 959,0
644,3, 956,2
640,9, 954,2
627,2, 952,4
629,2, 952,4
652,3, 964,8
703,3, 994,4
919,2, 1173,7
1122,9, 1336,8
1163,7, 1375,3
1398,9, 1618,5
1809,4, 2000,9
1923,7, 2072,4
2024,5, 2144,6
2052,4, 2153,4
2067,9, 2153,9
2129,7, 2171,6
2131,4, 2169,0
2126,4, 2167,4
2109,4, 2151,7
2114,0, 2157,9
2119,3, 2157,8
2120,9, 2154,5
2137,6, 2166,7
2142,6, 2168,3
2150,0, 2164,0
2165,1, 2178,5
2124,6, 1926,3
2076,3, 1467,3
2060,3, 1256,1
2036,6, 1064,4
2047,1, 976,0
2053,4, 932,3
2057,3, 908,7
2062,0, 909,6
2058,9, 910,6
2065,3, 909,3
2066,7, 906,3
2068,4, 903,7
2071,0, 898,6
2071,3, 899,5
2071,9, 899,1
2076,0, 890,0
2075,4, 883,5
2078,0, 893,9
2077,8, 892,0
2092,7, 884,6
2093,1, 888,5
2097,5, 887,8
2101,5, 882,0
2079,9, 883,5
2002,2, 884,2
1941,8, 885,4
1659,5, 916,9
1331,1, 919,7
1096,1, 923,4
1021,4, 930,3
1023,1, 932,7
1029,6, 938,8
1047,3, 946,4
1043,8, 942,7
1038,2, 947,0
1038,0, 943,3
1035,4, 939,8
1028,5, 933,2
1028,3, 932,4
1028,0, 930,0
1028,2, 928,9
1026,4, 926,6
1023,9, 922,9
1022,7, 920,3
1023,2, 920,4
1025,0, 916,7
1024,1, 918,6
1023,4, 920,6
1022,4, 918,6
1019,3, 921,0
1018,8, 920,9
1022,7, 914,2
1027,8, 913,9
1024,0, 909,9
1018,4, 909,4
1015,3, 910,0
953,0, 901,9
889,2, 893,6
656,3, 862,4
557,0, 848,2
533,4, 841,9
-29,7, 676,5
-58,8, 655,0
-78,2, 626,9
-81,6, 631,3
-168,3, 658,6
-186,4, 664,0
-160,2, 695,6
-144,0, 701,6
-133,1, 701,7
-144,7, 679,4
-136,6, 664,1
-88,9, 633,7
-75,4, 619,2
-70,4, 593,7
-61,5, 580,0
-143,6, 550,2
-168,7, 544,8
-176,9, 539,9
-186,8, 535,2
-172,4, 538,0
-183,0, 540,3
-175,0, 537,7
-159,9, 551,8
-153,0, 562,9
-150,7, 566,2
-167,3, 566,3
-11,3, 593,8
-96,6, 617,5
-73,8, 600,7
-124,0, 596,2
-202,5, 597,7
-141,0, 595,7
-201,7, 585,2
-194,0, 590,5
-119,2, 599,0
-39,3, 560,9
37,4, 589,7
478,1, 602,5
613,8, 600,1
737,0, 571,9
842,1, 544,4
1017,7, 508,8
1068,7, 478,6
1229,4, 409,4
1226,3, 400,0
1221,6, 377,7
1228,3, 373,5
1231,4, 371,9
1250,8, 357,8
1263,0, 380,0
1379,1, 147,4
1407,5, 100,4
1449,8, 24,9
1451,9, 23,6
1456,4, 22,3
1459,6, 11,6
1464,3, 9,6
1478,0, 7,8
1488,5, 5,8
1491,7, -4,7
1491,5, -12,2
1490,6, -16,2
1490,1, -21,6
1521,9, -37,2
1517,0, -27,7
1523,4, -31,7
1513,0, -32,1
1513,6, -15,1
1516,5, -8,1
1537,5, -8,4
1574,3, -25,4
1818,2, 44,2
1919,2, 72,2
1985,6, 82,7
2615,2, 119,4
2628,1, 132,1
2650,2, 141,0
2632,4, 161,7
2634,5, 151,2
2652,5, 163,7
2626,1, 172,2
2608,2, 184,9
2600,2, 190,6
2565,4, 201,1
2565,5, 193,6
2600,7, 185,3
2583,1, 201,8
2607,9, 191,1
2656,6, 169,4
2704,1, 149,6
2708,8, 144,2
2717,0, 138,0
2765,0, 107,0
2719,4, 128,9
2710,4, 131,1
2692,5, 149,5
2681,8, 159,9
2668,9, 177,9
2660,8, 183,9
2607,6, 247,9
2780,8, 289,5
2882,9, 320,0
2875,8, 343,8
2958,3, 399,9
2967,2, 414,2
2939,9, 443,4
2919,4, 422,8
2910,9, 484,0
2878,1, 538,2
2887,8, 539,5
2857,3, 546,8
2872,5, 547,0
2873,2, 590,4
2970,4, 570,8
2927,5, 581,3
2919,7, 585,0
2920,3, 577,9
2974,2, 515,5
2930,5, 542,1
2945,2, 491,3
2930,0, 503,0
2607,0, 614,1
2551,1, 632,1
2555,2, 618,2
2604,1, 563,7
2532,0, 610,1
2516,9, 628,0
2504,1, 639,0
2462,5, 678,9
2438,3, 651,6
2380,7, 658,0
-308,0, 95,8
-310,2, 110,5
-326,2, 104,0
-113,6, 288,9
-95,7, 299,8
-90,2, 313,2
-97,1, 306,3
-103,3, 313,1
-134,4, 282,7
-128,2, 291,1
-96,4, 314,3
-93,2, 315,0
641,9, -117,1
1888,3, -64,1
1902,8, -50,7
1874,0, -19,6
1855,4, -3,1
1839,6, 4,3
1809,5, -7,7
1821,6, -8,7
1819,7, -11,4
1836,5, -3,0
1852,5, 4,9
1865,1, 10,3
1861,2, 4,5
1860,1, 1,6
1858,1, 0,1
1865,1, 19,2
1880,8, 20,1
1859,1, 19,5
1878,2, 10,5
1874,9, -16,6
1874,7, -14,7
1877,5, -23,2
1875,7, -19,6
1878,2, -4,0
1870,1, 22,8
1865,9, 20,7
1834,9, 12,4
1877,2, 175,7
1855,4, 108,7
1865,9, 137,9
1938,0, 311,1
1933,7, 308,5
1933,2, 308,2
1925,6, 311,7
1924,0, 313,4
1923,8, 311,7
1925,2, 313,1
1949,5, 312,9
2014,6, 314,5
2082,1, 331,2
2540,4, 311,8
2448,8, 330,7
2561,2, 327,0
2628,5, 320,8
2689,7, 316,9
2690,0, 330,1
2691,8, 321,4
2690,9, 322,8
2688,9, 328,1
2705,7, 312,9
2707,5, 309,7
2714,6, 303,4
2736,1, 264,8
2741,5, 226,6
2745,4, 226,8
2865,0, 128,6
2911,1, 76,2
2915,3, 60,2
2888,4, 84,0
2899,0, 68,0
2845,7, 125,7
2819,0, 146,5
2805,5, 187,8
2808,4, 184,4
2809,6, 176,4
2790,8, 193,7
2781,5, 186,3
2769,2, 174,6
2753,5, 161,0
2743,8, 180,5
2732,8, 269,9
2725,5, 253,9
2358,9, 316,1
2075,4, 357,8
1978,7, 364,7
1905,8, 348,9
1873,2, 344,1
1816,5, 326,8
1826,9, 339,3
1671,7, 337,7
1644,9, 341,1
1558,9, 358,7
1545,6, 394,7
1491,3, 416,9
1464,5, 416,7
1451,8, 416,4
667,7, -38,9
726,7, -55,0
703,6, -49,8
701,7, -21,8
710,7, -29,6
713,7, -2,1
727,3, 30,8
746,2, 43,7
786,5, 66,1
857,9, 159,7
876,8, 159,8
888,0, 198,6
929,3, 219,1
934,5, 216,7
990,8, 225,6
984,9, 232,5
2022,7, 2121,0
2304,7, 2250,2
2278,6, 2246,6
2255,3, 2239,0
2247,5, 2231,0
2196,0, 2210,6
2235,1, 2226,7
2251,1, 2198,6
2231,1, 2218,0
2236,9, 2217,9
2274,6, 2229,8
2307,3, 2251,7
2344,9, 2285,4
2340,7, 2322,4
2395,3, 2552,2
2404,9, 2597,8
2417,4, 2638,6
2408,2, 2605,7
2399,1, 2516,8
2326,0, 2291,0
2721,6, 1280,3
3226,1, 276,2
3142,7, 251,7
3116,1, 258,3
3118,2, 276,7
3136,6, 297,5
3137,4, 298,3
3059,5, 354,0
2993,2, 432,2
2974,2, 450,7
2975,2, 437,3
2952,5, 453,0
2945,2, 466,0
2894,9, 501,9
2880,5, 538,9
2850,9, 549,9
2868,4, 545,8
2861,6, 565,8
2849,6, 566,9
2858,6, 563,9
2850,7, 569,0
2839,2, 567,0
2836,9, 575,4
2730,9, 593,6
2716,2, 606,1
2633,9, 652,8
2660,2, 631,8
2633,7, 640,6
2488,4, 713,4
2486,8, 707,3
2522,0, 671,5
2512,3, 676,4
2515,0, 672,8
2536,2, 650,5
2556,3, 633,1
2564,0, 624,5
2573,7, 604,2
2576,4, 596,5
2558,3, 600,7
2574,8, 559,1
2569,9, 569,8
2574,1, 551,9
2579,2, 541,8
2566,7, 548,9
2567,1, 545,3
2554,8, 538,1
2315,2, 538,4
2151,7, 538,0
1923,2, 523,8
1191,4, 441,8
670,1, 364,0
402,7, 331,9
376,8, 321,5
360,1, 320,3
385,8, 327,9
428,2, 368,3
462,8, 378,2
477,2, 384,5
487,4, 413,3
496,0, 425,1
526,1, 446,1
586,2, 440,1
571,0, 452,7
586,6, 468,5
607,5, 460,4
599,6, 472,6
576,5, 467,3
538,7, 483,9
465,2, 515,8
465,8, 515,1
15,4, 682,9
23,3, 689,5
23,3, 689,5
233,2, 573,9
234,8, 570,3
233,5, 566,7
232,8, 563,0
235,3, 548,9
135,5, 526,4
140,6, 533,8
49,0, 467,0
148,9, 508,4
246,1, 538,5
241,6, 533,7
238,7, 532,2
542,6, 345,1
593,7, 325,6
601,5, 333,6
596,6, 331,4
218,4, 485,1
375,5, 439,8
496,8, 480,4
581,9, 497,6
729,9, 554,1
686,7, 534,2
754,9, 550,6
775,2, 535,5
793,1, 518,0
809,4, 484,1
803,8, 470,5
807,2, 470,3
806,9, 466,1
840,7, 478,0
837,9, 476,0
775,2, 435,3
1466,8, 667,5
1738,6, 629,0
1717,8, 624,7
1702,2, 619,7
1701,3, 619,0
1703,4, 614,0
1715,0, 605,3
1713,9, 607,2
1712,0, 613,1
1716,2, 605,4
1744,9, 565,5
1775,0, 527,3
1853,3, 539,2
1946,5, 539,4
2333,9, 555,9
2406,6, 584,0
2447,6, 600,4
2628,4, 649,2
2645,5, 629,2
2669,0, 689,5
2677,8, 681,4
2709,1, 660,1
2714,6, 656,6
2710,2, 663,9
2736,9, 651,5
2729,1, 664,2
2746,9, 639,0
2752,7, 629,5
2751,3, 628,4
2733,1, 635,6
2734,0, 620,1
2737,9, 621,7
2758,5, 634,3
2758,4, 637,6
2762,5, 655,0
2762,9, 656,4
2756,0, 666,6
2754,0, 670,3
2758,1, 670,9
2758,5, 667,4
2758,7, 666,8
2726,4, 705,1
2696,5, 737,2
2561,9, 874,6
2551,0, 884,0
2559,1, 873,9
2482,6, 949,6
2481,5, 959,7
2471,3, 974,5
2468,2, 972,6
2456,3, 1001,1
2455,2, 1005,4
2456,0, 1003,7
2457,0, 1003,5
2454,6, 1006,8
2442,3, 1000,8
2380,8, 1023,9
2304,3, 1053,3
2264,8, 1063,8
2238,4, 1062,9
2198,0, 1071,1
2145,6, 1064,1
2143,1, 1057,5
2104,8, 1033,5
2097,1, 1030,0
2097,9, 1029,6
2075,9, 1026,3
2077,2, 1027,8
2077,5, 1027,2
2089,2, 1012,6
2088,9, 1016,8
2084,7, 1016,1
2087,7, 1009,5
2088,1, 1008,4
2088,2, 1008,2
2082,3, 1006,7
2080,0, 1002,9
2075,3, 1003,1
2065,8, 1010,8
2064,8, 1013,8
1389,1, 1082,1
861,1, 1153,4
677,5, 1151,3
569,3, 1169,9
426,8, 1224,9
90,9, 1270,7
-43,6, 1286,1
-41,7, 1285,6
-47,9, 1277,5
-292,9, 1202,9
-202,2, 1228,4
-251,3, 1205,6
-188,4, 1179,6
-185,5, 1179,2
-112,4, 1204,9
-113,7, 1186,5
-113,6, 1185,1
-124,3, 1187,4
-113,3, 1193,0
-100,9, 1195,3
-81,3, 1187,8
-107,4, 1178,9
-128,4, 1171,5
-151,8, 1154,2
-195,1, 1119,1
-195,7, 1120,6
-302,3, 1047,5
-302,3, 1047,5
-47,4, 1104,5
54,8, 1066,0
8,8, 1067,5
5,3, 1066,1
6,5, 1057,8
31,3, 1050,0
24,6, 1025,7
48,9, 996,5
95,3, 985,5
73,4, 955,8
106,7, 963,7
97,8, 953,1
104,1, 946,4
37,5, 931,0
15,6, 920,0
29,3, 923,9
22,2, 901,7
69,8, 910,4
100,3, 917,0
26,0, 897,7
47,1, 901,9
22,6, 887,6
66,8, 899,9
55,6, 895,6
26,0, 890,1
25,5, 893,5
55,1, 926,6
82,4, 930,7
82,1, 930,7
725,2, 1111,7
813,6, 1148,7
849,9, 1161,4
921,9, 1183,5
1009,4, 1209,9
1092,8, 1237,6
1121,7, 1232,2
1108,6, 1223,8
1107,3, 1224,6
1103,4, 1218,7
1104,9, 1210,4
1103,0, 1210,4
1106,1, 1211,0
1129,7, 1215,0
1124,3, 1218,5
1154,0, 1221,9
1363,2, 1252,3
1412,4, 1265,8
1470,5, 1291,5
1492,5, 1311,5
1492,4, 1307,3
1475,0, 1272,8
1501,5, 1256,3
1548,7, 1258,0
1590,6, 1278,7
1678,6, 1296,2
1696,5, 1300,2
1769,3, 1281,1
1808,3, 1272,5
1859,4, 1296,3
1853,0, 1317,1
1850,2, 1318,1
1858,9, 1311,2
1861,8, 1313,4
1870,9, 1310,1
1881,2, 1320,3
1880,4, 1316,6
1888,4, 1319,5
1900,8, 1327,4
1907,5, 1320,5
1901,9, 1320,5
1927,8, 1321,4
2021,2, 1314,9
2088,6, 1308,6
2093,0, 1308,9
2125,9, 1289,4
2119,8, 1303,6
2128,3, 1297,4
2130,0, 1303,1
2143,2, 1315,2
2140,9, 1318,4
2139,3, 1322,2
2120,4, 1328,3
2028,2, 1359,4
1928,1, 1374,0
1854,1, 1384,2
1849,4, 1384,9
1777,9, 1394,4
1754,5, 1400,1
1718,9, 1412,1
1711,3, 1417,9
1707,9, 1415,4
1715,6, 1421,6
1728,5, 1416,3
1731,9, 1414,7
1734,0, 1405,8
1734,7, 1412,4
1731,2, 1420,3
1726,0, 1417,2
1715,8, 1409,1
1700,8, 1401,8
1681,2, 1385,7
1688,2, 1396,6
1686,8, 1401,6
1680,2, 1389,0
1667,9, 1385,0
1668,7, 1384,5
1676,6, 1358,1
1677,3, 1358,1
1696,1, 1382,5
1691,9, 1371,2
1700,1, 1384,8
1707,5, 1402,7
1706,1, 1405,2
1702,3, 1403,0
1700,4, 1409,2
1699,9, 1404,3
1694,9, 1409,9
1692,3, 1409,3
1690,4, 1410,3
1690,4, 1410,2
1693,7, 1415,5
1693,9, 1407,2
1694,8, 1403,4
1694,7, 1405,0
1688,5, 1402,9
1693,9, 1378,4
1692,3, 1377,3
1666,8, 1375,6
1609,5, 1362,2
1523,0, 1349,7
1296,4, 1313,0
928,7, 1240,7
783,3, 1219,0
518,0, 1190,5
455,1, 1174,7
336,4, 1150,0
245,5, 1081,2
187,2, 1099,8
71,4, 1037,3
-10,5, 991,0
-61,6, 1012,1
-259,8, 1053,9
-285,2, 1073,5
-270,3, 1078,9
-175,7, 1121,9
-156,7, 1119,1
-143,3, 1117,5
-104,1, 1107,7
-106,8, 1111,6
-126,5, 1120,3
-81,5, 1124,0
12,9, 1146,6
-108,0, 1113,2
-99,9, 1112,7
-100,8, 1111,7
-104,3, 1099,1
-101,4, 1098,6
-55,1, 1107,6
-36,2, 1117,9
-3,3, 1127,6
9,5, 1132,5
54,2, 1151,7
33,5, 1142,9
61,0, 1143,4
36,5, 1139,4
71,6, 1146,2
58,3, 1143,6
104,5, 1152,8
100,8, 1153,5
23,3, 1148,4
36,6, 1151,4
27,4, 1152,0
64,5, 1166,6
46,0, 1170,5
-7,5, 1169,5
22,9, 1177,0
96,3, 1194,2
108,1, 1196,0
119,1, 1189,2
102,5, 1190,9
89,9, 1189,8
-3,0, 1181,8
-30,4, 1174,0
-2,2, 1173,3
16,2, 1170,2
48,5, 1185,8
5,6, 1179,0
19,3, 1181,8
45,7, 1187,6
0,2, 1172,8
49,4, 1180,8
29,6, 1170,3
-14,9, 1155,7
35,2, 1173,7
-23,4, 1154,5
9,6, 1153,8
73,2, 1070,6
106,4, 1061,1
120,7, 996,3
188,0, 954,7
206,3, 903,7
222,4, 898,4
189,9, 881,4
213,0, 885,9
188,2, 873,9
141,9, 834,9
153,2, 836,3
145,8, 834,6
179,7, 840,9
166,9, 827,9
134,7, 813,6
167,2, 823,8
103,4, 801,2
138,1, 812,8
119,2, 806,8
149,5, 812,3
127,6, 806,0
165,4, 805,1
126,2, 791,9
163,9, 803,5
141,4, 798,5
183,4, 800,3
180,8, 794,3
95,1, 781,7
115,8, 787,0
105,2, 789,8
154,9, 793,3
144,1, 790,8
109,2, 780,3
156,5, 788,1
204,3, 805,0
250,7, 809,9
395,4, 859,9
702,8, 970,2
773,8, 1002,2
798,4, 1014,0
1050,0, 1107,4
1059,6, 1111,2
1105,6, 1134,2
1114,2, 1134,4
1113,6, 1134,4
1114,6, 1124,7
1112,5, 1119,9
1108,3, 1109,6
1099,1, 1081,9
1099,9, 1080,6
1132,5, 1089,1
1137,2, 1090,9
1142,7, 1094,8
1163,4, 1099,0
1168,0, 1092,5
1171,5, 1095,4
1189,7, 1093,5
1205,4, 1093,6
1232,4, 1084,1
1240,2, 1085,7
1243,3, 1088,7
1238,1, 1091,9
1239,6, 1084,9
1240,0, 1088,4
1236,7, 1084,7
1242,2, 1087,4
1252,6, 1082,9
1260,7, 1083,4
1271,8, 1082,6
1271,2, 1078,3
1259,0, 1075,4
1312,5, 1095,6
1386,8, 1172,7
1423,6, 1226,5
1464,9, 1287,6
1505,9, 1348,2
1531,0, 1389,9
1533,0, 1390,8
1539,9, 1390,6
1539,4, 1389,9
1549,7, 1383,3
1553,2, 1378,1
1556,5, 1375,7
1563,5, 1389,8
1553,9, 1402,8
1550,6, 1383,9
1585,9, 1359,7
1638,4, 1384,2
1655,9, 1387,6
1677,5, 1395,7
1679,6, 1394,9
1684,8, 1390,3
1686,0, 1380,6
1685,8, 1362,3
1675,2, 1366,7
1686,0, 1367,0
1692,1, 1368,0
1699,4, 1371,6
1715,8, 1376,7
1723,3, 1378,4
1684,3, 1368,1
1611,3, 1348,1
1509,3, 1272,3
1389,4, 1215,4
1376,4, 1209,7
1344,9, 1191,5
1343,4, 1187,5
1350,6, 1193,2
1364,0, 1199,3
1365,7, 1198,7
1012,3, 1188,5
939,3, 1187,0
530,1, 1179,5
252,6, 1171,6
193,1, 1169,6
118,5, 1171,3
119,7, 1173,6
153,5, 1182,0
183,1, 1190,4
144,8, 1196,6
166,0, 1204,5
227,7, 1224,2
232,2, 1226,5
229,0, 1224,4
154,5, 1230,1
194,7, 1154,1
22,9, 1302,4
16,5, 1303,2
34,6, 1290,2
112,8, 1222,1
85,0, 1318,9
116,1, 1302,7
77,2, 1344,1
98,3, 1350,5
69,6, 1366,1
77,1, 1364,1
70,3, 1368,9
139,8, 1351,4
138,9, 1352,6
138,4, 1353,8
147,4, 1350,3
152,3, 1355,0
163,9, 1355,7
181,9, 1346,6
184,7, 1341,1
210,3, 1328,1
232,6, 1313,6
239,5, 1308,6
246,8, 1295,9
223,5, 1294,2
225,4, 1282,6
227,2, 1266,2
229,3, 1254,6
228,3, 1239,9
227,5, 1231,9
232,2, 1221,8
244,4, 1189,1
248,3, 1173,6
240,8, 1180,7
241,1, 1187,0
209,6, 1217,3
182,8, 1207,2
184,6, 1193,0
168,7, 1168,4
160,1, 1179,5
160,5, 1171,8
158,0, 1170,4
145,5, 1180,2
142,6, 1176,5
157,1, 1187,2
158,6, 1179,9
160,7, 1176,2
162,2, 1172,6
182,4, 1186,5
201,3, 1179,8
228,3, 1207,9
239,8, 1184,9
241,1, 1193,9
208,4, 1175,3
203,1, 1177,7
184,7, 1198,1
183,9, 1190,0
157,5, 1199,9
146,7, 1186,9
139,2, 1189,9
139,1, 1184,2
130,8, 1188,8
140,1, 1189,9
196,8, 1189,2
272,3, 1190,0
447,9, 1161,5
522,0, 1149,1
536,9, 1150,5
654,8, 1166,7
677,1, 1158,7
717,5, 1153,0
684,6, 1143,8
730,5, 1140,0
750,2, 1129,4
757,4, 1127,5
843,7, 1116,1
1824,0, 889,6
1814,8, 867,6
1825,0, 853,7
1826,2, 862,2
1830,6, 870,3
1837,7, 918,0
2828,3, 785,6
2810,4, 853,8
2803,7, 830,4
2770,2, 834,3
2773,6, 818,7
2778,1, 813,7
2777,2, 811,1
2772,9, 817,2
2867,3, 730,6
2855,2, 742,2
2841,5, 758,1
2820,3, 779,8
2860,8, 740,5
2866,6, 731,8
2837,1, 737,0
2868,2, 712,4
2954,9, 637,8
2912,9, 674,7
2944,0, 648,7
2950,3, 638,6
2940,6, 631,2
2774,8, 664,4
2675,2, 685,7
2619,9, 699,4
2490,1, 728,4
2360,0, 780,0
2066,1, 940,0
1618,3, 1120,6
1576,1, 1135,9
1573,9, 1132,2
1491,0, 1157,5
1430,2, 1174,1
1431,6, 1166,7
1444,5, 1167,0
1355,1, 1172,6
-166,4, 714,9
-179,1, 734,6
-183,0, 731,0
-184,1, 729,1
-183,9, 728,9
-97,4, 758,2
-188,1, 606,8
-165,7, 561,5
-147,9, 552,5
-123,8, 545,6
-120,1, 533,1
-105,5, 538,3
-66,7, 566,5
-72,0, 560,7
41,0, 638,7
87,9, 669,6
122,3, 692,7
143,9, 704,3
137,7, 698,9
197,8, 714,9
224,2, 726,4
228,0, 720,8
226,5, 712,0
245,1, 692,8
253,7, 691,5
261,0, 689,3
350,9, 734,7
361,6, 737,4
372,6, 730,1
380,8, 724,9
384,4, 715,9
383,6, 713,2
362,8, 748,6
360,0, 754,5
359,5, 758,7
346,7, 755,2
346,2, 754,8
356,4, 740,8
354,0, 758,1
335,0, 741,7
339,9, 726,3
325,1, 726,3
331,1, 728,3
321,9, 723,5
324,2, 704,2
325,0, 714,6
336,0, 729,9
333,9, 722,8
331,2, 716,3
338,9, 712,5
345,1, 705,2
328,0, 705,3
327,2, 704,9
322,1, 702,9
325,8, 697,1
334,1, 700,9
335,3, 700,3
332,6, 700,6
326,4, 690,1
333,9, 687,3
334,5, 679,1
341,2, 671,7
344,1, 670,0
404,4, 613,4
410,7, 605,9
563,8, 219,4
511,3, 418,5
131,1, 73,3
181,2, 95,0
396,8, 282,7
272,0, 165,3
281,6, 177,7
526,2, 374,9
511,3, 377,2
476,5, 332,6
476,7, 331,1
440,2, 295,5
463,0, 318,8
462,4, 320,7
455,5, 321,1
434,5, 284,7
400,9, 246,6
342,6, 216,3
336,1, 212,6
263,4, 393,3
222,2, 366,4
219,6, 369,3
232,7, 419,7
232,6, 485,5
250,3, 516,5
259,1, 632,7
263,1, 635,8
276,0, 623,0
275,0, 631,6
268,5, 631,6
273,4, 643,8
265,0, 646,3
271,7, 649,7
261,2, 649,4
267,4, 650,7
291,4, 657,1
320,5, 660,0
290,4, 649,6
294,1, 648,0
278,1, 643,6
274,5, 643,5
291,8, 663,2
282,6, 652,6
281,1, 635,6
281,8, 644,4
243,3, 615,0
258,1, 622,1
258,3, 614,7
236,9, 605,5
263,0, 607,3
258,5, 605,5
257,8, 602,4
239,9, 596,1
236,2, 591,1
246,1, 592,4
220,8, 581,9
227,6, 583,2
269,2, 597,0
249,8, 591,4
244,1, 596,6
245,0, 598,9
234,7, 593,9
241,7, 593,9
224,8, 586,7
216,3, 585,6
244,3, 589,6
239,9, 587,8
232,8, 585,3
252,0, 594,9
257,8, 596,5
259,2, 595,2
250,2, 592,4
238,5, 588,7
262,6, 589,8
253,0, 582,2
254,0, 582,8
277,3, 593,9
265,1, 591,1
266,3, 594,0
245,4, 587,1
223,9, 562,6
258,7, 568,6
256,7, 564,6
265,1, 569,8
247,1, 570,2
206,4, 553,7
234,5, 558,3
212,3, 565,6
244,3, 566,4
238,5, 562,8
271,8, 570,2
245,1, 574,5
279,4, 585,3
258,4, 581,9
285,8, 582,1
257,6, 572,5
294,7, 584,4
268,5, 576,2
231,9, 568,3
246,8, 571,6
234,4, 536,6
151,8, 469,4
59,6, 353,4
136,8, 371,9
147,8, 377,9
73,8, 389,3
197,0, 457,4
165,3, 441,2
191,3, 441,9
48,2, 369,4
-9,2, 408,7
211,8, 472,6
348,2, 497,4
316,8, 484,0
49,6, 332,1
322,8, 457,2
304,6, 447,5
306,1, 454,2
182,7, 395,5
193,7, 422,0
107,2, 358,0
41,2, 295,1
-123,5, 132,3
-79,7, 202,0
-65,6, 215,8
475,0, 237,7
265,8, 216,5
-82,5, 169,7
-73,6, 170,8
-52,0, 199,0
-43,6, 216,2
-37,5, 218,6
-55,5, 204,7
-78,2, 185,9
-59,7, 197,6
-79,6, 172,8
-107,7, 156,4
-95,1, 158,9
-132,2, 198,8
21,6, 326,4
42,1, 459,6
70,8, 483,1
87,4, 494,2
109,2, 538,5
120,1, 513,6
153,7, 577,7
247,0, 627,1
357,8, 667,5
475,1, 745,4
438,0, 784,2
487,9, 782,7
496,6, 782,2
479,6, 804,9
470,9, 817,2
466,3, 823,2
469,3, 823,4
458,1, 839,6
458,8, 837,5
464,8, 827,1
467,6, 797,6
462,2, 782,2
472,3, 777,6
442,3, 791,6
449,5, 807,2
445,3, 909,7
483,9, 1047,1
486,1, 1071,8
510,4, 1145,0
558,6, 1166,7
538,1, 1165,6
535,2, 1167,3
598,7, 1173,1
600,0, 1173,2
624,7, 1176,4
590,5, 1175,3
579,1, 1169,5
545,3, 1160,9
476,9, 1146,5
457,7, 1134,3
444,6, 1123,6
389,1, 1115,0
390,0, 1106,9
371,4, 1109,4
385,8, 1108,3
380,6, 1108,2
337,3, 1105,0
354,3, 1104,6
360,9, 1102,4
341,5, 1102,3
351,7, 1097,6
329,2, 1094,4
337,3, 1094,0
332,9, 1091,1
307,6, 1087,9
322,1, 1092,3
310,4, 1094,0
314,9, 1091,4
290,8, 1094,2
351,5, 1048,4
385,0, 915,4
357,8, 994,7
359,9, 983,2
330,8, 1023,9
355,4, 953,0
440,5, 730,0
464,5, 665,6
389,3, 854,0
368,6, 907,9
409,0, 806,8
400,9, 825,3
368,0, 905,9
332,8, 1008,7
294,5, 1109,5
293,8, 1110,3
275,2, 1106,3
272,8, 1105,5
272,0, 1114,8
271,1, 1110,6
282,8, 1129,5
282,8, 1129,2
303,5, 1105,0
-29,8, 1078,0
23,8, 1080,9
27,8, 1091,9
3,8, 1116,9
113,6, 1146,8
446,7, 1242,6
552,8, 1288,4
658,3, 1297,0
673,9, 1299,3
682,3, 1294,1
657,6, 1289,2
418,7, 1189,4
341,8, 1151,4
257,8, 1120,5
242,0, 1102,4
196,4, 1082,6
218,1, 1078,8
210,5, 1042,1
142,0, 968,8
158,6, 971,1
141,9, 960,5
174,6, 966,5
140,8, 944,1
167,6, 938,8
118,6, 788,8
-90,5, 718,2
-122,7, 706,4
-88,1, 692,3
-17,7, 689,1
3,3, 686,6
49,7, 716,4
23,2, 724,6
191,9, 800,5
173,1, 810,6
214,5, 834,9
218,7, 834,7
306,7, 865,6
340,3, 870,7
337,6, 870,0
327,1, 874,6
256,4, 852,3
281,6, 854,6
342,6, 862,2
324,7, 858,2
364,9, 854,3
210,9, 831,6
228,0, 823,9
272,7, 827,8
223,6, 811,5
276,1, 810,4
253,1, 806,2
268,3, 815,9
59,9, 794,4
51,0, 797,1
92,6, 806,7
240,0, 826,3
360,9, 835,9
758,2, 857,5
1065,3, 834,5
1227,0, 840,8
1624,5, 810,0
1671,6, 810,4
1823,2, 805,6
1933,7, 818,5
2841,6, 574,7
2839,6, 559,3
2839,1, 547,4
2838,6, 550,7
2838,3, 551,5
2842,1, 555,8
2838,8, 554,1
2842,7, 556,5
2842,1, 556,1
2555,5, 660,8
2516,7, 672,6
2462,4, 692,1
2458,6, 697,2
2439,8, 714,4
2442,7, 738,7
2442,4, 732,0
2437,9, 717,2
2422,6, 661,0
2115,9, 630,5
1960,6, 623,7
17,0, 681,0
9,5, 672,3
1451,4, 580,0
1088,2, 490,7
940,1, 576,9
-27,0, 657,7
-31,1, 667,8
85,9, 689,6
211,4, 653,3
162,7, 653,7
192,3, 659,0
139,4, 651,7
155,3, 657,9
124,5, 651,9
175,6, 672,3
170,6, 683,3
242,4, 601,0
259,9, 608,6
370,8, 530,1
366,5, 570,6
346,1, 745,9
362,0, 739,6
257,7, 743,8
336,6, 763,6
311,4, 755,9
343,7, 768,2
289,2, 754,7
352,2, 764,1
326,2, 759,3
362,4, 762,1
314,0, 749,3
356,7, 751,5
300,4, 747,6
347,6, 755,0
300,6, 745,0
362,6, 756,9
317,4, 743,5
344,1, 745,2
296,4, 739,0
331,0, 629,2
358,9, 645,9
312,7, 687,3
326,7, 746,9
272,9, 740,6
263,4, 738,1
301,9, 745,9
235,6, 736,6
260,6, 739,9
238,9, 732,5
238,5, 726,3
215,1, 720,2
197,2, 713,0
184,1, 712,7
306,6, 751,6
354,8, 720,4
354,8, 720,4
354,8, 720,4
353,8, 720,4
346,0, 710,9
346,9, 711,7
336,7, 720,2
326,2, 733,4
324,5, 728,2
344,0, 712,5
338,6, 714,0
297,7, 741,6
163,0, 680,5
230,4, 715,3
282,3, 734,7
302,0, 738,0
729,2, 853,4
585,2, 814,5
454,5, 780,8
702,5, 896,8
776,6, 936,6
1035,9, 1077,6
1358,0, 1253,2
1623,5, 1393,3
1602,3, 1379,9
1668,8, 1401,1
1679,6, 1390,4
1672,4, 1390,4
1668,9, 1395,1
1664,3, 1380,4
1669,0, 1376,7
1674,4, 1376,8
1708,9, 1341,7
1711,2, 1339,2
1735,5, 1359,8
1725,3, 1369,3
1730,2, 1366,0
1733,2, 1383,7
1714,3, 1400,4
1709,8, 1395,7
1710,3, 1390,0
1717,6, 1392,7
1715,2, 1391,4
1722,7, 1391,3
1728,9, 1409,4
1735,3, 1422,2
1736,8, 1423,0
1743,9, 1428,7
1752,7, 1433,5
1757,8, 1436,3
1746,2, 1432,7
1721,4, 1424,6
1720,0, 1416,3
1723,0, 1420,4
1725,3, 1421,0
1723,3, 1410,9
1728,1, 1416,1
1735,7, 1419,0
1722,4, 1387,5
1719,4, 1386,8
1597,4, 1327,0
783,7, 969,1
709,0, 936,6
379,1, 827,3
444,8, 846,7
501,3, 867,0
272,8, 807,4
135,2, 772,5
161,5, 784,3
190,0, 798,2
193,2, 803,4
211,3, 822,9
219,1, 834,4
244,1, 851,3
325,5, 888,7
346,7, 888,0
353,2, 878,1
330,7, 888,9
337,9, 886,3
353,0, 882,3
363,3, 886,7
376,8, 887,6
369,8, 887,3
352,3, 895,4
359,8, 897,0
343,4, 897,7
335,1, 899,8
335,3, 895,5
340,0, 894,6
321,6, 918,0
325,3, 917,8
314,4, 918,8
225,4, 969,8
168,6, 988,5
176,5, 975,4
143,1, 1004,6
172,5, 1014,0
136,8, 1012,2
127,0, 982,1
117,7, 974,0
45,9, 980,9
62,9, 977,4
56,0, 985,3
93,1, 973,0
86,3, 968,0
60,4, 969,3
86,6, 971,1
40,7, 983,7
72,8, 976,7
62,0, 981,0
87,6, 981,0
58,6, 1107,6
73,9, 1153,0
72,3, 1174,2
112,0, 1215,8
84,8, 1239,9
106,0, 1233,2
88,4, 1236,4
41,6, 1233,3
46,3, 1229,3
50,9, 1218,5
32,8, 1223,8
41,4, 1218,8
30,0, 1218,3
21,2, 1200,4
68,1, 1190,9
54,7, 1142,8
72,0, 1154,9
78,3, 1156,0
100,2, 1158,6
92,9, 1152,6
113,4, 1141,1
93,9, 1144,2
112,0, 1140,2
76,3, 1147,0
84,5, 1144,9
79,5, 1148,9
58,8, 1143,5
76,4, 1143,3
44,8, 1111,3
76,1, 1110,9
63,6, 1092,8
35,5, 1069,3
70,6, 1056,6
36,0, 1047,1
65,6, 1045,2
74,6, 1035,9
112,1, 1033,9
89,2, 1028,4
118,7, 1014,7
87,8, 1010,9
109,2, 1009,8
80,8, 1029,5
95,0, 1027,1
79,4, 1043,8
59,6, 1049,7
79,8, 1047,8
62,5, 1060,7
92,5, 1055,5
72,9, 1061,1
43,2, 1068,5
77,8, 1067,3
50,1, 1073,1
79,1, 1069,1
71,3, 1073,5
89,5, 1069,7
20,8, 1067,6
114,9, 1036,5
112,7, 1035,7
130,0, 1032,2
188,5, 1013,8
219,5, 1001,6
267,2, 1000,3
226,5, 1001,4
253,7, 996,2
248,1, 992,0
215,8, 976,7
232,9, 975,3
201,3, 952,1
212,6, 944,7
204,6, 944,2
198,8, 920,7
198,1, 892,9
133,5, 775,8
6,8, 601,5
-23,0, 415,2
25,9, 436,0
9,4, 424,3
-41,8, 398,5
-49,0, 391,5
-51,1, 365,0
-46,9, 371,0
-27,1, 387,6
-38,4, 374,4
158,2, 245,3
243,8, 211,1
243,8, 211,1
163,8, 104,0
208,3, 77,6
203,7, 94,1
199,7, 136,3
237,1, 187,7
238,7, 189,8
315,2, 273,9
394,5, 319,9
162,4, 545,5
143,2, 518,4
151,1, 527,1
158,0, 534,8
228,3, 538,8
222,5, 509,9
408,2, 552,5
350,6, 541,4
395,0, 548,0
395,9, 535,8
289,1, 534,6
93,9, 628,1
146,8, 635,5
140,9, 626,4
212,3, 635,9
233,6, 601,4
169,8, 594,2
201,1, 583,5
211,4, 579,8
152,1, 586,2
151,0, 586,4
207,1, 593,4
153,1, 610,3
203,7, 608,0
208,0, 609,2
259,1, 642,3
223,4, 657,0
187,2, 660,9
187,2, 660,9
176,8, 666,8
176,8, 664,3
171,5, 643,9
169,9, 648,0
167,2, 658,1
166,4, 658,6
332,4, 625,9
307,3, 631,0
308,3, 627,3
279,8, 622,0
279,9, 621,7
269,6, 616,6
155,6, 523,9
265,3, 598,5
252,9, 588,3
300,4, 550,7
213,5, 507,3
225,0, 480,8
149,5, 438,5
108,6, 351,1
196,4, 324,4
160,9, 300,9
123,2, 276,6
17,5, 230,5
9,8, 222,8
9,8, 222,8
11,9, 231,3
-53,3, 209,3
-39,0, 200,4
-33,0, 206,9
-89,0, 134,6
666,4, 737,3
701,0, 747,0
766,8, 770,3
777,2, 778,5
778,0, 780,2
780,9, 800,8
792,4, 793,6
785,3, 788,5
770,3, 774,8
684,0, 725,4
711,5, 744,4
688,9, 742,1
686,8, 726,9
701,7, 711,9
699,1, 714,7
704,7, 699,5
702,5, 702,8
701,6, 713,4
724,3, 738,6
737,9, 750,3
770,6, 774,2
787,4, 787,1
802,0, 795,9
820,4, 809,1
833,3, 821,3
820,7, 824,6
818,3, 824,2
813,1, 820,9
828,2, 829,6
831,9, 831,5
844,3, 832,7
863,5, 840,5
866,4, 842,6
951,1, 906,9
1211,3, 1111,8
1230,5, 1136,4
1231,0, 1143,6
1239,1, 1155,7
1241,1, 1159,3
1266,6, 1180,4
1271,4, 1184,2
1271,6, 1184,8
1294,5, 1192,6
1315,1, 1189,2
1306,8, 1186,1
1299,8, 1185,1
1310,9, 1196,8
1306,3, 1193,8
1274,4, 1184,1
1286,3, 1188,6
1284,7, 1188,9
1258,4, 1177,0
1261,6, 1185,0
1262,6, 1187,2
1264,0, 1186,5
1264,8, 1186,1
1262,8, 1182,4
1253,4, 1172,9
1254,5, 1169,9
1250,4, 1164,9
1251,4, 1166,2
1252,4, 1168,6
1258,1, 1171,4
1259,2, 1171,7
1259,6, 1173,9
1231,4, 1163,4
1230,1, 1163,7
1229,9, 1163,6
1231,6, 1158,2
1235,9, 1150,4
1238,7, 1153,6
1234,4, 1148,6
1236,1, 1144,1
1239,0, 1152,2
1240,3, 1154,5
1239,7, 1150,8
1237,8, 1143,4
1232,4, 1139,5
1229,6, 1139,0
1235,0, 1137,0
1163,5, 1119,2
912,1, 1036,1
330,9, 836,7
394,4, 853,7
-187,2, 634,0
-135,3, 651,8
-232,3, 644,6
-124,9, 642,9
-104,2, 648,0
-56,6, 658,9
2,3, 664,4
-0,3, 656,8
-9,8, 653,2
-34,8, 650,1
-7,5, 658,9
-36,2, 654,2
-75,0, 638,5
-94,6, 627,2
-101,5, 635,3
-110,5, 613,8
53,5, 739,4
192,6, 779,6
197,1, 792,5
203,4, 805,3
146,5, 827,1
152,6, 828,2
135,1, 835,3
173,0, 850,5
199,8, 862,3
199,4, 856,9
234,1, 865,6
226,8, 871,0
211,5, 868,0
179,9, 857,2
186,8, 857,8
103,8, 821,6
122,9, 813,7
14,7, 720,6
6,1, 712,3
55,2, 726,7
16,9, 711,6
18,7, 720,9
106,8, 754,3
18,7, 747,0
39,3, 738,0
77,5, 747,9
183,4, 746,9
234,6, 745,5
224,4, 742,9
192,6, 736,3
64,9, 720,1
118,2, 726,0
125,2, 733,5
70,6, 732,9
76,7, 727,2
76,8, 727,1
86,6, 688,0
152,8, 678,5
44,8, 652,3
-46,0, 631,7
-36,1, 637,8
234,0, 624,0
142,4, 626,2
203,6, 615,6
155,1, 616,6
203,2, 610,6
214,0, 611,7
224,6, 613,9
278,6, 625,9
374,5, 628,8
480,3, 636,8
498,9, 619,1
636,1, 686,8
613,3, 615,6
628,2, 611,9
635,2, 621,8
665,3, 632,3
622,9, 609,9
611,0, 603,1
743,2, 709,0
748,9, 709,6
834,5, 794,4
1136,5, 1067,1
1155,8, 1084,7
1191,1, 1117,1
1353,7, 1266,9
1347,7, 1269,5
1328,8, 1266,0
1337,8, 1284,0
1339,6, 1287,6
1368,0, 1297,0
1364,8, 1296,6
1409,6, 1362,1
1407,7, 1365,0
1420,9, 1376,4
1437,0, 1395,3
1449,2, 1397,9
1455,4, 1397,0
1450,1, 1391,7
1452,1, 1391,8
1459,0, 1387,2
1456,7, 1388,3
1455,2, 1386,1
1453,1, 1384,3
1471,7, 1379,3
1466,6, 1382,2
1489,4, 1384,5
1601,9, 1396,8
1602,5, 1394,6
1628,2, 1396,3
1650,1, 1413,2
1667,5, 1406,7
1679,7, 1383,5
1667,7, 1402,5
1666,4, 1408,2
1668,6, 1406,1
1670,7, 1410,6
1672,0, 1411,5
1671,2, 1411,1
1667,3, 1398,7
1666,3, 1395,5
1669,4, 1392,3
1668,7, 1389,0
1673,0, 1390,5
1677,7, 1393,5
1693,3, 1399,2
1671,0, 1381,1
1680,0, 1386,4
1674,8, 1385,9
1677,9, 1389,1
1687,3, 1391,5
1717,8, 1408,4
1717,7, 1408,6
1715,3, 1408,5
1718,7, 1407,5
1722,4, 1407,2
1721,0, 1405,1
1718,0, 1401,5
1719,2, 1402,7
1708,7, 1401,9
1712,1, 1401,3
1717,4, 1402,5
1713,4, 1400,6
1704,5, 1394,2
1713,3, 1398,3
1701,6, 1399,2
1702,9, 1398,4
1696,6, 1399,8
1676,7, 1390,5
1630,7, 1375,8
1519,1, 1332,7
1314,8, 1237,9
1194,6, 1176,2
770,2, 961,0
354,0, 778,1
293,9, 746,5
368,8, 778,2
130,7, 669,1
54,2, 637,4
44,2, 648,9
58,3, 642,7
96,0, 675,7
214,3, 763,3
253,9, 776,9
271,3, 783,4
267,7, 780,4
321,3, 802,5
334,4, 820,5
348,4, 822,4
323,5, 812,1
96,7, 664,6
96,1, 603,6
79,2, 554,1
78,5, 551,4
70,0, 535,3
69,7, 522,6
93,5, 532,7
82,1, 519,5
69,6, 497,6
69,5, 501,3
-34,6, 369,7
66,8, 448,5
60,3, 443,5
57,5, 441,3
55,4, 412,6
260,5, 441,7
134,9, 392,1
110,3, 385,2
183,4, 415,4
223,1, 497,2
220,9, 490,4
231,7, 479,2
244,8, 471,3
238,2, 477,3
237,2, 476,6
234,7, 470,2
222,6, 469,1
166,9, 446,0
148,6, 454,3
63,7, 447,0
65,0, 449,6
253,4, 665,4
274,4, 667,0
274,0, 651,0
335,4, 670,3
395,9, 654,4
448,9, 590,6
471,2, 546,3
937,9, 574,8
1030,8, 383,5
1304,6, 325,0
1278,7, 299,6
1219,2, 314,7
1361,7, 252,9
1509,5, 188,3
1604,5, 131,4
1606,0, 114,3
1621,2, 82,8
1625,8, 80,8
1629,6, 73,2
1631,4, 69,1
1633,5, 66,9
1638,9, 71,1
1639,2, 72,6
1642,2, 62,2
1641,1, 62,7
1639,1, 64,3
1619,4, 69,7
1614,3, 68,8
1637,9, 44,0
1647,0, 40,5
1656,7, 40,5
1661,1, 39,5
1662,1, 34,8
1627,1, -4,5
1638,8, -3,7
1632,7, 7,9
1619,2, 31,4
1556,4, 107,2
1506,4, 323,1
1460,6, 540,6
1398,6, 924,0
1392,3, 964,5
1400,1, 951,6
1404,4, 944,9
1399,8, 1004,5
1400,0, 1001,2
1403,6, 1005,4
1405,7, 1007,3
1396,9, 996,5
1398,2, 997,8
1398,0, 996,5
1396,7, 994,8
1390,7, 989,5
1394,4, 992,7
1392,3, 990,7
1394,6, 999,8
1396,0, 995,5
1404,4, 984,0
1406,7, 985,3
1402,7, 985,3
1403,0, 992,0
1401,0, 998,3
1400,6, 1000,4
1409,9, 1009,4
1408,5, 1008,1
1399,0, 1003,7
1401,5, 1005,5
1391,8, 1007,3
1389,7, 1004,6
1389,6, 1003,0
1391,8, 1000,7
1390,8, 996,9
1385,9, 996,9
1372,7, 986,2
747,0, 805,0
380,3, 687,0
317,0, 672,8
83,1, 590,1
79,7, 588,2
45,6, 533,7
-12,8, 485,6
-35,4, 444,4
-95,4, 458,0
-90,3, 453,5
108,0, 188,5
51,2, 287,7
-109,2, 434,5
-367,0, 79,8
-333,6, 83,7
-297,9, 54,9
-300,6, 36,4
-331,1, -56,8
-330,6, -60,3
-330,6, -60,3
-121,5, 30,6
-121,5, 30,6
-102,3, 229,1
-123,1, 239,0
-120,9, 231,3
-112,1, 210,3
-183,5, 71,2
-166,1, 73,5
-145,5, 71,8
-194,3, 36,4
-248,7, 4,0
-256,0, -4,8
-210,2, -40,2
-216,6, -14,5
-282,6, -63,5
-242,8, 121,2
143,0, 544,2
146,4, 559,8
143,4, 571,2
139,5, 577,7
132,8, 582,8
143,0, 577,3
166,4, 654,2
184,7, 670,6
163,6, 685,8
3,4, 637,2
-22,3, 639,3
61,3, 685,1
198,7, 749,3
90,8, 787,2
119,3, 768,7
144,3, 766,3
166,1, 772,4
176,8, 800,4
210,3, 1033,2
264,2, 1058,7
272,9, 1071,1
267,4, 1067,8
224,4, 1064,6
203,9, 1070,0
211,1, 1069,4
250,3, 1077,4
390,5, 1085,7
856,1, 1206,7
912,0, 1222,1
1039,1, 1265,8
1198,9, 1315,8
1513,2, 1418,1
1519,2, 1418,9
1521,3, 1418,1
1574,7, 1421,0
1576,9, 1416,1
1576,1, 1417,5
1576,8, 1416,3
1576,4, 1408,9
1558,5, 1408,3
1633,6, 1411,8
1605,5, 1411,2
1673,4, 1411,8
1707,1, 1418,0
1714,3, 1416,1
1714,3, 1422,7
1702,5, 1413,8
1702,2, 1409,7
1720,8, 1388,5
1711,9, 1384,5
1753,6, 1407,7
1752,8, 1403,7
1774,3, 1414,3
1767,0, 1404,0
1687,2, 1293,5
1685,9, 1292,9
968,0, 908,3
790,6, 815,9
-17,4, 435,2
39,1, 457,5
40,5, 464,9
94,7, 486,1
-33,3, 444,1
34,3, 516,2
-27,9, 490,3
124,3, 630,3
156,3, 637,3
193,8, 672,0
307,4, 714,5
349,0, 736,7
342,0, 736,3
273,7, 663,3
319,9, 674,7
304,6, 672,4
-29,8, 577,5
-190,3, 609,4
-195,3, 615,2
-195,3, 615,2
-262,2, 568,1
-263,5, 563,0
-255,9, 566,6
-207,1, 588,4
-165,1, 598,7
-83,6, 638,1
5,4, 683,6
76,4, 716,9
110,9, 733,0
123,4, 735,6
150,1, 751,7
188,5, 760,2
178,1, 755,9
797,8, 744,1
824,0, 724,6
826,3, 722,3
812,9, 715,3
797,9, 686,4
793,8, 678,7
778,3, 658,7
745,8, 605,7
732,6, 586,6
731,0, 585,9
729,3, 572,4
734,9, 576,6
736,3, 575,9
750,8, 585,4
751,4, 585,8
748,7, 587,0
742,3, 582,6
724,8, 569,4
725,1, 571,7
647,5, 549,3
653,2, 553,7
388,0, 499,2
352,1, 491,2
118,3, 455,7
117,7, 469,3
132,8, 488,1
130,8, 482,9
114,9, 467,0
128,2, 444,8
136,0, 433,8
136,2, 434,3
136,4, 434,6
143,9, 434,8
144,9, 434,7
145,3, 434,7
33,0, 105,7
18,7, 94,0
39,0, 236,0
43,8, 114,3
30,6, 163,3
28,2, 197,8
22,3, 196,0
62,0, 300,9
45,5, 252,3
28,4, 194,8
28,3, 191,8
-70,3, 39,6
-53,4, 54,2
-51,1, 54,8
-46,4, 56,6
-35,1, 76,0
-30,4, 82,7
35,6, 225,6
37,5, 212,8
48,2, 217,4
61,2, 235,8
51,7, 229,9
30,2, 216,1
44,8, 221,3
61,1, 214,1
42,1, 226,9
35,4, 202,0
21,7, 205,4
51,2, 221,1
56,4, 216,7
45,9, 212,3
53,0, 215,0
53,9, 215,2
320,4, 503,7
309,0, 407,7
320,0, 423,9
361,3, 466,3
390,8, 460,1
389,7, 469,2
379,2, 457,6
389,1, 481,8
396,1, 475,4
416,4, 486,6
385,9, 452,8
268,2, 437,0
232,8, 293,0
165,9, 355,6
128,4, 325,6
-16,4, 319,0
-61,5, 327,5
371,3, 783,0
361,4, 865,8
376,9, 842,6
383,3, 831,1
399,4, 820,3
395,8, 819,5
390,9, 817,8
363,8, 791,8
353,5, 783,3
346,8, 781,0
345,2, 790,5
341,0, 801,0
342,3, 808,2
523,0, 814,9
521,7, 814,8
1694,8, 1305,1
1768,1, 1336,7
1830,6, 1352,0
1950,7, 1371,7
2253,6, 1407,4
2125,1, 1410,3
2397,7, 1434,9
2531,8, 1460,4
3183,7, 1539,0
3368,9, 1564,4
3452,9, 1578,5
3476,3, 1574,9
3446,1, 1570,4
3380,1, 1566,0
3312,8, 1560,1
3362,4, 1559,8
3342,5, 1559,8
3446,7, 1548,0
3437,6, 1549,5
3440,8, 1551,0
3436,1, 1553,8
3451,7, 1563,3
3461,8, 1562,1
3466,9, 1560,3
3469,3, 1560,5
3446,7, 1555,0
3444,3, 1532,7
3444,1, 1531,3
3467,2, 1529,7
3443,5, 1533,5
3508,4, 1546,1
3470,0, 1540,2
3509,7, 1489,3
3499,4, 1488,8
3520,4, 1504,1
3527,3, 1511,0
3546,4, 1503,8
3549,5, 1495,6
3657,9, 1476,9
3540,5, 1514,3
3526,6, 1517,0
3537,8, 1510,3
3555,2, 1495,8
3593,4, 1483,7
3637,0, 1467,7
3630,0, 1456,8
3626,8, 1464,6
3466,0, 1378,8
3268,7, 1329,7
3097,4, 1236,6
2712,5, 1140,6
2508,4, 1043,8
1951,1, 815,6
769,9, 329,3
489,2, 235,6
-188,3, -21,9
-515,0, -174,2
-513,4, -284,2
-493,8, -218,2
-471,7, -164,8
-470,6, -165,8
-435,4, -74,2
-446,8, -93,8
1327,9, -265,8
1327,9, -265,8
1392,9, -214,4
1490,5, -135,1
1480,9, -144,6
1491,5, -130,3
1494,4, -131,5
1561,7, -80,1
1560,0, -76,8
1599,3, -67,9
1593,8, -37,8
1579,4, -45,5
1573,3, -37,8
1574,1, -38,0
1570,7, -34,4
1567,7, -31,8
1565,7, -29,4
1563,2, -37,0
1564,1, -38,2
1563,9, -38,4
1564,0, -33,5
1561,3, -28,4
1561,0, -28,9
1561,9, -27,7
1563,3, -24,5
1561,6, -10,1
1561,5, -3,3
1564,3, -4,1
1565,9, -8,0
1564,8, -7,9
1561,7, -11,6
1556,7, -12,9
1561,8, -22,6
1564,9, -19,7
1586,0, -16,8
1635,6, -22,3
1624,3, -20,6
1852,2, 4,8
2288,3, 32,0
2433,0, 35,1
2558,0, 0,1
2576,1, -2,0
2662,0, -18,5
2700,6, -14,9
2787,4, 37,1
2789,5, 56,2
2780,8, 102,8
2756,4, 157,6
2714,1, 232,9
2663,5, 293,8
2625,3, 279,3
2662,5, 267,0
2649,0, 271,2
2636,2, 283,6
2641,3, 262,3
2669,8, 246,9
2692,6, 236,1
2692,3, 234,7
2673,8, 242,5
2691,5, 262,2
2668,1, 314,3
2667,0, 308,2
2673,1, 272,4
2672,5, 248,2
2678,2, 235,4
2693,5, 293,3
2693,1, 288,9
2679,8, 274,1
2662,5, 280,4
2605,9, 255,9
2655,0, 273,6
2579,5, 263,1
2556,8, 256,6
2568,1, 266,5
2568,8, 271,6
2570,2, 273,2
2332,7, 398,5
2321,0, 400,1
2327,7, 387,3
2263,8, 386,5
2128,4, 382,2
897,9, 187,6
945,1, 206,5
574,8, 135,2
-308,8, -11,3
-350,1, -69,6
-242,2, 27,3
-198,3, 59,8
-193,8, 67,3
1289,6, -136,5
-197,8, 43,9
594,1, -52,2
664,7, -67,6
-169,3, 117,3
-170,6, 119,3
-176,2, 108,0
-165,1, 122,1
-179,5, 117,8
-176,4, 120,3
-179,8, 112,4
-176,6, 114,2
-198,8, 106,7
-205,4, 100,8
-181,1, 121,5
-190,6, 121,8
-165,1, 135,7
-150,2, 131,5
-179,0, 128,9
-207,6, 122,5
-188,8, 124,0
-166,5, 114,0
-166,3, 126,8
-143,9, 119,2
-200,4, 149,7
-211,5, 171,3
-217,8, 172,8
-197,3, 205,5
-319,1, 45,9
-344,2, 44,4
-381,2, 25,2
-397,5, 16,7
53,3, 219,2
290,7, 343,6
307,1, 414,1
330,3, 470,3
337,0, 507,9
353,3, 576,7
468,4, 706,8
457,7, 729,3
446,3, 725,1
502,2, 759,1
479,4, 763,3
466,0, 784,7
437,9, 778,7
379,5, 812,8
244,8, 899,5
267,3, 893,0
156,4, 1014,0
203,2, 938,5
192,5, 973,2
245,0, 1022,7
254,2, 1032,6
259,9, 1037,5
264,1, 1043,7
283,1, 1055,4
294,9, 1068,3
298,0, 1082,8
297,4, 1076,4
297,6, 1069,6
298,8, 1074,6
300,1, 1075,1
292,7, 1068,2
278,2, 1068,0
267,7, 1075,5
262,9, 1092,0
263,2, 1097,4
255,5, 1094,7
254,1, 1089,0
217,5, 1122,6
235,0, 1086,6
234,7, 1088,4
213,8, 1102,7
212,9, 1099,6
211,8, 1096,2
212,3, 1101,3
209,4, 1127,4
210,1, 1129,5
211,0, 1120,9
185,6, 1130,2
177,6, 1144,7
184,1, 1161,1
168,4, 1162,1
152,1, 1155,9
169,9, 1160,9
185,3, 1151,2
182,7, 1154,3
183,0, 1154,8
168,5, 1167,4
169,9, 1163,7
151,9, 1159,1
138,5, 1155,6
133,6, 1144,4
111,1, 1127,2
114,3, 1006,2
112,0, 985,4
261,5, 1006,0
354,1, 1020,1
523,9, 1047,1
653,7, 1066,5
669,4, 1069,3
854,1, 1098,0
859,1, 1097,3
915,2, 1095,3
917,8, 1094,8
914,1, 1085,1
915,5, 1080,9
911,4, 1081,5
901,8, 1076,4
904,1, 1073,5
894,5, 1059,4
891,3, 1060,5
910,9, 1056,0
925,1, 1054,2
932,1, 1052,1
923,8, 1054,0
919,7, 1048,2
895,9, 1044,5
903,6, 1043,4
902,2, 1025,9
924,6, 1018,8
1170,6, 948,6
1084,6, 967,1
1184,3, 926,8
1211,2, 921,2
1450,5, 841,5
1533,0, 808,3
1534,8, 813,8
1536,2, 821,1
1527,2, 808,5
1517,7, 798,8
1517,7, 798,8
653,9, 758,9
502,7, 748,3
633,1, 761,4
555,7, 760,1
529,9, 755,4
483,1, 762,8
361,0, 792,6
347,6, 802,0
362,2, 804,8
338,3, 817,4
332,0, 816,1
347,0, 817,7
359,3, 792,8
380,8, 765,7
442,9, 687,7
434,3, 721,5
450,2, 744,2
466,0, 720,9
469,7, 747,0
455,4, 784,1
454,4, 810,8
457,1, 839,7
495,8, 867,3
483,7, 877,3
487,4, 875,5
494,9, 883,5
456,8, 874,3
466,0, 874,2
471,1, 867,9
456,1, 863,8
477,2, 857,5
471,9, 855,3
475,9, 849,0
467,4, 846,8
449,6, 844,8
286,7, 703,4
231,4, 679,2
218,8, 660,3
174,8, 592,5
79,5, 550,5
13,6, 540,9
138,2, 557,2
116,7, 549,3
-9,1, 586,9
54,0, 671,8
83,5, 723,4
140,5, 885,5
155,6, 906,4
266,8, 972,6
266,0, 989,7
268,4, 988,7
291,1, 992,7
305,8, 971,4
327,0, 957,5
402,9, 720,0
192,6, 574,1
211,8, 593,3
247,2, 594,3
197,6, 561,5
117,9, 480,6
148,1, 503,7
194,6, 527,2
85,1, 412,0
62,0, 379,3
57,9, 381,9
65,8, 399,8
64,4, 403,1
35,9, 396,4
21,8, 389,1
20,5, 386,8
146,8, 606,0
216,5, 655,8
246,5, 684,4
266,5, 708,4
261,1, 713,5
258,9, 715,6
259,5, 716,4
363,7, 737,7
364,6, 735,8
1251,3, 921,2
1227,0, 942,0
1246,2, 963,3
1281,7, 976,7
1288,4, 973,5
1334,1, 959,9
1356,0, 949,4
1371,9, 935,7
1413,3, 915,8
1419,7, 900,9
1430,1, 897,2
1428,6, 892,2
1427,5, 890,2
1430,0, 885,0
1425,9, 869,5
1420,0, 861,0
1415,9, 849,5
1414,1, 849,2
1410,1, 844,5
1406,3, 836,4
1405,5, 834,1
1404,9, 833,6
1406,5, 829,7
1413,4, 823,0
1414,6, 821,3
1413,6, 820,7
1413,0, 819,4
1414,4, 814,7
1411,1, 811,8
1409,3, 808,4
1400,9, 807,9
1401,7, 808,0
1375,1, 810,0
1378,3, 821,2
1286,3, 1044,6
971,3, 1786,2
895,5, 1965,1
861,7, 2044,5
853,9, 2061,4
844,1, 