Listening for gaze data, press any key to exit...
904,7, 545,6
902,9, 541,6
884,8, 521,7
856,9, 502,8
857,4, 503,8
852,6, 512,6
856,1, 505,5
864,2, 533,2
869,4, 534,8
897,6, 541,2
933,8, 542,1
937,3, 542,5
935,3, 532,0
939,0, 539,7
937,7, 538,6
934,0, 537,9
934,4, 538,6
931,5, 537,8
922,2, 529,7
929,0, 534,8
927,4, 533,6
930,5, 536,8
922,7, 530,1
920,0, 528,0
933,9, 539,0
928,8, 537,1
932,0, 536,9
997,8, 641,2
1174,1, 943,1
1380,8, 1312,6
1391,6, 1325,0
1501,3, 1508,8
1561,9, 1615,9
1585,1, 1669,9
1633,6, 1775,9
1706,4, 1959,6
1853,3, 2333,4
1872,9, 2386,1
1904,3, 2422,4
1926,5, 2452,2
1931,7, 2471,1
1940,7, 2494,0
1940,1, 2492,3
1970,8, 2577,5
2109,0, 2701,1
2147,4, 2619,0
2236,6, 2696,3
2221,9, 2655,7
2204,3, 2599,8
2220,2, 2625,5
2215,5, 2534,8
2253,0, 2614,1
2369,7, 2755,9
2435,0, 2833,4
2405,7, 2795,0
2454,6, 2684,3
2461,8, 2745,4
2460,2, 2748,4
2456,8, 2701,6
2456,1, 2681,0
2448,0, 2680,3
2450,7, 2690,7
2273,2, 2495,1
2267,1, 2488,5
783,2, 871,4
762,6, 861,9
748,1, 859,5
743,9, 857,7
736,9, 854,2
733,9, 846,3
726,5, 839,3
729,3, 843,0
731,8, 844,6
731,3, 845,0
735,2, 850,1
739,0, 865,4
383,5, 825,0
328,4, 818,4
266,1, 813,0
267,5, 818,1
181,0, 818,2
178,7, 861,7
178,6, 860,6
224,4, 893,3
208,2, 879,7
234,7, 894,3
245,7, 894,5
245,5, 895,3
370,6, 928,9
340,9, 912,9
422,5, 940,7
1172,8, 1394,5
1522,6, 1604,8
1644,9, 1736,6
1654,1, 1772,2
1708,1, 1943,5
1670,2, 1788,2
1719,1, 1969,0
1812,8, 2146,8
1791,4, 2104,6
1795,4, 2175,8
1822,8, 2216,7
1839,6, 2261,3
1835,5, 2271,7
1840,4, 2275,6
1879,1, 2282,5
1946,8, 2287,0
2028,3, 2307,7
2024,5, 2310,7
2110,7, 2311,4
2093,4, 2310,6
2118,4, 2340,5
2099,8, 2327,8
2133,7, 2336,2
2134,7, 2380,7
2117,6, 2394,1
2127,9, 2401,5
2124,0, 2400,1
2086,5, 2381,4
1682,1, 2361,2
1578,8, 2386,1
1328,1, 2402,0
1141,8, 2381,9
901,2, 2362,6
897,9, 2369,6
829,2, 2360,0
811,5, 2354,2
806,9, 2352,8
742,2, 2406,2
746,9, 2391,8
750,0, 2381,3
740,6, 2380,9
726,1, 2327,7
731,2, 2349,8
1636,9, 1404,1
1689,0, 1390,8
1660,1, 1389,9
1671,9, 1384,4
1662,6, 1370,2
1666,0, 1369,1
1663,4, 1362,6
1660,3, 1363,4
1650,4, 1367,0
1678,9, 1343,2
1675,4, 1348,7
1671,0, 1353,1
1666,5, 1364,6
1623,9, 1372,5
1583,0, 1361,9
1574,4, 1360,3
1562,6, 1356,6
1318,4, 1249,5
326,5, 807,1
-11,3, 624,7
107,8, 703,2
34,5, 647,5
-49,9, 595,7
-47,0, 597,7
-67,5, 617,0
1,5, 660,9
15,6, 668,1
167,2, 753,2
1743,8, 2075,1
1689,5, 2059,1
1649,6, 1972,3
1635,5, 1931,6
1638,4, 1927,3
1625,9, 1908,5
1662,4, 1926,4
1665,8, 1909,1
1712,9, 1962,6
1680,8, 1954,2
1685,1, 1954,0
1670,1, 1947,6
1638,2, 1987,6
1553,6, 2185,3
1496,9, 2284,2
1503,7, 2343,1
1508,5, 2353,1
1521,7, 2381,9
1531,4, 2389,8
1544,3, 2403,0
1524,4, 2428,2
1556,6, 2402,8
1557,6, 2403,0
2081,8, 2653,4
2089,5, 2534,7
2093,7, 2541,4
2081,1, 2539,9
2250,3, 2469,5
2300,4, 2479,9
2318,7, 2511,8
2315,2, 2523,0
2364,9, 2652,4
2396,6, 2611,3
2419,7, 2593,1
2401,6, 2599,4
2396,8, 2611,9
2427,6, 2686,0
2546,5, 2748,2
2555,4, 2704,0
2529,5, 2689,3
2478,9, 2667,6
2432,6, 2605,2
2087,7, 2253,7
1721,9, 1800,1
1468,9, 1494,3
1192,8, 1234,4
1043,9, 1095,5
934,5, 1007,8
634,6, 815,9
450,8, 729,3
323,1, 655,1
315,9, 652,2
268,6, 630,8
256,5, 635,1
333,2, 693,5
311,8, 684,7
389,2, 730,9
423,3, 753,3
428,1, 758,9
426,5, 762,3
388,6, 754,2
368,4, 753,5
380,8, 758,7
384,9, 753,4
404,9, 762,5
368,0, 776,1
30,7, 1011,7
-257,4, 1236,9
-281,0, 1237,4
-309,7, 1230,8
-326,8, 1234,8
-337,6, 1254,7
-246,8, 1257,3
-200,4, 1249,7
-228,8, 1265,6
-318,1, 1280,1
-172,7, 1274,0
-242,0, 1282,5
-259,0, 1261,2
-265,8, 1261,1
-354,7, 1286,2
-317,8, 1270,7
-328,1, 1365,4
-313,2, 1358,7
-286,7, 1366,4
-232,3, 1360,8
-158,5, 1414,9
-105,6, 1411,2
-57,7, 1432,5
27,9, 1442,6
75,6, 1445,0
236,1, 1468,8
1900,4, 2150,8
2085,1, 2256,2
2177,6, 2322,5
2183,4, 2326,6
2136,2, 2502,0
2137,5, 2500,5
1669,9, 1842,2
1393,3, 1332,3
1255,1, 1064,1
1264,6, 1083,2
1262,4, 1084,5
1256,9, 1078,6
1255,9, 1076,2
1246,4, 1069,5
1253,7, 1072,9
1261,5, 1079,0
1258,7, 1073,9
1257,5, 1073,3
1261,0, 1075,5
1199,5, 1039,8
729,0, 777,7
573,2, 699,2
539,9, 679,0
495,0, 655,5
471,3, 641,9
418,0, 614,2
428,4, 619,7
360,5, 585,9
288,6, 543,2
360,2, 591,9
375,4, 600,3
536,2, 703,3
537,3, 701,5
537,7, 699,0
532,7, 694,9
534,3, 696,1
544,7, 705,5
555,8, 713,6
560,0, 719,1
544,5, 714,1
549,0, 715,9
551,9, 717,8
557,6, 720,3
503,6, 694,0
328,7, 618,2
183,0, 571,5
-51,1, 500,3
-120,5, 466,2
-67,7, 485,8
-35,7, 504,4
-101,3, 450,8
-116,6, 416,1
-168,3, 359,5
-127,7, 357,7
-95,7, 366,6
-35,5, 329,6
-16,2, 338,1
42,0, 372,9
31,2, 368,8
61,5, 386,4
64,5, 380,2
37,1, 367,0
35,6, 348,6
54,6, 369,0
-82,5, 571,6
-96,5, 572,2
-104,3, 576,3
-92,3, 588,4
-91,8, 584,7
-95,2, 588,8
-90,5, 599,2
-52,7, 573,4
-40,6, 564,4
-65,5, 562,0
-59,0, 567,9
-52,1, 567,8
-42,7, 568,0
-45,5, 567,0
-45,6, 567,0
-97,8, 531,9
-99,8, 527,5
-101,4, 516,9
-101,4, 516,5
-49,3, 565,5
-38,7, 572,6
-38,7, 572,6
126,4, 1037,6
146,2, 1102,4
375,3, 1493,8
391,8, 1519,9
506,7, 1670,8
515,7, 1672,7
597,2, 1778,1
675,1, 1890,4
747,0, 1988,8
742,7, 1970,0
745,0, 2026,9
739,8, 2089,0
745,0, 2106,0
721,3, 2111,1
705,7, 2119,9
711,3, 2134,1
753,2, 2147,8
829,2, 2200,0
869,8, 2219,6
936,3, 2221,6
924,1, 2233,0
941,1, 2230,6
917,3, 2275,2
912,1, 2283,4
898,2, 2299,6
860,9, 2332,8
833,7, 2326,7
820,4, 2324,3
791,7, 2292,8
780,5, 2273,2
774,9, 2259,8
769,5, 2254,0
768,9, 2242,0
767,6, 2233,0
755,0, 2258,8
757,3, 2255,3
756,8, 2257,0
755,9, 2256,7
770,5, 2213,0
784,1, 2177,0
799,0, 2147,2
731,6, 2211,4
723,7, 2217,2
718,6, 2207,3
725,8, 2208,0
729,8, 2208,9
729,6, 2207,7
732,5, 2184,5
727,5, 2164,0
568,6, 1072,1
459,3, 631,0
441,8, 556,0
417,2, 441,5
417,4, 439,3
417,3, 437,6
467,7, 462,2
450,2, 441,7
501,6, 488,4
521,5, 505,6
527,5, 508,6
555,5, 518,2
585,5, 537,8
598,2, 527,4
582,0, 518,2
526,7, 483,4
537,7, 479,5
541,9, 478,8
-244,3, 393,2
-254,9, 383,8
-236,3, 392,0
-4,4, 196,2
67,1, 173,8
82,8, 199,9
88,0, 213,2
79,5, 199,3
69,2, 183,3
68,6, 182,4
118,0, 229,5
98,7, 192,9
301,3, 247,2
416,4, 253,8
529,5, 239,0
636,5, 241,8
869,5, 260,8
977,8, 269,0
1045,3, 283,4
1269,6, 301,2
1334,2, 302,3
1412,5, 306,1
1464,7, 306,8
1479,9, 302,3
1462,3, 291,5
1443,7, 283,6
1285,6, 226,7
1231,7, 202,0
474,5, 155,4
-59,6, 224,0
-294,0, 242,5
-251,5, 220,6
-214,5, 228,8
-123,9, 113,0
-123,9, 113,0
-98,9, 131,3
-107,0, 101,3
-109,2, 97,0
269,2, 57,9
432,1, 78,7
1065,4, 157,3
1182,9, 169,6
1445,5, 189,0
1554,5, 189,4
1632,9, 183,7
1764,9, 180,2
2037,2, 172,3
2156,0, 130,2
2152,9, 137,9
2167,0, 129,5
2237,9, 98,8
2288,3, 38,9
2306,9, -6,7
2298,7, -1,2
2303,6, -32,7
2310,7, -26,3
2312,9, -8,2
2433,3, -52,0
2454,2, -38,9
2459,4, -51,4
2475,0, -53,0
2490,3, -44,0
2515,4, -27,8
2512,7, -10,7
2516,2, -6,6
2522,2, -4,2
2511,9, 15,4
2507,2, 25,0
2506,6, 32,2
2509,2, 29,7
2488,3, 21,6
2524,0, -15,5
2518,1, 15,6
2506,4, -5,3
2418,3, 52,5
2385,9, 251,2
2372,1, 290,4
2352,4, 313,4
2346,5, 319,7
2335,8, 332,5
2327,3, 341,2
2325,3, 337,5
2328,8, 336,9
2331,7, 325,0
2328,1, 299,3
2339,0, 275,4
2361,8, 248,1
2377,1, 236,0
2409,1, 204,1
2409,6, 203,7
2432,1, 145,6
2461,3, 85,1
2462,3, 88,0
2450,9, 74,0
2457,8, 37,7
2456,5, 43,3
2450,0, 67,0
2444,9, 73,9
2443,5, 76,7
2438,6, 101,2
2430,1, 107,2
2428,1, 107,6
2418,7, 130,9
2415,9, 134,8
2412,8, 138,0
2407,5, 146,4
2406,6, 147,5
2409,8, 137,5
2409,6, 137,7
2409,5, 137,8
2405,2, 146,8
2392,1, 172,5
2375,9, 170,9
2404,4, 148,1
2404,1, 149,6
2406,7, 146,7
2414,6, 137,9
2414,6, 136,0
2414,5, 124,5
2406,8, 106,8
2403,6, 99,3
2402,3, 99,3
2413,7, 109,8
2415,6, 109,8
2419,0, 111,6
2420,1, 110,0
2413,9, 108,4
2416,1, 106,4
2401,4, 107,7
1596,5, 189,7
1567,1, 197,8
1246,7, 243,6
777,8, 274,3
153,3, 261,7
-82,8, 251,2
-54,7, 281,2
-60,7, 276,0
-64,3, 264,9
-67,7, 275,2
-64,4, 275,5
-64,5, 275,7
347,7, 512,4
360,5, 503,3
362,8, 509,5
362,2, 503,0
389,5, 509,4
403,5, 534,4
417,7, 549,1
427,7, 558,1
453,9, 586,2
456,2, 587,1
446,6, 584,2
445,5, 581,9
511,4, 630,4
517,4, 635,3
506,1, 626,5
512,4, 629,9
490,3, 612,9
485,1, 613,0
503,6, 632,5
561,0, 664,0
560,8, 660,1
800,2, 866,0
1031,2, 1077,5
1183,7, 1246,0
1336,1, 1441,4
1430,0, 1558,5
1461,6, 1595,3
1654,6, 1835,5
1669,4, 1846,7
1866,9, 2056,9
1967,6, 2227,2
1964,7, 2307,0
1826,5, 2370,1
1727,7, 2382,5
1798,2, 2421,6
1920,4, 2410,4
2153,4, 2527,6
2127,9, 2568,9
2479,1, 2703,7
2525,2, 2620,8
2536,2, 2675,0
2587,9, 2737,4
2639,5, 2868,6
2628,1, 2821,2
2694,7, 2975,7
2694,7, 2975,7
127,1, 675,3
185,1, 691,9
172,1, 685,7
132,9, 673,9
69,9, 640,8
37,1, 625,9
118,6, 665,2
121,6, 672,2
200,4, 720,6
248,7, 744,1
277,0, 762,6
293,5, 767,8
325,9, 802,3
339,8, 816,4
349,9, 837,1
355,4, 843,1
423,8, 774,2
420,8, 774,5
325,8, 774,2
378,6, 739,3
397,3, 746,3
444,8, 728,8
425,7, 757,3
450,7, 800,1
466,6, 798,7
424,1, 878,3
417,6, 866,8
410,7, 873,8
342,1, 934,5
148,6, 1132,0
57,4, 1163,0
59,5, 1157,3
60,0, 1142,8
79,1, 1161,8
140,2, 1179,6
145,8, 1181,7
214,7, 1198,8
257,1, 1207,6
274,9, 1218,1
288,4, 1221,3
317,0, 1228,0
309,3, 1227,2
279,3, 1216,8
273,5, 1211,1
215,0, 1194,5
217,0, 1193,7
190,4, 1201,2
194,0, 1200,2
173,4, 1192,7
129,6, 1174,5
111,4, 1169,8
73,8, 1161,8
72,6, 1155,6
47,1, 1137,9
38,7, 1092,4
55,4, 1073,2
34,6, 1064,6
28,2, 1066,8
55,6, 1057,8
40,1, 1066,5
70,7, 1065,0
77,0, 1075,9
106,0, 1085,7
87,9, 1079,2
134,8, 1078,0
144,5, 1076,6
158,6, 1085,9
327,1, 1135,2
335,7, 1142,1
356,6, 1146,4
355,9, 1151,8
378,9, 1147,6
361,7, 1161,9
359,8, 1166,4
357,4, 1165,8
365,8, 1163,4
377,8, 1158,7
367,9, 1163,0
371,6, 1161,3
375,5, 1160,8
365,0, 1168,1
361,1, 1170,8
380,2, 1165,0
462,7, 1106,6
367,1, 1110,4
250,7, 1075,2
261,1, 1081,0
134,3, 1038,4
87,6, 1024,7
97,3, 1021,1
97,1, 1021,4
145,9, 1026,8
168,6, 1016,9
175,8, 1016,3
189,6, 1014,1
394,1, 959,1
472,9, 993,8
658,2, 853,2
636,0, 880,9
580,2, 936,5
542,5, 970,7
576,7, 906,0
572,9, 906,6
543,6, 916,0
491,0, 927,7
531,8, 1013,8
580,0, 1036,6
737,4, 1089,7
840,9, 1119,2
1052,7, 1185,8
1119,5, 1207,7
1156,7, 1222,7
1337,7, 1295,7
1347,5, 1298,8
1336,9, 1290,4
1284,2, 1263,7
1275,0, 1257,0
1273,6, 1258,8
1272,2, 1258,8
1274,3, 1244,8
1276,0, 1241,9
1275,5, 1240,6
1270,1, 1231,9
1290,9, 1236,7
1337,5, 1261,8
1466,2, 1305,0
1539,1, 1328,2
1545,9, 1329,9
1616,1, 1350,2
1624,5, 1347,8
1625,0, 1348,9
1625,0, 1349,7
1619,1, 1348,1
1610,9, 1342,8
1603,0, 1338,3
1611,3, 1353,3
1610,9, 1353,9
1612,8, 1354,8
1613,4, 1359,8
1616,9, 1360,9
1622,9, 1361,4
1623,8, 1358,4
1618,3, 1357,2
1616,8, 1355,2
1621,0, 1353,6
1630,1, 1351,1
1634,2, 1349,3
1635,9, 1347,5
1630,0, 1350,4
1629,0, 1350,7
1621,5, 1357,3
1621,2, 1355,5
1624,7, 1350,5
1623,4, 1349,8
1622,5, 1350,6
1617,5, 1343,0
1612,7, 1340,5
1608,5, 1338,0
1603,1, 1335,4
1607,3, 1336,4
1620,5, 1343,2
1632,2, 1345,7
1604,5, 1337,0
1384,9, 1264,3
1270,5, 1232,3
668,5, 1037,8
452,5, 962,9
437,7, 963,5
265,6, 902,3
171,3, 868,3
182,4, 876,7
216,6, 886,9
263,3, 902,7
250,3, 897,2
331,3, 928,7
379,3, 952,6
390,3, 959,0
422,1, 966,5
433,3, 968,8
461,7, 945,7
459,6, 952,3
458,2, 955,5
449,2, 970,7
449,6, 983,9
446,3, 984,5
447,0, 983,8
431,8, 999,0
436,3, 995,8
209,9, 1012,8
44,5, 982,6
82,7, 983,4
53,1, 976,6
66,8, 972,0
65,1, 973,3
213,2, 1052,3
246,5, 1069,0
265,3, 1073,2
278,8, 1002,7
266,7, 1007,1
292,1, 1007,8
287,3, 1014,3
312,6, 1018,8
336,0, 1042,7
332,5, 1043,2
336,9, 1049,2
323,3, 1050,5
353,5, 1058,3
373,3, 1062,9
362,4, 1066,8
393,8, 1070,0
383,6, 1069,3
398,7, 1070,6
355,2, 1070,0
358,2, 1070,0
293,7, 1160,3
289,0, 1157,1
288,8, 1160,8
288,8, 1161,0
314,7, 1167,4
362,7, 1172,0
336,1, 1147,8
323,4, 1141,5
251,5, 1128,1
259,5, 1110,4
274,6, 1100,5
291,9, 1083,8
223,5, 1085,3
224,5, 1090,6
234,9, 1107,5
197,4, 1111,5
222,0, 1110,8
265,7, 1104,0
254,7, 1103,5
248,3, 1108,4
232,3, 1103,1
305,3, 1107,5
287,1, 1125,2
295,8, 1126,0
301,2, 1129,2
292,1, 1141,4
291,4, 1142,3
308,0, 1150,8
350,4, 1155,4
350,3, 1150,0
372,8, 1141,4
398,1, 1121,5
393,4, 1114,5
380,1, 1108,5
366,2, 1103,8
294,1, 1084,1
298,0, 1085,0
291,3, 1085,6
213,4, 1088,7
213,3, 1081,0
252,6, 1070,7
397,8, 923,9
366,5, 839,4
364,9, 831,6
302,9, 672,4
348,4, 678,7
310,0, 630,9
336,7, 630,0
305,8, 602,9
396,5, 551,1
464,1, 538,0
541,4, 551,8
647,4, 556,9
1043,7, 603,1
1089,4, 614,2
998,4, 603,3
1248,4, 642,1
1293,6, 653,4
1296,1, 619,3
1295,1, 619,4
1292,0, 601,4
1289,5, 585,1
1287,4, 565,5
1289,4, 573,5
1266,0, 516,1
1265,7, 506,2
1265,9, 497,6
1261,6, 492,6
1272,2, 468,2
1262,4, 455,0
1261,7, 450,6
1261,9, 450,2
1258,8, 452,6
1256,8, 450,7
1264,9, 449,1
1263,5, 448,5
1269,5, 444,8
1257,2, 431,9
1261,2, 425,2
1266,4, 422,5
1263,9, 420,4
1262,6, 422,6
1269,6, 421,3
1268,2, 421,8
1272,2, 425,7
1271,6, 426,1
1272,2, 426,1
1280,6, 423,3
1274,3, 423,3
1268,5, 423,5
1273,5, 423,7
1275,8, 422,9
1271,9, 417,8
1265,2, 411,8
1257,3, 412,2
1252,5, 411,5
1249,6, 411,4
1199,6, 419,8
1031,8, 398,4
800,2, 374,8
700,5, 361,5
717,4, 358,1
-183,9, 135,2
-166,7, 183,0
-68,6, 163,1
-112,8, 156,4
-288,3, 113,5
-310,2, 83,0
-312,0, 55,5
-313,3, 22,3
-427,0, 152,0
-282,3, 134,5
-145,0, 144,1
-162,1, 119,3
-174,6, 149,8
-189,9, 127,3
-199,1, 118,5
-137,0, 152,6
-167,3, 123,7
-145,2, 127,2
155,8, 114,4
180,5, 153,1
180,5, 153,1
180,5, 153,1
180,5, 153,1
729,7, 978,2
1049,2, 1425,1
1127,5, 1515,4
1276,3, 1675,2
1380,4, 1757,4
1438,8, 1803,7
1609,4, 1954,4
1595,7, 1935,6
1693,8, 2011,6
1802,3, 2099,2
2165,6, 2373,7
2176,5, 2379,0
2274,1, 2457,9
2265,4, 2441,8
2276,3, 2461,0
2274,6, 2453,2
2272,3, 2436,7
2274,1, 2440,1
2347,2, 2561,2
2373,3, 2591,8
2397,4, 2620,4
2389,7, 2616,0
2413,3, 2649,4
2411,0, 2645,6
2417,3, 2666,3
2384,5, 2661,1
2390,4, 2689,9
2406,9, 2685,2
2377,0, 2687,1
2365,4, 2649,4
2373,7, 2650,3
2354,4, 2664,4
-59,1, 522,0
-183,2, 494,8
-175,5, 509,8
-148,1, 575,5
-152,9, 539,8
-93,9, 615,2
18,0, 675,8
105,9, 735,7
258,2, 827,5
266,4, 817,9
267,9, 818,3
266,2, 816,5
260,1, 818,5
256,9, 825,3
257,1, 821,7
262,2, 838,7
260,9, 825,9
260,7, 820,6
189,1, 626,4
170,9, 572,2
170,9, 572,2
307,1, 345,8
359,5, 241,4
363,7, 240,1
368,4, 239,4
131,2, 375,4
122,0, 364,2
116,2, 350,9
116,5, 339,8
126,9, 357,1
134,0, 367,0
127,5, 359,6
122,7, 340,8
134,5, 350,5
134,2, 346,4
116,8, 299,8
73,3, 392,8
133,1, 511,9
269,5, 642,8
300,1, 672,1
-29,1, 394,6
31,8, 582,1
38,7, 595,3
50,7, 612,7
82,2, 611,8
72,9, 619,3
152,3, 674,9
141,3, 662,3
205,1, 718,6
213,8, 725,9
260,0, 768,9
259,6, 770,6
261,0, 780,2
265,0, 785,2
271,4, 787,9
278,3, 781,9
279,2, 784,5
286,3, 780,8
289,2, 786,8
295,7, 780,4
302,0, 788,8
318,6, 826,6
326,3, 834,7
330,0, 832,0
338,1, 809,5
332,6, 799,9
343,1, 806,7
342,0, 788,5
343,6, 783,3
477,3, 1040,0
497,3, 1080,3
501,2, 1091,2
458,9, 1101,9
445,7, 1088,7
440,9, 1067,6
424,2, 1055,1
411,3, 1069,1
421,0, 1069,4
420,3, 1067,4
430,9, 1068,3
426,6, 1070,9
418,5, 1070,8
422,8, 1066,0
426,3, 1066,4
417,5, 1064,2
404,3, 1055,9
414,2, 1059,9
408,0, 1055,9
412,0, 1066,9
398,2, 1071,2
408,0, 1070,8
405,9, 1067,5
429,3, 1065,0
442,7, 1061,0
441,0, 1061,2
382,4, 1065,3
350,7, 1037,3
350,3, 1037,1
338,1, 1038,5
324,9, 1033,0
312,8, 1032,9
307,2, 1032,0
299,5, 1029,8
299,9, 1030,6
170,3, 1210,3
154,9, 1285,6
151,3, 1295,3
131,4, 1304,1
117,5, 1310,3
116,4, 1310,9
97,5, 1317,3
95,4, 1315,6
133,2, 1310,3
237,2, 1308,3
226,5, 1321,7
194,8, 1332,4
186,7, 1333,3
180,4, 1337,7
182,2, 1336,8
204,8, 1327,5
205,8, 1328,5
206,9, 1330,5
208,0, 1331,0
205,7, 1333,3
205,7, 1332,8
204,9, 1329,1
205,0, 1327,7
209,2, 1325,7
212,0, 1324,5
216,8, 1326,7
241,5, 1328,6
245,1, 1330,0
233,0, 1337,4
237,9, 1335,6
247,7, 1339,2
244,0, 1335,1
207,3, 1362,1
181,3, 1381,8
141,6, 1420,3
139,4, 1418,2
150,2, 1418,3
154,6, 1418,2
159,7, 1417,1
172,9, 1416,8
196,1, 1419,3
214,9, 1423,3
231,4, 1426,5
234,6, 1417,8
248,0, 1418,1
251,3, 1415,6
232,8, 1406,8
235,3, 1406,5
221,7, 1389,9
221,4, 1394,3
205,3, 1386,4
178,8, 1382,0
149,0, 1369,4
152,8, 1374,5
139,4, 1365,6
139,4, 1292,3
129,2, 1286,5
114,7, 1269,6
99,2, 1262,0
93,7, 1253,5
77,1, 1240,3
75,9, 1236,6
72,7, 1197,8
59,9, 1184,1
64,2, 1186,1
129,6, 1060,4
115,5, 1075,5
125,8, 1055,5
103,7, 1086,0
112,3, 1052,9
73,3, 1092,3
74,9, 1053,2
78,0, 1073,8
64,0, 1107,9
5,2, 1106,0
20,0, 1100,9
2,1, 1098,4
-10,4, 1095,4
-0,9, 1101,3
-5,6, 1123,4
-6,9, 1127,2
21,6, 1130,5
47,0, 1140,1
43,4, 1245,2
38,4, 1261,9
58,1, 1250,0
51,1, 1255,8
252,7, 1120,2
206,1, 1166,4
195,2, 1176,8
266,4, 1126,6
224,6, 1162,8
234,2, 1152,9
227,9, 1159,1
72,7, 1282,1
51,1, 1277,7
72,3, 1273,3
93,5, 1268,3
199,9, 1039,9
166,9, 1140,4
163,5, 1151,3
160,6, 1071,2
68,5, 1147,2
63,5, 1146,3
23,7, 1177,4
45,5, 1069,9
-44,2, 1154,6
-57,8, 1117,7
-49,6, 1099,3
-24,6, 1202,8
44,8, 1173,9
180,4, 1128,2
243,9, 1106,5
245,9, 1104,7
286,4, 1129,1
370,8, 1163,6
473,1, 1199,1
619,9, 1244,8
852,6, 1289,0
835,3, 1287,1
844,0, 1290,5
863,6, 1290,1
929,9, 1228,9
883,2, 1253,8
811,6, 1163,9
666,2, 1008,8
564,0, 894,6
497,9, 858,9
351,7, 776,3
285,9, 650,6
285,0, 666,3
260,0, 651,0
275,4, 706,9
287,1, 765,7
332,1, 820,2
336,6, 806,8
371,3, 829,1
359,9, 812,9
373,8, 819,6
364,9, 803,2
404,1, 826,2
421,1, 810,2
437,0, 826,5
435,7, 821,3
448,5, 830,9
452,2, 821,9
454,3, 820,0
508,7, 760,7
537,9, 728,4
553,9, 704,0
544,0, 654,4
525,3, 592,7
507,2, 550,9
471,9, 502,8
500,6, 561,5
488,0, 538,3
495,1, 529,1
477,8, 504,8
488,9, 523,3
487,4, 529,3
496,7, 546,4
488,5, 532,6
505,1, 545,9
496,4, 528,1
492,4, 510,3
511,6, 546,2
505,3, 535,2
515,0, 541,0
499,9, 517,1
506,6, 520,7
522,9, 535,5
506,7, 512,2
513,4, 525,0
501,7, 499,4
502,6, 500,0
521,3, 536,9
511,3, 514,3
519,5, 524,4
518,4, 523,1
517,0, 525,1
538,4, 524,6
534,0, 514,7
524,7, 518,0
516,0, 525,6
509,4, 528,3
514,5, 569,1
582,5, 730,6
686,9, 862,2
718,8, 878,9
779,7, 932,0
928,1, 1208,1
915,6, 1267,1
766,0, 1240,6
762,5, 1310,8
591,7, 1274,7
484,7, 1248,7
503,9, 1250,4
484,1, 1238,6
474,4, 1236,5
480,7, 1239,1
464,7, 1237,6
441,2, 1233,0
428,7, 1234,3
416,4, 1236,5
409,9, 1238,4
408,3, 1240,4
395,7, 1241,9
392,8, 1239,1
391,6, 1233,5
381,2, 1228,5
389,2, 1230,9
367,8, 1222,7
374,6, 1225,3
374,9, 1225,6
364,2, 1226,8
372,6, 1227,7
373,2, 1227,7
382,5, 1223,2
398,4, 1225,2
407,1, 1227,1
419,4, 1226,8
416,1, 1223,4
409,6, 1213,2
403,6, 1206,6
403,6, 1205,9
393,9, 1197,2
394,3, 1194,0
387,6, 1198,5
381,8, 1200,9
387,9, 1201,8
399,3, 1204,3
421,3, 1216,9
418,9, 1215,4
412,2, 1211,6
413,9, 1215,9
408,0, 1210,4
407,7, 1208,9
397,4, 1185,1
366,6, 1103,3
377,4, 1106,8
290,5, 1049,2
170,0, 982,7
135,1, 940,4
122,8, 944,8
121,1, 934,6
98,0, 894,0
133,3, 929,8
118,4, 914,8
119,3, 923,6
143,4, 945,1
143,4, 923,3
164,6, 940,9
171,8, 941,8
190,0, 945,1
219,0, 968,4
226,0, 974,2
215,5, 959,5
201,5, 929,8
213,4, 937,4
211,6, 929,1
221,4, 942,3
211,0, 929,0
207,7, 926,5
191,8, 870,1
170,1, 688,2
176,7, 678,3
180,7, 675,6
155,0, 459,9
160,4, 473,2
176,2, 445,1
131,8, 456,0
131,3, 455,9
131,1, 455,9
137,1, 469,7
117,8, 449,4
-146,9, 230,7
79,1, 313,9
30,6, 304,3
65,1, 347,3
139,4, 394,7
120,9, 403,6
132,7, 405,9
112,5, 388,7
53,6, 313,2
-99,0, 250,7
-169,5, 224,4
-145,4, 234,3
-139,5, 252,9
-128,3, 259,5
-140,0, 254,3
-150,1, 248,8
-139,4, 259,7
-13,6, 283,2
38,3, 312,2
45,7, 315,6
-180,7, 227,5
-111,6, 252,6
12,0, 298,9
0,5, 316,6
-9,3, 334,9
35,2, 346,7
54,9, 308,3
55,8, 280,8
44,2, 274,1
-7,2, 284,1
-13,9, 262,4
-6,6, 268,5
-3,5, 271,2
393,0, 234,4
406,0, 236,8
409,9, 233,2
400,4, 227,2
404,4, 237,7
176,5, 276,9
14,4, 180,2
35,2, 195,2
51,7, 200,9
53,5, 208,9
42,2, 200,9
132,8, 257,4
165,0, 280,3
165,8, 283,9
27,2, 206,3
40,5, 211,8
38,7, 201,4
37,9, 196,8
75,5, 794,9
102,0, 859,1
139,6, 947,9
253,9, 1172,6
281,8, 1275,4
466,8, 1359,7
441,7, 1358,0
414,5, 1347,4
301,5, 1341,8
282,6, 1331,6
230,5, 1320,6
226,7, 1324,8
226,0, 1325,3
227,1, 1324,9
231,8, 1319,0
232,4, 1315,7
232,1, 1315,0
237,2, 1308,2
248,8, 1298,5
259,4, 1294,4
270,8, 1296,8
280,6, 1294,0
284,4, 1292,5
275,2, 1302,2
274,0, 1301,0
277,0, 1305,7
275,7, 1303,7
279,2, 1298,3
288,4, 1299,3
288,7, 1293,8
295,0, 1291,3
292,2, 1305,0
294,3, 1300,2
294,2, 1301,1
295,2, 1291,8
289,9, 1285,1
286,3, 1296,5
286,3, 1283,9
280,2, 1304,5
191,8, 1257,8
65,5, 1192,1
89,5, 1210,3
124,6, 1207,4
149,7, 1211,2
159,8, 1216,2
163,0, 1216,0
173,8, 1221,1
184,8, 1243,5
183,1, 1246,9
230,3, 1208,3
241,7, 1200,9
242,0, 1202,5
192,2, 1238,9
200,0, 1235,9
237,8, 1320,2
233,4, 1309,5
231,8, 1336,2
227,3, 1358,9
217,3, 1425,7
196,8, 1430,1
224,5, 1423,4
213,0, 1425,0
211,4, 1422,5
217,3, 1418,4
204,9, 1429,4
212,0, 1422,1
224,7, 1417,3
215,8, 1418,4
227,9, 1410,1
218,6, 1394,1
226,9, 1370,5
219,1, 1373,3
180,9, 1338,7
161,2, 1316,1
166,2, 1311,0
141,8, 1261,4
114,9, 1258,3
107,9, 1252,4
110,3, 1225,3
61,0, 1192,8
65,0, 1185,0
43,2, 1164,0
66,8, 1168,4
51,7, 1156,7
49,0, 1135,3
39,4, 1130,9
45,6, 1134,6
34,5, 1140,2
46,0, 1139,2
66,4, 1156,8
59,6, 1152,1
75,1, 1141,3
53,8, 1143,5
70,1, 1136,1
55,4, 1137,9
46,6, 1143,1
70,6, 1143,3
64,0, 1158,5
85,5, 1154,1
86,2, 1153,2
90,0, 1132,9
78,0, 1141,1
95,2, 1144,0
77,7, 1145,8
32,2, 1025,0
-39,3, 642,4
-45,4, 638,6
-43,2, 640,0
-41,0, 636,9
-29,8, 637,7
-28,6, 633,7
-43,8, 627,1
-56,1, 620,8
-50,5, 619,4
-24,7, 623,9
-36,5, 617,7
-40,3, 616,7
-47,8, 608,4
-22,0, 601,1
-194,7, 466,0
-157,3, 476,2
61,1, 521,3
37,2, 522,5
102,6, 534,1
66,2, 555,5
142,1, 589,8
200,2, 607,0
204,7, 608,7
229,1, 597,5
186,4, 595,5
156,6, 587,8
93,6, 576,3
144,3, 570,6
97,5, 578,2
133,2, 584,9
96,7, 582,0
161,3, 579,7
105,9, 581,9
174,8, 574,4
221,7, 574,3
189,8, 575,1
193,0, 568,1
110,9, 564,7
120,6, 563,0
175,1, 563,7
106,8, 547,9
155,7, 520,6
102,2, 520,0
112,9, 514,3
48,3, 510,1
108,4, 511,6
55,7, 506,3
133,9, 502,6
113,1, 412,2
174,9, 413,4
232,4, 420,7
236,7, 426,0
244,4, 434,2
10,8, 1120,6
3,3, 1108,8
-0,1, 1103,7
49,8, 276,2
53,4, 266,7
63,2, 257,2
62,9, 244,7
44,8, 232,7
41,9, 227,2
57,9, 237,0
44,7, 217,0
38,0, 219,4
44,7, 220,7
48,9, 215,0
48,0, 213,7
177,7, 414,9
181,5, 419,8
173,9, 397,9
161,9, 402,0
191,9, 408,2
152,2, 380,4
159,9, 380,7
156,4, 377,5
175,9, 379,6
191,2, 391,1
166,5, 363,7
148,4, 362,6
130,0, 325,3
113,7, 286,4
100,8, 271,6
90,2, 267,2
87,9, 238,7
98,0, 225,6
94,2, 242,7
129,2, 318,1
-23,1, 298,5
-15,7, 294,8
29,0, 310,3
6,6, 301,9
-22,4, 281,7
3,6, 279,0
-61,4, 335,4
-56,0, 337,7
-18,9, 355,1
-1,7, 358,2
21,7, 346,7
60,9, 372,3
56,5, 372,5
72,3, 361,7
79,1, 370,9
96,5, 380,1
103,9, 390,5
95,1, 387,5
94,4, 389,3
89,4, 389,1
18,5, 352,7
73,1, 377,4
73,1, 377,4
502,9, 389,5
970,7, 422,0
1240,8, 445,1
1292,5, 450,6
1298,3, 455,3
1296,0, 456,9
38,2, 383,7
130,4, 435,1
67,3, 409,1
39,4, 394,4
112,1, 437,1
137,2, 439,0
167,9, 452,0
179,3, 455,8
153,4, 445,6
146,5, 430,8
158,2, 435,0
180,2, 630,8
160,6, 806,3
169,8, 890,2
174,4, 905,2
165,2, 958,5
114,7, 899,6
132,2, 931,8
113,9, 929,6
154,2, 935,1
170,8, 969,9
189,4, 969,6
189,6, 971,7
199,6, 972,4
196,6, 973,3
203,2, 978,4
235,2, 997,4
244,9, 1012,9
238,7, 1003,6
230,2, 1006,3
229,5, 1007,8
205,5, 1007,6
188,6, 1007,2
192,2, 1006,0
209,6, 1000,2
213,1, 997,2
192,9, 993,4
193,1, 988,5
169,6, 993,5
174,1, 992,0
154,9, 989,9
150,8, 987,8
165,1, 961,5
89,8, 824,7
97,7, 757,9
69,7, 733,3
71,6, 670,2
79,4, 641,3
71,0, 610,9
58,4, 591,4
57,9, 602,7
57,8, 632,5
128,7, 673,4
159,0, 706,0
297,8, 755,0
289,3, 751,9
284,0, 769,9
301,5, 774,8
269,9, 782,5
269,9, 782,5
260,0, 743,0
294,3, 735,3
291,9, 730,3
317,0, 742,6
267,6, 749,6
292,6, 747,3
266,9, 744,3
202,3, 726,4
196,3, 737,7
196,3, 737,7
188,6, 699,0
189,6, 697,0
221,9, 699,7
207,4, 700,0
202,9, 698,8
183,7, 685,9
125,1, 766,7
113,8, 798,5
206,0, 883,1
267,7, 1021,1
265,5, 1004,4
282,3, 1020,7
287,4, 1011,4
293,3, 1033,5
295,9, 1030,6
316,9, 1055,2
330,4, 1039,0
324,2, 1040,6
285,0, 1040,4
285,3, 1032,6
255,1, 1019,2
241,2, 1013,1
231,5, 1015,1
237,0, 1016,0
221,7, 1014,7
219,4, 998,6
195,4, 989,2
181,8, 985,1
179,2, 971,9
119,9, 882,2
83,7, 733,6
91,0, 701,2
51,4, 694,6
109,8, 691,2
87,6, 703,0
172,9, 744,1
177,9, 772,1
239,2, 807,6
241,8, 811,9
264,9, 816,3
259,8, 823,6
263,2, 825,7
271,7, 833,6
264,3, 848,2
332,2, 843,6
367,5, 837,9
370,9, 838,0
388,6, 843,3
374,3, 841,3
334,1, 836,5
317,1, 838,4
348,6, 826,6
375,5, 834,5
346,7, 849,2
380,1, 852,2
357,1, 852,1
357,4, 853,9
374,7, 859,0
362,7, 862,2
368,0, 863,2
381,6, 863,6
361,8, 858,1
406,3, 872,5
460,9, 898,4
480,6, 934,3
501,0, 1038,0
482,8, 1051,9
476,6, 1053,6
472,8, 1048,1
499,6, 1069,2
499,7, 1083,7
507,7, 1081,9
500,6, 1085,3
464,8, 1061,3
470,1, 1056,8
476,9, 1052,7
479,9, 1052,2
464,7, 1057,9
454,0, 1061,0
439,9, 1055,5
430,1, 1057,8
416,7, 1052,9
422,2, 1045,6
402,7, 1038,8
335,1, 1002,1
298,7, 996,7
236,8, 987,3
126,0, 940,5
85,0, 925,7
139,0, 935,6
165,4, 950,3
215,9, 974,0
214,6, 976,2
271,8, 992,2
273,6, 993,2
326,9, 1009,7
349,5, 1044,7
352,8, 1046,6
521,9, 1246,6
529,5, 1260,3
531,9, 1268,7
481,0, 1285,6
493,0, 1286,3
480,4, 1267,7
460,1, 1264,8
443,4, 1263,7
430,1, 1265,7
414,7, 1256,7
363,7, 1228,3
344,6, 1234,9
348,7, 1227,0
337,9, 1229,9
285,5, 1242,5
307,1, 1236,4
286,4, 1245,6
287,6, 1240,5
282,5, 1237,8
277,3, 1235,6
284,1, 1235,1
301,3, 1237,4
304,4, 1237,7
313,8, 1237,5
313,0, 1228,1
284,0, 1241,2
294,3, 1244,7
283,8, 1243,3
280,6, 1240,6
268,5, 1250,4
257,9, 1261,0
255,8, 1262,9
298,2, 1243,3
289,7, 1244,9
300,0, 1243,4
280,4, 1250,5
268,5, 1297,8
247,7, 1413,1
246,9, 1436,9
257,3, 1446,1
296,2, 1458,8
291,9, 1468,5
296,9, 1473,4
294,2, 1488,8
298,6, 1477,5
296,7, 1481,5
275,8, 1479,0
288,2, 1479,1
279,5, 1471,6
244,7, 1466,9
259,6, 1468,3
261,2, 1466,4
337,7, 1443,1
355,5, 1438,3
569,0, 1412,1
539,8, 1416,5
553,8, 1412,2
533,2, 1413,0
679,7, 1399,9
688,4, 1419,1
688,5, 1407,3
689,4, 1419,8
670,8, 1410,0
633,5, 1401,9
645,2, 1406,2
621,5, 1403,9
606,0, 1397,0
577,1, 1392,4
577,1, 1388,4
586,4, 1395,2
589,3, 1397,2
591,9, 1397,4
592,3, 1375,7
590,2, 1374,6
468,1, 1220,2
476,3, 1232,6
286,6, 1046,3
110,6, 904,6
28,7, 835,4
30,0, 828,3
30,3, 820,7
35,3, 815,7
69,4, 833,6
158,6, 865,7
208,9, 885,7
238,8, 896,3
312,7, 922,3
395,6, 959,1
411,1, 972,7
406,2, 967,7
358,6, 939,5
363,3, 934,0
364,7, 933,1
366,6, 938,7
353,4, 937,0
361,4, 939,7
372,4, 944,5
382,9, 943,0
339,6, 913,7
366,2, 895,9
420,3, 915,8
468,1, 930,8
490,4, 943,2
538,7, 963,5
579,9, 978,1
585,4, 973,7
580,9, 971,8
580,2, 973,4
559,5, 973,8
558,0, 975,4
557,1, 970,8
579,7, 973,5
581,1, 971,4
577,9, 969,7
594,8, 971,1
618,2, 983,7
612,4, 979,7
610,9, 978,4
608,8, 976,9
599,5, 970,0
596,7, 968,3
599,5, 971,1
588,4, 962,8
590,6, 963,8
588,1, 969,0
593,6, 967,7
596,7, 968,0
588,0, 958,7
593,7, 962,3
601,0, 962,0
601,4, 966,4
542,5, 962,7
450,6, 962,2
425,9, 967,5
175,3, 1007,0
67,9, 1036,4
-162,5, 1137,7
-140,7, 1145,9
-137,7, 1127,4
-133,9, 1045,3
-146,4, 1028,9
-150,8, 1018,0
-152,8, 1013,2
-236,9, 943,8
-242,1, 940,7
-257,4, 933,0
-259,6, 930,3
-156,3, 947,4
-145,8, 942,2
-100,7, 939,7
-298,4, 790,9
-276,9, 823,9
-259,4, 847,5
-237,8, 837,3
-152,3, 870,3
-194,1, 838,1
-219,8, 820,3
-230,1, 809,6
-256,3, 773,7
-101,7, 776,5
-123,7, 708,8
-275,5, 623,2
-267,6, 627,9
-191,2, 664,9
-199,0, 645,2
-251,5, 624,3
-277,5, 613,3
-266,6, 618,3
-262,5, 617,9
274,9, 599,4
1216,2, 592,2
1178,6, 581,9
1154,0, 587,2
1162,6, 581,8
1170,4, 582,7
1174,1, 582,5
1173,0, 581,9
1176,0, 582,3
1184,5, 582,6
1184,8, 582,5
1182,0, 567,6
1141,0, 542,1
1075,5, 544,7
798,3, 529,3
728,9, 520,1
743,9, 514,2
669,4, 531,5
623,0, 519,8
640,8, 533,7
657,4, 548,7
645,1, 547,1
655,9, 559,8
660,4, 563,5
664,2, 565,0
670,6, 567,6
669,0, 566,5
688,6, 562,5
740,2, 557,7
836,5, 554,3
1082,7, 543,4
1236,4, 518,7
1299,9, 504,7
1357,9, 507,1
1536,3, 502,5
1817,4, 494,4
1881,5, 492,0
2045,7, 476,6
2158,1, 455,3
2230,2, 446,1
2282,0, 439,5
2286,3, 439,6
2273,2, 446,4
2276,1, 456,5
2269,9, 470,9
2271,6, 476,9
2267,7, 486,9
2265,3, 489,7
2264,2, 472,3
2267,8, 429,6
2258,5, 446,8
2257,8, 445,9
2269,4, 449,8
2284,5, 436,5
2283,3, 434,0
2288,6, 418,9
2292,1, 414,0
2293,7, 414,8
2298,5, 418,4
2299,0, 413,4
2299,9, 413,2
2298,7, 415,0
2298,9, 417,6
2298,3, 413,3
2294,6, 375,4
2284,5, 388,8
2288,3, 395,9
2282,8, 426,2
2292,2, 424,7
2286,5, 433,2
2204,2, 420,0
1773,8, 434,2
1783,9, 422,4
1759,4, 411,6
747,3, 312,1
748,2, 302,4
582,6, 280,5
280,9, 237,2
783,8, 249,0
1059,1, 263,5
910,4, 319,6
679,2, 438,6
574,5, 510,9
580,8, 517,7
600,7, 533,4
603,6, 536,8
622,4, 549,6
316,2, 599,1
67,8, 616,1
70,7, 620,5
77,9, 623,0
76,7, 603,2
74,2, 578,3
80,2, 567,2
81,5, 554,6
-0,9, 536,4
-77,1, 485,0
27,7, 462,0
-20,4, 392,5
-119,0, 374,0
-54,0, 381,6
-169,2, 362,7
-20,6, 399,8
-38,9, 425,9
-15,8, 428,4
28,1, 568,2
128,1, 497,3
75,6, 545,0
148,8, 525,6
184,4, 490,7
186,3, 495,9
187,8, 499,8
185,5, 510,1
186,3, 504,3
174,4, 490,0
180,8, 492,7
187,1, 524,7
182,8, 529,8
178,8, 536,0
174,8, 538,2
135,5, 554,3
132,1, 559,6
140,2, 564,1
151,7, 569,5
1820,7, 461,0
1766,9, 415,1
1794,4, 383,9
1827,9, 337,7
1832,6, 317,3
1838,1, 303,2
1843,6, 196,5
1845,2, 183,8
1842,2, 7,7
1847,9, 16,3
1849,3, 4,1
1857,3, 13,9
1848,9, 23,4
1850,6, 26,7
1849,4, 26,2
1851,6, 151,7
1849,6, 161,9
1861,4, 149,6
1876,7, 110,6
1858,7, 139,0
1871,9, 114,6
1868,0, 103,1
1857,3, 101,5
1774,3, 191,8
1693,9, 260,9
1685,5, 259,7
1680,2, 257,7
1683,4, 259,6
1676,6, 217,8
1684,2, 232,4
1678,2, 224,1
1681,3, 225,9
1718,7, 221,6
1706,1, 223,1
1790,0, 254,4
1981,5, 337,9
1999,8, 352,8
2015,3, 360,1
2151,8, 315,7
2142,1, 373,4
2144,1, 361,8
2142,9, 359,6
2151,5, 341,2
2170,4, 327,3
2158,5, 333,2
2160,7, 334,7
2160,2, 334,2
2139,3, 350,0
2145,3, 365,2
2151,2, 368,3
2147,7, 368,4
2151,9, 373,8
2176,5, 366,9
2167,0, 366,6
2161,8, 364,5
2161,8, 364,5
2159,6, 369,4
2158,0, 376,5
2155,3, 378,1
2141,2, 380,1
2143,9, 381,3
2128,2, 399,4
1927,9, 670,3
1895,3, 716,1
1848,6, 782,8
1798,3, 850,1
1809,3, 835,6
1738,8, 935,5
1741,5, 942,4
1749,4, 939,2
1755,3, 936,2
1753,0, 934,6
1749,2, 929,7
1728,6, 962,6
1634,0, 1131,1
1553,4, 1277,1
1544,4, 1309,9
1524,4, 1349,9
1514,5, 1382,3
1515,8, 1382,0
1513,5, 1379,6
1510,4, 1379,7
1509,7, 1380,9
1508,4, 1381,2
1509,1, 1384,1
1512,0, 1382,9
1513,9, 1384,9
1511,9, 1388,5
1508,2, 1388,8
1501,9, 1389,2
1492,1, 1387,0
1497,9, 1381,4
1547,4, 1400,6
1622,9, 1448,9
1643,8, 1437,2
1638,3, 1424,9
1652,5, 1434,3
1651,6, 1435,3
1652,6, 1424,2
1661,2, 1424,4
1672,9, 1427,7
1663,5, 1434,5
1655,3, 1426,8
1653,7, 1419,0
1655,7, 1418,1
1660,3, 1423,8
1671,8, 1418,7
1690,7, 1405,1
1689,1, 1409,1
1689,4, 1410,6
1691,2, 1417,7
1703,2, 1419,1
1702,3, 1422,6
1706,9, 1424,8
1700,0, 1438,8
1681,7, 1432,8
1676,6, 1431,5
1659,9, 1425,8
1654,3, 1426,3
1652,6, 1427,3
1645,2, 1423,0
1638,9, 1415,2
1642,8, 1412,1
1647,1, 1412,5
1652,2, 1412,8
1657,9, 1415,3
1657,9, 1414,5
1661,8, 1413,9
1663,2, 1413,5
1660,1, 1411,6
1660,4, 1413,3
1534,1, 1545,7
1516,2, 1571,8
1387,5, 1749,5
1275,8, 1873,1
1281,6, 1855,7
892,8, 2296,6
853,3, 2330,8
839,2, 2329,8
821,1, 2305,8
832,3, 2286,3
856,3, 2282,0
845,7, 2287,7
841,1, 2315,3
850,8, 2320,2
854,8, 2325,4
847,7, 2328,8
837,3, 2321,1
810,3, 2321,8
789,9, 2318,6
754,5, 2329,0
745,8, 2331,7
722,4, 2323,9
719,0, 2329,3
702,5,