Listening for gaze data, press any key to exit...
1689,7, 1411,7
1659,0, 1529,6
1681,4, 1639,7
1728,6, 1750,2
1771,8, 1837,2
1752,1, 1820,3
1771,5, 1907,9
1842,4, 2229,4
1913,9, 2284,3
1919,5, 2423,9
1931,4, 2387,1
1971,2, 2444,7
1984,1, 2484,9
2019,2, 2589,6
2040,9, 2606,2
2059,1, 2649,9
2063,9, 2645,7
2205,4, 2567,4
2164,8, 2570,4
2143,9, 2572,5
2191,5, 2612,0
2233,9, 2627,7
2323,6, 2619,9
2360,4, 2685,2
2383,9, 2774,8
2446,2, 2786,7
2469,8, 2806,5
2523,1, 2878,1
2529,7, 2887,5
2492,5, 2831,5
2526,3, 2877,9
2482,6, 2830,1
2466,2, 2783,8
2431,8, 2707,0
2346,1, 2620,5
2346,1, 2620,5
1414,5, 1402,2
945,6, 802,5
950,8, 803,0
944,7, 799,0
940,1, 795,3
937,5, 787,6
926,2, 774,0
924,7, 773,9
923,2, 774,0
920,0, 774,1
860,4, 780,2
646,2, 793,0
646,2, 793,0
22,0, 801,7
51,5, 801,0
75,5, 800,5
68,1, 800,3
70,1, 804,4
195,1, 813,0
1489,3, 1764,3
1519,3, 1903,3
1508,5, 1861,0
1485,5, 1781,3
1464,0, 1670,5
1449,6, 1636,9
1399,3, 1566,3
1362,2, 1519,0
1347,2, 1483,5
1348,7, 1451,4
1346,2, 1419,1
1346,4, 1416,0
1343,4, 1421,4
1339,4, 1430,7
1343,4, 1435,3
1342,1, 1434,5
1336,8, 1431,9
1323,9, 1408,7
1307,9, 1405,8
613,6, 1097,3
535,1, 1066,8
518,3, 1059,0
420,8, 1010,7
401,4, 999,6
379,5, 981,4
396,0, 993,5
395,9, 998,5
445,1, 1017,3
463,0, 1026,2
458,6, 1023,3
454,6, 1016,9
461,1, 972,9
510,2, 938,6
557,8, 907,5
742,5, 840,4
792,1, 826,0
823,4, 818,7
985,7, 768,1
950,1, 738,5
981,5, 771,5
961,2, 747,0
968,2, 753,3
933,0, 720,8
933,1, 722,5
928,9, 715,2
927,2, 701,6
931,8, 704,5
940,1, 708,1
938,1, 705,4
927,4, 702,2
927,2, 704,5
929,9, 707,4
931,2, 708,9
938,4, 713,7
951,8, 728,6
952,3, 729,7
960,9, 733,5
963,9, 734,1
956,4, 733,1
953,5, 730,4
958,3, 728,4
957,2, 692,8
951,0, 679,9
949,9, 675,8
948,8, 668,5
952,3, 672,7
947,2, 661,1
939,4, 649,3
939,5, 649,8
938,6, 649,9
935,6, 649,5
936,5, 653,9
937,4, 657,6
937,9, 658,1
938,1, 653,1
939,2, 652,6
940,0, 652,6
939,7, 650,8
942,3, 656,2
944,5, 668,0
946,3, 675,6
961,4, 676,1
953,0, 682,0
945,6, 685,1
970,9, 687,2
942,5, 642,6
948,0, 665,2
961,2, 667,1
962,6, 668,9
959,2, 673,7
1228,8, 1008,0
1334,7, 1147,9
1489,4, 1355,3
1559,6, 1461,0
1541,5, 1455,3
1587,5, 1527,3
1826,2, 2076,4
1919,5, 2244,3
1956,6, 2220,3
1969,9, 2240,5
1999,7, 2299,7
2040,9, 2314,1
2036,1, 2300,5
2130,9, 2531,2
2133,2, 2618,4
2176,2, 2691,9
2184,7, 2673,4
2220,3, 2647,7
2224,2, 2648,7
2188,8, 2648,7
2197,5, 2637,1
2213,1, 2637,2
2229,2, 2628,2
2213,9, 2660,2
2240,7, 2646,4
2212,6, 2577,6
2137,6, 2506,0
1716,8, 1954,6
1719,1, 2004,7
1729,2, 2062,8
1579,4, 1911,2
1399,1, 1732,0
717,1, 1203,5
342,4, 908,7
432,3, 890,6
351,8, 879,2
313,1, 855,9
223,6, 826,3
229,9, 830,6
269,0, 856,0
266,9, 858,6
283,1, 864,9
305,6, 877,3
381,4, 931,1
367,4, 925,7
212,5, 915,6
200,4, 913,0
143,1, 905,9
170,2, 923,6
204,9, 939,7
195,5, 932,9
-68,7, 1148,0
-65,2, 1155,9
-60,9, 1153,1
-51,9, 1154,0
-56,1, 1159,7
-54,1, 1149,1
48,2, 1177,5
69,8, 1188,9
60,8, 1193,1
-49,5, 1141,9
-60,7, 1147,1
-60,7, 1147,1
-48,7, 1146,2
-53,6, 1147,1
-52,3, 1131,6
-51,2, 1124,7
772,7, 1238,5
883,5, 1263,2
864,7, 1262,0
941,3, 1276,4
1117,3, 1324,4
1142,4, 1321,6
1112,5, 1342,0
1114,5, 1343,2
1119,2, 1340,7
1128,5, 1330,1
1138,3, 1327,0
1153,4, 1310,8
1120,0, 1276,6
926,3, 1101,5
900,2, 1073,6
824,8, 1000,0
806,1, 995,6
821,7, 977,3
813,2, 984,2
744,2, 1636,5
700,2, 2173,6
700,0, 2291,5
704,6, 2309,7
709,7, 2319,5
718,7, 2289,6
714,9, 2288,5
737,9, 2277,1
739,0, 2277,4
744,0, 2279,3
740,1, 2280,5
742,6, 2283,7
746,6, 2287,6
748,9, 2297,5
754,9, 2257,2
770,8, 2224,9
777,4, 2252,7
792,3, 2070,3
795,4, 2018,9
741,2, 1128,0
728,4, 935,2
725,3, 900,3
697,5, 705,1
689,2, 688,3
685,4, 677,6
660,0, 628,2
654,0, 620,2
652,7, 619,0
670,4, 645,9
665,8, 643,8
632,6, 623,4
632,7, 622,3
630,7, 621,3
659,9, 645,4
705,1, 647,5
727,1, 648,8
718,2, 650,3
724,7, 643,1
731,2, 636,2
728,4, 641,1
738,2, 644,8
743,4, 644,5
741,3, 634,4
738,4, 628,2
738,0, 626,5
731,8, 617,7
728,9, 616,6
728,0, 615,7
730,8, 619,1
734,1, 622,2
734,3, 615,3
739,4, 617,9
736,7, 622,0
735,5, 639,2
681,7, 529,8
678,7, 465,2
673,6, 526,3
607,9, 376,4
581,5, 302,0
647,5, 287,4
712,9, 271,4
827,2, 293,7
981,2, 315,0
1450,9, 356,5
1596,0, 368,9
1682,9, 372,0
1817,5, 383,4
1957,2, 405,5
1955,5, 397,7
1987,6, 424,3
1995,8, 419,9
1996,2, 422,1
2038,7, 348,4
2059,6, 346,0
2081,2, 354,9
2079,5, 354,1
2191,9, 359,9
2246,2, 347,1
2471,8, 322,1
2511,1, 295,6
2585,9, 298,0
2594,3, 297,9
2631,7, 301,0
2665,9, 313,0
2673,6, 314,6
2661,9, 322,6
2686,1, 309,4
2671,5, 310,9
2656,3, 310,2
2670,1, 298,3
2659,2, 295,9
2713,2, 310,3
2684,5, 303,0
2682,0, 303,0
2698,8, 297,4
2702,0, 296,0
2708,8, 288,7
2682,9, 286,5
2670,0, 285,3
2693,5, 301,2
2684,3, 304,6
2668,8, 316,5
2691,5, 321,3
2668,0, 329,0
2630,4, 380,4
2612,0, 386,8
2603,4, 386,0
2603,9, 388,9
2597,3, 377,5
2607,3, 374,1
2600,4, 370,4
2603,4, 369,3
2618,3, 348,8
2607,8, 350,3
2606,6, 351,4
2618,9, 350,4
2613,5, 351,6
2602,7, 355,4
2589,5, 361,6
2586,3, 362,7
2593,3, 361,4
2614,4, 363,1
2641,8, 361,5
2642,6, 362,2
2639,2, 370,9
2635,8, 369,6
2587,4, 350,0
2606,0, 362,2
2594,8, 351,8
2603,9, 355,2
2601,5, 367,7
2605,5, 391,1
2599,8, 400,4
2595,0, 406,9
2596,6, 404,6
2599,9, 427,3
2599,0, 437,3
2596,7, 443,5
2593,3, 448,5
2583,0, 456,5
2583,0, 456,2
2585,2, 450,8
2584,6, 450,6
2584,5, 452,1
2581,1, 457,6
2570,9, 459,1
2569,2, 462,1
2569,6, 461,3
2557,7, 449,9
2546,0, 442,7
2497,5, 420,4
2383,1, 458,9
1695,2, 638,1
1505,9, 677,8
1490,6, 692,2
1226,3, 768,2
733,9, 726,7
1904,8, 556,0
2102,4, 349,9
1940,2, 435,0
1132,9, 789,5
1068,8, 790,7
1104,8, 796,2
846,6, 780,9
884,7, 803,1
1005,9, 903,4
1124,4, 1036,5
1185,2, 1106,6
1435,8, 1426,3
1712,0, 1859,6
1765,0, 1933,3
1894,0, 2135,1
1913,1, 2154,6
1984,4, 2288,0
2082,1, 2447,1
2109,1, 2484,1
2186,8, 2611,0
2219,2, 2677,8
2218,4, 2671,9
2221,2, 2680,5
2234,7, 2683,2
2239,3, 2686,6
2250,8, 2688,8
2292,4, 2689,2
2303,1, 2706,8
2310,4, 2707,8
2321,8, 2703,8
2327,4, 2722,1
2342,6, 2728,1
2352,2, 2732,8
2349,4, 2725,3
2348,2, 2648,1
2338,8, 2658,5
2250,0, 2681,1
2238,0, 2679,6
2218,9, 2688,5
1286,9, 1537,8
788,8, 1062,9
708,9, 995,3
588,3, 895,3
579,9, 902,4
464,8, 892,1
423,6, 872,6
185,3, 780,1
186,5, 695,3
-34,1, 739,1
-205,1, 1032,5
-537,7, 934,9
-594,4, 917,4
-619,3, 909,7
-619,3, 909,7
-619,3, 909,7
-404,6, 878,0
-404,6, 878,0
-402,3, 862,6
-401,8, 859,7
-260,7, 923,7
-165,1, 987,1
-97,0, 1023,2
-28,7, 1028,4
-19,5, 1023,3
35,4, 1014,2
38,0, 1008,7
71,7, 996,7
27,5, 974,9
22,0, 962,5
18,3, 940,4
18,4, 940,8
109,7, 963,0
-3,4, 987,5
-1,5, 989,4
-10,6, 994,4
29,7, 989,1
12,1, 992,5
-5,3, 996,4
38,8, 997,4
50,6, 1018,0
118,7, 1021,8
114,3, 1024,7
143,5, 1027,7
88,6, 1026,2
128,6, 1024,7
91,2, 1023,2
130,2, 1028,5
133,5, 1020,7
165,7, 1022,2
396,8, 998,7
513,8, 986,4
540,4, 984,6
969,6, 952,1
1842,7, 872,7
1863,8, 881,9
2680,3, 920,2
2702,1, 881,5
2715,2, 877,2
2712,2, 878,2
3146,1, 1087,0
3395,6, 1150,4
3575,9, 1194,7
3537,6, 1175,6
3522,2, 1211,9
3625,2, 1184,1
3440,9, 1241,2
3415,3, 1255,1
3417,6, 1264,9
3441,8, 1245,9
3430,6, 1258,4
3437,6, 1251,5
3414,7, 1231,6
3412,6, 1232,7
3407,5, 1234,4
3388,3, 1258,6
3411,8, 1235,6
3319,6, 1284,4
3343,6, 1347,9
3332,0, 1389,7
3345,5, 1386,7
3349,0, 1394,5
3330,9, 1398,3
3321,2, 1407,6
3291,5, 1420,9
3296,0, 1416,8
3305,9, 1412,1
3284,9, 1412,4
3315,1, 1383,5
3322,2, 1400,2
3319,2, 1406,4
3339,0, 1402,1
3379,9, 1388,7
3359,8, 1393,0
3373,0, 1372,9
3381,4, 1374,1
3372,3, 1373,8
3327,7, 1385,6
3288,6, 1432,0
3362,2, 1453,5
3321,0, 1464,2
3319,8, 1458,4
3320,6, 1457,7
3428,5, 1468,0
3427,1, 1467,6
3362,4, 1456,3
3335,1, 1469,8
3209,7, 1449,5
3237,7, 1497,1
3365,2, 1440,8
3373,0, 1439,5
3244,0, 1497,9
3113,9, 1493,8
2825,6, 1432,0
2369,4, 1350,8
9,6, 1069,3
39,9, 1087,3
32,3, 1069,3
24,3, 1029,2
10,0, 1020,1
30,1, 1067,8
36,7, 1070,0
32,7, 1064,9
35,5, 1062,5
57,9, 1063,9
42,8, 1066,8
29,0, 1060,3
6,2, 1041,1
137,9, 775,2
166,3, 739,9
-101,2, 991,9
-101,1, 964,7
-143,0, 955,5
-145,0, 955,7
-30,6, 851,5
5,8, 853,6
788,1, 831,9
891,1, 827,4
1023,2, 832,2
3330,0, 1092,2
3309,3, 1150,3
3311,7, 1130,3
3309,6, 1117,3
3282,2, 1081,1
3253,4, 1078,8
3199,6, 1138,7
3191,8, 1138,6
3165,7, 1136,7
3156,7, 1181,7
3144,2, 1177,7
3139,7, 1181,7
3023,7, 1151,1
2846,7, 1099,0
2748,5, 1101,6
2745,0, 1099,4
2765,5, 1053,5
2731,5, 1071,0
2737,2, 1057,5
2750,6, 1051,3
2788,4, 1031,1
2850,8, 987,7
2852,4, 986,0
2847,8, 1011,2
2850,1, 1006,2
2850,1, 994,6
2842,6, 1001,4
2838,6, 1006,4
2832,7, 1004,1
2799,4, 995,9
2750,0, 997,9
2529,4, 994,5
2497,7, 995,1
2394,8, 993,6
2348,1, 991,2
2414,2, 986,5
2329,6, 976,5
2182,5, 962,2
2178,9, 962,5
2185,3, 957,4
2182,7, 958,9
2173,7, 957,9
2165,1, 951,0
2143,7, 951,5
2147,8, 950,9
2161,9, 955,3
2152,1, 992,5
2135,3, 1136,7
2155,6, 1414,5
2178,1, 1576,4
2175,4, 1729,5
2250,7, 2257,7
2291,0, 2385,3
2354,1, 2575,3
2376,3, 2703,2
2391,3, 2724,3
2356,2, 2674,6
2334,4, 2647,2
2325,1, 2649,8
2323,7, 2652,3
2351,4, 2671,4
2352,4, 2672,2
2343,6, 2656,1
2345,3, 2656,5
2308,6, 2639,4
2318,2, 2643,2
2184,5, 2497,3
1892,7, 1975,8
1805,0, 1872,8
1726,6, 1822,0
1593,4, 1717,0
421,7, 883,6
-50,5, 777,2
-88,5, 723,6
-131,0, 672,5
-139,3, 658,9
-137,2, 657,0
-68,2, 740,3
-104,9, 724,5
-101,3, 883,8
-90,7, 962,8
-81,0, 956,1
-71,5, 955,5
-85,1, 967,8
-219,8, 921,1
-214,9, 884,9
-120,4, 879,9
-159,1, 853,4
-239,0, 818,3
-240,0, 797,8
-234,5, 776,1
-124,3, 791,3
-93,1, 812,8
-100,6, 818,1
-159,0, 787,5
257,8, 404,2
367,8, 324,7
367,0, 322,1
-81,3, 485,3
-68,5, 476,3
-44,5, 482,1
-44,2, 482,4
-42,1, 481,9
-49,6, 477,6
-53,6, 471,4
166,2, 656,7
389,5, 816,1
410,9, 835,0
516,0, 892,0
538,4, 924,8
532,1, 920,3
518,8, 911,8
520,3, 909,6
473,9, 884,1
435,5, 874,9
377,8, 848,4
344,4, 821,7
319,1, 801,7
306,0, 812,8
159,9, 790,2
-220,1, 886,4
-212,4, 890,9
-315,5, 921,0
-389,0, 912,8
-416,1, 901,4
-444,4, 882,4
-496,7, 876,9
-517,0, 886,2
-490,5, 907,1
-504,6, 902,6
-435,9, 922,3
-420,6, 942,7
-427,2, 947,3
-424,4, 946,4
-416,1, 943,3
-413,1, 927,4
-427,6, 921,1
-424,0, 920,7
-341,0, 962,1
-265,9, 993,6
-191,7, 1015,3
-51,1, 1056,4
43,4, 1109,7
77,4, 1111,6
88,3, 1107,5
92,1, 1110,4
129,9, 1119,2
147,0, 1118,2
153,8, 1129,2
175,5, 1145,5
199,1, 1142,2
204,8, 1155,6
210,1, 1153,4
247,6, 1174,3
248,4, 1169,1
257,6, 1176,0
265,6, 1176,0
262,0, 1184,1
269,5, 1179,6
251,5, 1179,2
264,0, 1174,1
222,1, 1158,0
217,6, 1131,9
171,4, 1122,9
181,2, 1113,0
147,5, 1120,2
215,0, 1049,9
318,2, 948,0
288,9, 977,0
300,7, 962,4
283,8, 956,5
296,4, 925,3
86,2, 1039,5
71,5, 1044,8
72,4, 1044,5
340,6, 835,5
240,7, 1038,8
380,5, 852,8
376,3, 854,3
353,9, 884,5
370,6, 887,9
729,8, 919,7
2696,7, 713,6
2704,9, 713,5
2672,0, 726,4
2654,6, 717,1
2666,0, 693,5
2668,9, 692,6
2721,5, 662,2
2738,9, 651,3
2726,3, 651,0
2834,4, 591,2
2836,9, 590,3
2841,2, 587,7
2853,7, 577,4
2857,2, 581,3
2860,4, 584,8
2871,5, 588,7
2869,1, 591,2
2864,1, 561,8
2857,6, 554,9
2855,1, 556,2
3339,3, 918,7
3312,8, 909,2
3305,3, 886,8
3313,6, 881,3
3304,6, 868,8
3299,4, 862,7
2988,7, 776,2
2932,8, 760,6
2935,9, 744,0
2943,1, 740,0
2942,2, 740,7
2941,2, 734,0
2936,1, 729,4
2943,2, 744,6
2981,0, 741,2
2966,7, 728,3
3144,5, 774,8
3177,2, 776,2
3184,9, 772,2
3185,0, 772,2
2889,9, 557,0
2741,6, 444,5
3166,4, 742,9
3163,6, 739,0
3162,4, 737,3
2690,0, 782,6
2675,6, 773,8
2672,9, 769,0
2671,8, 758,3
2672,1, 742,7
2699,0, 719,0
2700,5, 703,2
2707,3, 704,0
2620,3, 753,3
2582,7, 768,0
1893,9, 768,2
1701,4, 744,2
1583,3, 722,8
1655,7, 744,5
1047,6, 716,8
653,1, 725,5
665,9, 715,3
665,9, 715,3
457,9, 868,0
437,8, 810,0
441,1, 836,9
454,0, 875,0
454,8, 875,8
371,7, 775,8
389,7, 785,1
378,0, 761,5
389,6, 762,9
369,8, 730,3
364,0, 723,3
356,1, 718,1
361,8, 711,4
369,2, 718,4
374,7, 723,7
385,0, 776,8
226,3, 717,1
222,4, 708,2
212,0, 703,5
205,4, 704,3
204,2, 704,8
1720,0, 720,0
1236,2, 571,0
1434,4, 777,7
1312,5, 657,3
2562,7, 592,2
2476,2, 576,6
2475,4, 569,3
2501,2, 537,4
2571,3, 499,9
2758,8, 422,0
2933,9, 392,2
2932,3, 393,3
3381,3, 377,1
3391,9, 372,1
3384,2, 369,8
3384,7, 331,8
3372,7, 338,6
3359,0, 339,0
3361,0, 340,4
3376,5, 347,3
3314,5, 377,7
3263,7, 365,0
3270,9, 374,0
3280,6, 393,1
3281,0, 397,8
3290,2, 372,5
3282,6, 380,7
3284,1, 380,9
3290,6, 366,9
3271,2, 360,7
3262,5, 359,0
2436,2, 473,1
2402,1, 507,1
2264,6, 517,5
2095,4, 520,5
2024,9, 510,5
1932,2, 498,5
1699,0, 485,9
1593,3, 471,1
1558,8, 477,2
1488,1, 498,7
1459,9, 516,6
1458,6, 512,3
1453,3, 497,8
1451,1, 482,9
1449,9, 455,1
1425,1, 416,7
1369,0, 365,6
1378,1, 375,3
552,6, 285,9
3194,5, 77,0
2751,3, -32,9
2794,2, -59,7
2897,1, -156,1
2959,2, -202,7
2971,9, -208,4
3635,8, -274,0
2373,1, 184,5
3480,5, -215,2
3480,5, -215,2
3429,0, 274,4
3461,9, 283,4
3340,7, 337,6
3380,8, 338,5
3353,9, 360,6
3236,5, 702,7
3204,5, 798,9
3072,7, 1040,2
2865,6, 1435,0
2771,2, 1727,5
2744,0, 1782,7
2597,0, 2179,7
2488,0, 2447,8
2400,3, 2651,4
2429,9, 2723,7
2394,0, 2745,8
2358,6, 2737,2
2393,2, 2747,2
2376,9, 2729,2
2384,1, 2730,7
2326,3, 2693,8
2273,5, 2678,9
2289,5, 2676,9
2337,4, 2691,6
2351,6, 2683,6
2242,5, 2456,0
2061,1, 2012,0
2009,6, 1864,9
1908,4, 1599,1
1848,3, 1469,4
1731,9, 1230,5
1583,3, 1015,5
1005,6, 357,4
829,5, 241,0
800,3, 223,1
710,1, 177,9
558,0, 136,9
421,6, 117,9
254,2, 146,3
251,9, 135,0
118,5, 51,0
36,6, 60,8
-30,4, 175,5
19,0, 175,6
-38,1, 155,6
23,2, 212,8
47,2, 231,6
57,4, 240,2
31,9, 225,3
-67,1, 167,2
-114,1, 140,3
-132,7, 113,7
-155,5, 262,3
-142,3, 263,8
-142,3, 263,8
-333,6, 422,2
-331,5, 417,9
-326,3, 392,9
-98,2, 419,0
16,4, 428,5
12,5, 391,5
10,4, 345,6
1,7, 350,1
11,3, 351,7
22,6, 347,6
20,3, 362,0
23,1, 349,3
21,2, 339,4
20,0, 341,0
821,8, 368,7
1818,1, 81,1
2779,4, -200,8
2779,4, -200,8
2843,6, -136,5
2872,8, -121,0
2901,3, -166,5
2936,9, -203,4
2976,2, -235,0
2941,7, -222,5
2942,0, -234,6
2726,8, -168,9
2781,9, 133,9
2779,5, 169,8
2789,8, 243,5
2777,6, 242,4
2747,3, 239,1
2704,0, 264,1
2596,7, 333,3
2581,0, 343,7
2519,3, 392,6
2520,7, 453,9
2517,5, 435,1
2518,4, 433,0
2536,4, 418,8
2538,1, 401,0
2557,0, 379,9
2591,5, 382,8
2589,9, 371,0
2590,2, 353,4
2606,7, 383,9
2605,4, 381,0
2604,0, 375,7
2611,8, 388,7
2614,4, 392,6
2610,9, 387,1
2617,7, 380,7
2620,5, 385,0
2620,7, 382,1
2621,2, 365,7
2625,0, 359,8
2628,7, 349,1
2662,3, 310,0
2776,7, 315,2
2984,9, 343,9
2988,9, 344,7
3400,1, 324,4
3401,0, 313,8
3396,3, 320,9
3427,2, 333,3
3457,3, 342,2
3459,8, 341,4
3464,0, 344,4
3465,4, 345,8
2943,2, 335,9
2886,3, 446,6
2920,0, 358,5
2914,2, 375,7
2935,4, 351,0
3043,3, 238,0
3206,8, 104,2
3136,7, 171,5
3111,4, 194,0
3000,5, 345,9
2973,7, 365,4
2852,7, 472,2
2749,1, 600,2
2725,4, 632,9
2679,6, 647,2
2664,1, 647,2
2272,2, 586,1
2227,7, 588,4
2190,3, 580,0
2164,3, 510,9
2110,2, 435,6
2113,5, 364,4
2103,8, 349,3
2075,5, 308,9
2057,0, 314,6
1743,2, 247,6
1626,3, 230,9
1185,4, -38,8
1536,0, 80,9
-162,0, 107,3
-163,3, 64,7
-149,9, 79,1
-189,2, 109,7
-225,1, 113,7
-189,1, 87,4
-116,4, 108,5
-123,6, 116,0
-151,8, 121,6
-138,9, 111,6
-149,4, 104,8
-154,0, 101,8
33,1, 103,1
516,6, 219,7
1366,1, 203,1
1571,3, 110,9
1861,6, 82,5
1666,1, 103,1
1814,8, 86,1
1998,3, 70,5
2073,0, 102,1
2106,3, 110,3
2127,7, 102,1
2136,5, 96,2
2140,8, 91,4
2151,0, 85,1
2158,7, 81,7
2169,5, 77,8
2191,0, 79,7
2227,7, 82,7
2486,2, 127,3
2549,5, 138,0
2564,4, 158,1
2641,7, 198,6
2620,9, 167,8
2623,6, 254,6
2630,7, 251,2
2639,8, 246,4
2682,0, 212,4
2680,1, 302,7
2683,3, 293,7
2681,4, 334,2
2696,7, 343,5
2685,5, 340,6
2674,9, 343,5
2679,7, 340,6
2692,2, 332,8
2684,1, 324,9
2679,3, 323,7
2678,5, 322,8
2685,0, 332,6
2678,7, 334,4
2689,7, 345,7
2684,7, 352,2
2677,4, 353,5
3106,4, 299,8
3269,8, 527,8
3575,8, 413,4
3622,8, 438,7
3608,4, 458,8
3619,3, 478,4
3649,2, 498,3
3658,9, 505,0
2998,4, 686,6
2916,5, 684,0
2886,5, 687,0
2909,8, 692,6
2929,2, 696,6
2892,5, 684,2
2901,1, 693,6
2916,0, 693,1
2870,1, 699,2
2878,7, 700,9
2892,1, 699,0
2920,9, 698,9
2937,6, 737,0
2936,5, 749,8
2934,1, 755,8
2933,7, 755,9
2930,4, 756,5
2918,0, 752,8
2913,1, 743,3
2910,8, 742,8
2907,0, 738,7
2900,6, 753,2
2893,4, 751,2
2892,4, 745,0
2888,4, 758,6
2885,1, 752,7
2877,9, 761,2
2874,1, 755,2
2857,9, 781,2
2414,4, 819,0
2145,3, 856,5
2027,9, 851,8
1934,2, 842,8
1693,9, 822,1
1595,1, 806,5
1543,1, 793,3
1504,7, 790,9
1483,2, 786,9
1484,4, 774,2
1488,9, 754,8
1501,6, 770,6
-201,8, 787,8
-209,6, 771,6
-208,7, 805,2
-224,9, 790,8
-282,1, 769,6
-249,9, 776,9
-263,0, 771,7
-247,3, 787,9
-222,9, 799,2
-254,3, 784,5
-237,7, 773,8
-188,3, 801,4
61,3, 782,1
186,8, 788,3
1757,0, 663,2
2673,8, 1006,1
2730,8, 1016,1
2869,2, 1062,1
2981,1, 1102,6
3034,5, 1121,9
3059,9, 1130,6
3076,3, 1146,7
3177,4, 1214,1
3189,4, 1199,6
3180,9, 1218,5
3170,5, 1225,7
3169,8, 1232,5
3155,6, 1238,1
3182,1, 1223,9
3152,5, 1238,4
3149,9, 1238,5
3173,0, 1227,9
3213,4, 1271,4
3283,0, 1356,8
3315,3, 1410,9
3315,4, 1427,2
3282,6, 1450,8
3228,7, 1439,7
3237,9, 1438,8
3276,9, 1440,0
3387,9, 1484,9
3388,9, 1483,3
3377,0, 1483,4
3357,2, 1473,3
3358,0, 1463,9
3353,6, 1465,9
3358,0, 1467,2
3373,7, 1475,3
3377,1, 1477,7
3439,9, 1501,4
3480,9, 1510,8
3488,6, 1504,9
3491,3, 1503,9
3491,8, 1494,6
3521,7, 1485,4
3539,1, 1481,2
3555,6, 1481,2
3553,4, 1480,1
3538,9, 1483,1
3518,2, 1486,7
3514,7, 1486,7
3514,0, 1490,8
3490,3, 1463,5
3494,1, 1447,7
3482,9, 1450,1
3492,9, 1447,1
3519,1, 1440,5
3263,6, 1281,2
3256,6, 1285,6
3249,6, 1287,0
3264,0, 1274,8
3261,0, 1221,6
3263,8, 1206,0
3268,0, 1206,7
3280,6, 1206,3
3271,2, 1189,4
3252,7, 1149,6
2713,9, 1478,1
2683,0, 1526,9
2541,4, 1932,4
2512,1, 2005,0
2496,8, 2160,1
2467,6, 2302,3
2444,5, 2377,3
2433,6, 2460,7
2410,3, 2572,0
2423,3, 2652,9
2403,3, 2609,9
2393,5, 2598,7
2398,4, 2607,5
2385,0, 2624,1
2372,6, 2632,9
2361,9, 2609,1
2369,8, 2656,4
2374,1, 2680,9
2371,7, 2669,4
2366,5, 2688,7
2341,6, 2684,7
2343,9, 2691,1
2363,4, 2694,5
2380,5, 2678,9
2,6, 1041,5
20,3, 1088,9
-97,9, 1169,7
-165,6, 1227,1
-182,6, 1262,3
-135,1, 1271,8
-133,6, 1271,8
-43,7, 1288,4
-14,0, 1311,4
-29,9, 1302,3
65,1, 1346,5
48,8, 1336,2
52,0, 1324,3
57,7, 1321,4
57,7, 1321,4
142,1, 1225,9
211,4, 1162,6
263,5, 1148,5
357,4, 1158,4
363,6, 1159,3
384,6, 1161,6
407,1, 1163,3
418,9, 1166,5
434,4, 1170,9
460,2, 1171,4
647,0, 1065,0
538,6, 1105,1
424,8, 1154,2
474,1, 1126,3
432,0, 1143,0
738,9, 961,2
697,9, 970,3
636,3, 990,8
461,2, 1079,9
339,1, 1139,7
347,4, 1132,3
324,9, 1119,2
291,8, 1091,7
237,9, 1015,4
-0,4, 878,8
-108,4, 779,9
-129,6, 773,1
-131,4, 757,4
-127,6, 740,8
-127,3, 735,9
-157,9, 659,1
-172,9, 626,5
-156,9, 612,3
47,9, 563,8
-134,0, 529,6
-297,2, 465,6
-407,9, 341,7
-425,0, 299,7
-425,0, 299,7
486,4, 409,6
812,7, 440,4
829,6, 437,9
831,8, 422,4
831,9, 411,3
831,4, 410,6
839,6, 395,3
854,2, 390,4
907,8, 416,9
906,9, 415,3
1014,5, 434,6
1222,5, 421,3
2650,3, 351,6
2636,9, 348,7
2627,4, 346,7
2626,3, 346,4
2642,9, 344,9
2664,1, 290,2
2674,4, 305,1
2678,3, 317,5
2684,5, 319,0
2697,3, 360,0
2690,7, 352,5
2691,3, 356,1
2668,0, 364,5
2663,4, 352,3
2652,8, 343,3
2648,0, 338,2
2651,5, 357,0
2658,6, 386,2
2654,9, 371,9
2655,7, 377,5
2655,7, 378,5
2651,0, 366,5
2641,1, 357,4
2632,8, 381,3
2624,0, 354,9
2619,7, 341,0
2950,4, 191,7
2934,2, 183,2
2942,4, 186,3
2949,7, 189,0
2516,9, 188,6
2330,7, 201,8
2277,8, 216,8
2289,9, 211,4
2130,2, 249,9
2039,1, 269,2
2036,0, 252,6
2035,3, 248,9
2041,6, 235,0
2042,8, 225,0
2047,5, 211,1
2049,9, 210,2
2037,2, 187,0
2036,3, 164,9
2041,7, 122,6
2042,2, 115,6
2042,0, 112,2
2049,5, 105,3
2048,3, 89,1
2046,3, 90,6
1994,8, 62,6
1799,0, -7,7
1785,9, 9,0
1689,7, 90,8
1272,3, -18,3
1168,4, 9,4
1125,9, 5,4
1014,9, 25,3
968,3, 33,6
807,2, 12,9
784,5, 6,4
571,2, -3,0
126,1, -63,3
-349,4, -140,8
-356,3, -162,4
-371,7, -228,4
-357,6, -226,8
-238,2, -177,5
-275,2, -219,2
-255,8, -219,2
-217,1, -182,9
-208,7, -186,5
-226,4, -200,0
-228,6, -191,7
-194,3, -173,6
132,6, 192,8
120,6, 181,6
117,5, 180,6
105,0, 169,4
91,7, 156,4
-258,8, -225,2
-259,9, -241,2
-250,1, -245,2
-220,0, -223,0
-208,5, -213,7
203,8, -15,9
547,4, 43,0
580,0, 70,7
568,5, 54,7
677,4, 81,2
701,2, 90,0
719,9, 90,8
721,8, 84,2
740,9, 90,0
730,5, 83,3
840,4, 82,0
841,5, 78,8
847,6, 48,5
843,5, 51,0
843,3, 64,2
850,1, 43,8
845,4, 53,6
856,9, 26,6
859,4, 24,8
887,4, 27,0
938,5, 93,1
959,9, 111,6
1004,9, 158,7
1020,9, 163,5
1040,7, 163,7
1068,0, 170,0
2341,1, 2522,1
2308,0, 2479,1
2326,5, 2480,0
3174,4, 507,2
3243,5, 385,1
3294,6, 323,4
3382,3, 282,9
3318,0, 278,7
3303,3, 275,2
3308,6, 288,1
3135,7, 380,4
3354,2, 312,6
3205,8, 362,3
3229,9, 348,8
3139,2, 392,6
3405,8, 367,1
3420,9, 462,4
3442,2, 476,8
3461,7, 470,5
3486,0, 470,5
3514,2, 470,4
2703,2, 556,2
2645,8, 555,0
2591,5, 554,7
2532,0, 555,6
2512,1, 538,6
2503,2, 525,6
2499,1, 508,1
2498,8, 483,1
2463,8, 485,5
2382,8, 532,4
1658,8, 460,4
1571,5, 444,6
1280,3, 329,9
1337,3, 211,3
1365,6, 106,4
1030,0, -159,9
1208,8, -18,1
1355,3, 98,2
1325,3, -126,1
1340,3, -226,5
-86,1, 11,7
-106,2, -0,8
-102,4, 3,0
-100,2, 8,1
-118,3, -22,4
-98,0, 23,3
-129,6, -1,4
-144,5, -17,3
-142,7, -17,7
-135,5, -1,3
-134,0, 4,7
815,7, 149,0
1208,7, 184,8
1303,7, 168,5
1297,4, 171,7
1431,2, 134,5
1503,9, 115,4
1702,8, 66,3
1705,9, 77,4
1708,4, 75,7
1715,1, 90,2
1717,9, 84,6
1721,4, 91,3
1730,9, 85,9
1739,1, 86,4
1731,2, 88,7
1736,9, 85,1
1729,8, 67,6
1730,8, 62,5
1734,9, 63,9
1741,2, 35,9
1741,1, 27,6
1742,8, 21,7
1741,7, -1,8
1742,4, -3,6
1743,9, -3,0
1748,9, -5,0
1746,5, -9,2
1753,9, -11,2
1757,9, -11,5
1756,1, -13,3
1759,5, -17,5
1764,2, -16,2
1769,9, -16,8
1801,2, -17,8
1869,9, 0,7
1930,9, 12,6
2178,1, 16,4
2375,7, 14,5
2649,4, 10,6
2635,0, 166,9
2671,5, 130,8
2672,3, 163,9
2668,1, 232,7
2651,0, 220,3
2644,4, 209,7
2651,3, 206,8
2640,0, 240,7
2657,1, 236,0
2662,0, 240,4
2669,8, 261,7
2677,6, 260,6
2663,2, 257,9
2658,4, 261,4
2669,0, 269,6
2682,6, 294,7
2663,2, 291,6
2683,0, 304,6
2678,0, 318,1
2652,9, 317,6
2650,9, 331,7
2650,2, 334,4
2638,2, 326,1
2633,8, 331,4
2618,1, 318,0
2613,3, 322,2
2614,8, 357,6
2612,8, 349,3
2612,2, 377,2
2623,7, 357,4
2785,9, 227,8
2861,0, 167,4
2880,1, 148,5
3341,9, 122,5
3335,0, 104,2
3344,4, 112,3
3359,5, 101,2
3362,6, 108,5
3356,4, 111,5
3340,7, 110,2
3334,7, 110,1
2514,7, 142,1
2316,1, 185,8
2132,5, 211,3
2109,3, 215,5
2050,0, 216,2
1900,8, 198,6
1897,7, 195,8
1891,9, 185,1
1890,1, 182,1
1890,6, 182,4
1879,4, 176,5
1713,8, 145,2
1663,3, 130,1
1437,2, 23,7
1414,6, 28,4
1384,8, 15,8
1393,7, 32,9
1372,3, 40,5
1184,5, 28,0
661,1, 25,2
564,8, 8,2
275,3, -10,6
23,8, -26,2
-76,2, 40,8
-126,7, 28,9
-112,1, 15,7
-157,1, 10,0
-137,7, 21,0
-120,1, 30,0
128,0, -56,7
419,0, -19,6
430,8, -17,2
444,4, 1,2
446,1, -14,8
495,7, -165,6
557,8, -89,5
791,3, -31,3
821,8, -27,9
866,6, 11,5
892,1, 20,4
901,3, 27,1
906,9, 29,7
899,3, -1,5
895,6, -6,3
903,4, -16,7
902,6, -9,8
930,8, -7,6
940,3, -3,1
957,9, 14,8
961,0, 24,7
960,7, 23,3
963,5, 9,2
964,0, 12,5
971,7, 14,8
983,5, 24,6
994,0, 38,0
1006,4, 52,2
1010,5, 66,1
1017,7, 71,4
1028,6, 63,4
1038,6, 69,9
1043,7, 74,8
1080,7, 80,7
1103,0, 88,2
1102,3, 98,8
1111,1, 114,8
1108,6, 129,2
1130,4, 133,6
1222,4, 142,0
1226,6, 137,1
1294,6, 144,9
1483,1, 179,5
1756,2, 169,4
2112,7, 128,4
2522,9, 137,2
3069,9, 159,3
3092,8, 113,6
3175,1, 16,6
3170,8, 27,1
3418,6, -68,9
3416,6, -64,0
3460,6, 34,8
3505,8, 59,7
3507,5, 44,5
3521,7, 18,4
3489,4, 0,7
3322,8, -69,5
3305,7, -120,6
3290,9, -132,8
3289,4, -131,6
3281,7, -118,1
3295,6, -127,0
3317,3, -163,7
3288,6, -149,8
3304,9, -134,1
3305,8, -161,5
3306,3, -151,3
3270,6, -161,4
3179,3, -134,8
2594,7, -61,3
2250,5, -47,2
2024,9, -63,5
1908,0, -42,5
1945,7, -51,4
1898,4, -39,7
1690,8, -19,0
1650,4, -50,2
1642,3, -48,5
1643,7, -41,6
1638,7, -33,4
1632,9, -40,7
1629,0, -42,0
1628,7, -43,9
1630,5, -42,6
1633,0, -38,4
1636,9, -34,2
1636,1, -39,4
1640,6, -34,1
1643,0, -33,6
1628,0, -77,3
1630,0, -73,2
1633,8, -64,4
1637,2, -61,5
1641,9, -53,6
1630,7, -68,5
1633,3, -66,8
1653,8, -56,3
1643,8, -67,1
1650,6, -64,7
1644,7, -67,5
1659,5, -53,3
1646,4, -61,0
1647,5, -72,0
1658,0, -59,5
1663,1, -56,8
1647,7, -74,5
1650,8, -72,0
1573,2, -91,9
1605,7, -88,7
1399,4, -118,4
1267,7, -130,3
921,0, -117,4
116,4, -140,8
168,1, -29,1
117,3, -66,0
139,1, -48,5
47,8, -115,0
49,4, -117,2
55,2, -108,8
146,6, -22,7
76,8, -85,1
137,3, -30,8
34,6, -124,8
33,9, -126,0
187,7, 20,1
187,7, 20,1
-168,0, 82,1
-164,3, 112,1
-164,9, 132,4
-165,8, 135,5
-176,5, 124,6
-194,1, 121,7
-199,9, 116,4
-178,1, 127,1
-172,1, 129,7
-53,2, 187,1
-152,4, 321,8
-54,7, 481,8
-18,7, 568,6
-23,2, 548,9
-87,1, 517,2
-116,2, 494,7
480,5, 910,3
501,7, 926,1
524,2, 947,1
472,5, 931,1
387,4, 890,2
284,6, 901,4
265,4, 914,8
269,9, 895,7
267,7, 889,0
282,3, 875,8
290,3, 870,2
290,7, 870,4
281,9, 830,4
297,0, 809,7
307,9, 751,5
344,5, 890,4
367,5, 930,6
355,3, 1072,0
363,3, 1110,7
376,8, 1195,1
378,1, 1197,3
382,6, 1185,1
370,3, 1208,4
368,6, 1209,0
356,6, 1152,7
362,0, 1180,7
332,5, 1119,4
329,0, 1112,0
240,9, 963,7
250,5, 967,8
252,6, 968,3
262,0, 959,3
271,5, 965,9
290,4, 973,5
302,2, 976,0
329,8, 996,0
344,8, 1003,2
355,0, 1011,9
370,3, 1021,9
373,9, 1024,1
370,6, 1033,8
349,1, 1044,6
345,0, 1044,7
241,5, 997,2
229,5, 995,6
224,2, 993,2
221,8, 993,1
205,0, 1000,3
203,3, 996,3
194,9, 995,4
174,8, 970,7
109,3, 621,5
311,1, 663,3
574,8, 734,3
518,8, 715,6
760,0, 763,3
1034,3, 794,1
1215,3, 814,7
1229,8, 809,3
1332,1, 792,0
1428,1, 781,2
1440,4, 786,9
1467,9, 799,8
1481,7, 805,5
1513,6, 807,2
1562,4, 804,4
1623,0, 807,7
1637,0, 810,8
1641,6, 810,5
1648,7, 797,9
1648,5, 793,3
1652,9, 791,0
1640,7, 789,5
1640,6, 780,3
1641,0, 778,0
1642,1, 771,3
1069,4, 759,7
1063,1, 762,0
1232,4, 772,5
1242,5, 772,8
-218,6, 820,9
-225,8, 828,6
-225,8, 828,6
-3,5, 912,5
14,7, 919,3
62,6, 937,4
278,4, 1023,3
289,6, 1029,0
310,3, 1042,2
322,1, 1036,5
311,4, 1028,8
307,2, 1023,9
292,6, 1020,7
256,7, 1006,1
249,3, 998,5
250,3, 984,5
249,5, 977,2
246,3, 957,6
245,8, 968,8
228,3, 936,2
231,7, 928,8
234,7, 904,8
232,7, 897,5
237,4, 861,4
237,0, 856,9
231,1, 807,6
222,0, 806,0
223,8, 802,7
223,9, 802,6
827,7, 803,0
1015,2, 802,6
1208,1, 805,3
1338,7, 797,6
1404,7, 789,8
1503,0, 779,2
1502,8, 779,6
1738,8, 751,3
1937,6, 736,0
2247,6, 725,1
2418,0, 733,4
2549,8, 739,9
2626,3, 736,7
2662,2, 725,3
2769,1, 712,8
2801,0, 699,3
2813,9, 696,8
2816,6, 693,9
2826,8, 708,4
2827,3, 699,1
2823,2, 696,3
2823,5, 703,9
2828,7, 700,0
2829,3, 706,9
2838,7, 700,2
2874,6, 680,1
2877,7, 682,2
2889,4, 694,4
2894,4, 686,2
2878,3, 710,6
2876,0, 711,2
2875,7, 703,5
2915,5, 668,5
2969,8, 651,3
3101,8, 656,3
3102,1, 654,8
3385,9, 809,4
3350,8, 782,8
3323,4, 817,4
3321,4, 831,9
3320,5, 838,2
3123,2, 760,0
3126,6, 760,7
3111,2, 772,5
3097,5, 754,0
3079,8, 755,4
3082,4, 751,3
3057,6, 760,4
3035,8, 778,5
2974,1, 820,9
2971,6, 834,1
3108,4, 855,2
3108,4, 855,2
3102,2, 848,3
3104,2, 844,6
3122,0, 838,9
3085,8, 833,0
3087,2, 836,6
3088,8, 851,7
3095,5, 848,1
3122,1, 841,9
3087,3, 831,0
3048,3, 823,1
3047,3, 818,0
3046,9, 815,7
2511,0, 801,3
1984,4, 805,0
2210,4, 761,0
2174,6, 768,4
2134,7, 783,9
2124,7, 785,9
2115,1, 761,5
2097,6, 722,7
2074,2, 703,7
2041,5, 690,3
1873,9, 702,5
1704,7, 724,6
1614,3, 731,4
1548,9, 735,5
1148,7, 731,1
1083,0, 721,3
650,8, 705,4
599,1, 715,3
551,6, 700,5
553,8, 709,6
541,0, 727,2
603,2, 693,5
184,8, 490,0
196,8, 448,8
193,7, 440,9
196,0, 429,0
146,2, 433,2
323,8, 411,5
421,1, 394,1
559,6, 367,6
658,7, 370,2
998,0, 400,5
1607,9, 404,9
1607,9, 404,9
1607,9, 404,9
1704,5, 404,0
3334,2, 401,6
3399,0, 401,9
3540,8, 598,7
3637,1, 711,8
3652,0, 723,4
3555,8, 754,5
3545,2, 762,3
3451,1, 794,7
3417,6, 798,0
3420,6, 793,5
3592,6, 714,4
3678,1, 684,4
3698,9, 693,2
3696,8, 700,5
3600,5, 748,8
3102,8, 1057,7
3091,8, 1072,7
3096,3, 1126,9
3094,9, 1095,8
3107,1, 1162,6
3108,2, 1165,1
3013,4, 1204,5
3010,8, 1207,4
3012,5, 1209,3
3006,4, 1209,5
2834,5, 1244,4
2802,4, 1251,9
2779,7, 1261,0
2753,5, 1272,0
2783,4, 1263,4
2872,7, 1252,3
3015,8, 1208,5
3120,8, 1180,4
3131,9, 1176,3
3121,1, 1176,4
3147,7, 1201,1
3144,9, 1196,1
3117,4, 1176,5
3104,0, 1170,8
3102,1, 1168,9
2975,3, 1182,9
2985,0, 1183,7
1975,5, 978,3
1742,9, 920,0
1810,4, 939,2
1642,2, 926,8
1503,6, 942,9
1222,0, 947,6
1092,5, 929,7
765,8, 892,5
745,1, 898,5
91,5, 852,4
78,4, 847,2
77,6, 845,7
81,8, 843,2
107,2, 857,0
102,9, 854,1
154,0, 879,7
163,0, 882,4
174,7, 885,9
183,6, 893,1
188,5, 892,3
210,6, 911,7
274,4, 948,1
303,8, 956,2
348,7, 973,9
341,7, 976,1
330,8, 979,1
326,5, 981,5
326,4, 981,5
358,8, 981,0
359,9, 981,1
304,3, 1000,1
220,1, 1041,9
67,0, 1096,9
119,6, 1150,2
156,0, 1151,5
148,2, 1155,9
18,4, 1148,7
60,2, 1143,2
85,5, 1138,0
105,4, 1137,1
-30,8, 1129,5
31,5, 1134,9
94,5, 1139,7
125,9, 1149,7
-25,5, 1120,0
113,6, 1166,2
-55,5, 1124,3
139,2, 1165,7
224,6, 1187,4
238,2, 1187,4
169,6, 1173,7
242,9, 1202,4
190,9, 1186,2
203,1, 1186,2
193,3, 1180,8
189,5, 1173,1
230,3, 1171,1
311,2, 1169,6
391,1, 1171,0
387,7, 1166,5
385,3, 1166,5
328,1, 1142,0
348,2, 1125,7
357,8, 1122,9
413,1, 1094,0
550,8, 1048,5
824,2, 979,3
921,0, 961,9
1113,0, 915,7
1277,5, 860,0
1446,4, 786,4
1711,5, 706,5
1823,9, 658,4
1958,7, 649,7
2445,9, 653,3
2729,7, 671,2
2767,8, 670,1
2897,7, 666,0
2874,1, 663,7
3067,1, 640,6
3154,2, 627,4
3196,8, 617,5
3190,5, 625,0
3189,2, 633,1
3146,5, 683,6
3118,1, 712,7
3115,5, 725,5
3095,9, 735,6
3092,9, 748,6
3095,9, 751,5
3091,2, 745,0
3069,4, 750,8
3063,8, 751,9
3074,8, 744,7
3073,7, 768,7
3086,7, 767,9
3081,3, 780,5
3098,7, 767,7
3075,3, 783,6
3059,5, 793,9
3063,1, 775,1
3013,6, 783,4
3025,2, 778,4
3003,8, 758,0
3002,6, 727,1
3002,6, 727,1
3336,8, 997,1
3389,1, 1070,3
3388,8, 1122,3
3285,9, 1125,8
3271,7, 1129,1
3209,6, 1131,9
3190,4, 1139,5
3180,6, 1164,7
3179,6, 1161,0
3191,7, 1161,0
3191,5, 1166,9
3185,0, 1178,0
3180,2, 1186,2
3176,9, 1179,3
3180,6, 1183,3
3166,5, 1178,4
3155,9, 1177,2
3155,3, 1158,3
3100,3, 1121,4
3013,2, 1088,2
3027,3, 1099,0
2938,4, 1103,7
2904,0, 1114,7
2904,2, 1115,0
2862,5, 1126,9
2909,7, 1101,4
2998,2, 1075,1
3105,7, 1005,4
3163,5, 965,1
3150,5, 936,3
3178,8, 935,8
3129,3, 934,8
3065,6, 940,5
3039,7, 935,9
2985,5, 924,3
2946,1, 920,1
2702,7, 880,5
2366,2, 874,9
2270,2, 866,6
2037,0, 871,4
1936,4, 108,4
2011,6, -80,2
2011,6, -80,2
-81,1, 815,7
-42,2, 814,4
320,6, 1152,9
312,7, 1146,9
303,7, 1144,6
311,7, 1125,5
316,5, 1116,6
-51,7, 779,4
-51,5, 774,4
-50,9, 756,7
-50,8, 756,2
-125,6, 741,5
-125,5, 759,1
-92,8, 786,6
-88,9, 789,6
-78,6, 795,3
-42,8, 812,2
15,5, 839,5
100,6, 890,0
112,8, 910,2
110,3, 910,8
107,6, 910,0
69,1, 868,4
71,0, 871,8
351,5, 844,8
637,7, 821,3
725,8, 815,7
990,5, 789,7
1072,3, 792,6
1182,3, 794,4
968,7, 792,1
1443,0, 759,3
2284,8, 717,0
2597,9, 704,4
2623,4, 705,4
2635,3, 705,8
2631,4, 707,8
2683,7, 727,4
2671,9, 730,3
2663,8, 729,0
2674,9, 726,2
2677,7, 723,5
2711,2, 716,7
2725,3, 721,4
2725,9, 724,2
2742,0, 722,6
2738,4, 729,3
2742,3, 722,5
2741,3, 719,0
2748,2, 668,6
2743,8, 657,8
2532,2, 82,9
2204,0, 148,7
1776,8, 228,8
1693,9, 216,4
1313,4, 190,2
1163,7, 202,0
575,0, 168,7
323,5, 214,9
316,8, 213,7
285,2, 184,6
42,4, 91,2
-87,5, 27,4
356,7, 384,8
-126,3, -73,9
-86,0, 0,8
-100,7, -30,1
-91,5, -28,2
-116,2, -55,6
-117,6, -57,4
-125,6, -66,9
966,7, 405,2
759,7, 406,3
275,4, 432,5
-95,6, 67,9
-186,1, -117,2
-195,4, -125,9
-42,4, 87,3
551,0, 356,2
229,9, 195,0
-62,9, 38,6
551,2, 266,9
524,4, 156,1
574,4, 150,5
990,0, 217,4
2331,2, 600,5
2649,3, 389,5
2720,8, 390,5
2717,8, 397,0
2717,8, 383,7
2719,2, 365,0
2709,9, 399,7
2684,7, 416,4
2675,7, 421,9
2681,1, 417,4
2673,2, 435,8
2676,7, 450,1
2678,1, 450,5
2685,9, 453,9
2689,2, 454,8
2691,1, 452,0
2703,0, 444,6
2701,5, 446,4
2703,5, 433,8
2705,6, 430,3
2710,9, 432,5
2727,5, 451,6
2719,5, 437,6
3378,6, 499,3
4098,5, 552,4
4070,4, 560,5
4075,1, 561,7
4083,1, 570,6
4081,6, 573,0
2915,8, 1142,3
2788,4, 1261,6
2708,2, 1394,9
2672,2, 1538,0
2615,9, 1602,0
2428,8, 2040,3
2285,3, 2470,4
2254,2, 2539,9
2257,5, 2532,0
2228,0, 2649,7
2202,0, 2690,8
2195,0, 2705,5
2302,4, 2733,9
2260,3, 2734,2
2273,1, 2738,5
2301,8, 2731,6
2288,6, 2708,5
2222,7, 2679,7
2221,0, 2665,8
2205,7, 2645,3
2313,8, 2707,5
2311,0, 2696,1
2344,8, 2708,2
2344,1, 2706,0
3478,5, 648,4
3602,3, 625,6
3592,7, 621,0
3596,3, 618,2
3612,6, 620,7
3604,5, 620,6
3563,5, 640,1
3235,5, 807,3
3332,5, 744,5
3386,2, 709,4
3345,7, 734,6
3382,8, 690,3
3374,1, 700,5
2567,4, 781,5
2335,5, 811,1
1908,0, 838,7
1906,1, 799,5
1838,6, 806,4
1783,1, 804,5
1662,8, 819,2
1432,2, 805,1
1335,0, 777,2
1322,5, 750,2
1316,5, 746,6
1311,5, 725,2
1310,4, 721,9
1167,8, 663,7
1047,4, 616,7
-239,7, 489,7
3149,2, 451,7
1843,8, 472,5
2865,1, 456,2
1980,2, 471,2
-222,9, 510,6
-135,3, 568,8
208,5, 826,3
296,6, 889,2
439,3, 983,7
453,6, 993,7
450,3, 998,1
494,2, 979,5
507,2, 967,0
511,2, 963,0
508,8, 963,0
457,8, 978,5
452,9, 980,0
467,4, 975,1
510,9, 959,2
513,3, 957,4
513,3, 957,4
484,6, 942,3
476,8, 931,4
456,4, 922,1
440,7, 914,5
435,4, 912,0
418,3, 881,8
405,0, 768,8
378,6, 691,8
319,8, 575,9
301,4, 522,0
308,2, 516,8
304,5, 511,4
289,7, 504,6
289,9, 759,6
294,9, 738,4
309,9, 723,7
330,6, 742,1
349,3, 758,4
363,3, 771,3
355,6, 761,7
334,6, 715,8
335,5, 705,0
336,1, 683,3
335,1, 677,1
335,4, 658,9
350,1, 643,8
347,3, 613,5
347,9, 616,0
347,9, 616,0
339,5, 583,0
333,7, 582,7
336,5, 590,6
336,4, 590,7
336,2, 588,1
336,2, 588,0
294,4, 520,8
238,2, 431,3
231,4, 421,3
-37,7, 184,0
49,5, 174,6
56,9, 182,4
18,2, 196,9
23,7, 181,9
83,5, 177,7
151,2, 169,0
225,3, 134,4
360,3, 164,3
634,6, 210,8
867,9, 254,0
1173,6, 305,9
1499,5, 347,9
1881,2, 395,8
2258,3, 322,5
2313,2, 313,7
2585,9, 361,9
2580,9, 369,5
2962,0, 249,1
3006,0, 208,6
2983,7, 241,1
2914,7, 323,6
2896,5, 345,6
2840,7, 418,5
2783,2, 435,6
2797,7, 427,9
2779,2, 432,7
2812,1, 467,6
2943,2, 622,0
2963,4, 1026,9
2999,9, 1163,9
3009,1, 1210,6
3002,7, 1233,9
3014,8, 1417,5
3026,5, 1425,6
3043,2, 1445,1
3095,8, 1462,1
3098,6, 1459,8
3162,4, 1458,2
3183,0, 1465,3
3220,1, 1456,2
3224,1, 1469,1
3220,9, 1433,7
3356,6, 1489,8
3420,2, 1519,6
3431,4, 1525,2
3438,2, 1515,4
3418,4, 1541,4
3442,6, 1531,5
3421,2, 1542,0
3212,4, 1477,1
3162,0, 1479,5
3129,9, 1487,5
3099,2, 1490,9
2801,7, 1483,4
2177,5, 1453,7
2115,7, 1452,4
2079,0, 1448,5
1978,3, 1444,2
1979,2, 1455,5
1986,2, 1449,4
1948,6, 1430,1
1938,7, 1428,4
1932,5, 1430,1
1920,0, 1414,0
1917,7, 1412,7
1911,5, 1415,2
1921,1, 1412,0
1914,9, 1384,3
1904,9, 1379,2
1905,4, 1379,6
1796,2, 1383,9
1801,4, 1382,1
1767,6, 1382,5
1761,8, 1374,5
1676,9, 1395,1
1683,0, 1378,3
1686,5, 1398,6
1694,9, 1396,5
1702,9, 1392,0
1697,9, 1404,0
1699,5, 1403,1
1694,8, 1391,2
1697,7, 1394,8
1685,6, 1393,4
1682,1, 1395,9
1686,9, 1393,4
1683,5, 1403,7
1691,0, 1400,9
1690,0, 1401,0
1700,4, 1397,3
1700,7, 1395,8
1681,1, 1394,7
1666,5, 1392,9
1676,3, 1391,9
1688,2, 1386,1
1684,6, 1387,5
1686,5, 1391,5
1703,9, 1383,0
1722,1, 1382,0
1721,2, 1381,5
1720,7, 1380,7
1722,7, 1400,4
1724,7, 1391,2
1775,4, 1461,2
1798,9, 1492,2
1923,2, 1745,2
2288,7, 2472,4
2310,8, 2516,1
2283,4, 2464,7
2348,0, 2597,0
2370,2, 2652,7
2367,2, 2641,2
2372,2, 2649,5
2375,6, 2649,8
2382,3, 2663,0
2392,3, 2671,3
2400,0, 2681,5
2403,5, 2683,8
2422,3, 2686,4
2423,7, 2683,0
2401,6, 2652,2
2342,4, 2567,0
2078,4, 2146,8
2009,8, 1986,6
1297,9, 1116,8
490,0, 243,0
363,0, 180,6
-62,3, -4,4
-343,8, -136,4
-381,6, -175,9
-277,7, -198,2
-238,1, -232,5
-256,5, -169,1
148,7, 4,4
176,0, 73,3
706,0, 534,1
492,7, 333,5
729,3, 558,1
946,6, 761,0
1436,9, 1249,1
1437,5, 1254,0
1432,3, 1255,0
1429,3, 1254,3
1440,7, 1256,9
1446,5, 1254,7
1489,5, 1336,7
1512,8, 1369,8
1503,8, 1376,7
1513,8, 1381,9
1516,2, 1386,4
1513,9, 1387,0
1513,1, 1377,7
1509,3, 1384,7
1509,3, 1385,6
1527,3, 1380,3
1529,9, 1379,6
1532,4, 1379,3
3437,3, 782,4
3026,3, 1507,3
2920,0, 1682,4
2876,6, 1736,0
2739,3, 1946,3
2592,6, 2156,8
2581,8, 2185,9
2507,4, 2310,7
2426,5, 2421,6
2364,5, 2470,3
2352,4, 2460,0
2329,9, 2494,1
2334,4, 2522,0
2346,5, 2534,9
2377,8, 2575,5
2366,9, 2574,4
2422,5, 2593,0
2424,6, 2592,5
2404,4, 2596,2
2385,9, 2594,3
2378,4, 2591,3
2372,8, 2582,3
2367,6, 2578,1
2051,3, 1444,8
93,3, 455,0
70,5, 459,4
1014,0, 933,5
778,5, 813,1
900,5, 876,2
614,5, 731,7
141,2, 507,6
151,8, 516,1
174,9, 531,4
171,5, 535,6
157,5, 545,0
149,0, 547,8
144,7, 545,6
179,1, 556,3
232,3, 581,0
242,9, 592,7
293,3, 656,1
299,2, 659,7
304,8, 667,3
311,7, 663,2
308,9, 647,1
308,2, 643,1
312,1, 628,3
309,8, 628,4
312,4, 640,1
313,3, 635,6
322,2, 652,7
437,5, 711,3
519,2, 679,2
577,8, 655,9
530,6, 618,0
530,9, 616,7
545,2, 625,8
517,2, 642,3
517,8, 629,1
412,5, 641,8
403,6, 756,3
404,3, 772,2
380,5, 769,4
306,5, 755,7
213,2, 755,4
188,1, 762,1
207,1, 772,7
227,3, 787,1
203,1, 845,3
168,1, 843,9
155,6, 845,0
150,8, 836,8
139,9, 796,0
134,1, 781,6
135,7, 781,6
141,4, 779,6
139,1, 778,2
129,0, 788,1
-39,7, 797,0
228,4, 810,2
106,9, 806,1
111,9, 789,2
131,7, 789,4
121,2, 782,5
206,0, 781,5
222,7, 782,0
631,0, 895,2
728,9, 931,2
784,8, 950,0
1225,5, 1098,5
1448,8, 1140,8
1494,7, 1147,2
1751,1, 1175,4
1859,6, 1190,4
3249,0, 1393,0
3483,1, 1465,4
3483,1, 1465,4
3651,1, 1481,2
3664,8, 1480,2
3654,4, 1479,8
3658,0, 1479,9
3651,2, 1473,7
3647,9, 1479,6
3629,6, 1491,0
3608,4, 1483,4
3622,7, 1484,6
3646,4, 1454,3
3639,9, 1438,0
3624,0, 1449,9
3635,2, 1461,2
3658,5, 1497,5
3655,8, 1497,9
3625,0, 1507,6
3606,0, 1501,0
3603,6, 1496,7
3559,4, 1479,5
3559,6, 1482,0
3547,9, 1481,5
3535,0, 1482,8
3532,4, 1481,8
3532,0, 1482,3
3532,3, 1481,9
3264,0, 1159,1
2997,5, 533,5
2994,1, 502,2
2993,4, 501,4
2989,3, 482,1
2971,6, 489,6
2946,8, 560,8
2933,5, 595,1
2638,0, 1297,0
2615,4, 1382,2
2372,5, 1891,1
2318,8, 2062,4
2246,5, 2242,7
2255,6, 2284,5
2266,2, 2335,8
2293,9, 2438,8
2403,0, 2539,8
2417,3, 2549,4
2411,2, 2548,9
2371,0, 2542,8
2352,4, 2540,3
2348,2, 2538,2
2348,7, 2538,2
2358,0, 2544,8
2349,4, 2543,4
2303,6, 2488,3
2267,2, 2501,8
2272,5, 2439,0
2291,3, 2385,5
1857,0, 1626,0
1647,7, 1570,8
1618,4, 1542,8
1268,3, 1160,0
981,0, 932,1
374,2, 344,8
271,1, 327,1
318,6, 333,0
288,6, 309,5
346,7, 357,4
331,7, 347,1
244,9, 300,0
203,2, 271,5
18,2, 175,3
-284,5, 131,1
-21,0, 311,0
-8,4, 312,8
-14,8, 286,4
-43,8, 253,2
-42,0, 234,8
-33,4, 224,7
-56,3, 237,3
-51,3, 217,0
-40,7, 248,3
-27,8, 263,8
-3,3, 268,6
4,0, 443,6
0,2, 529,4
1,8, 538,7
7,5, 557,4
5,2, 556,6
5,4, 557,0
-128,1, 455,3
-123,3, 470,5
-118,7, 469,4
-107,9, 474,9
-85,6, 489,1
-39,0, 513,8
-155,4, 578,9
-127,8, 716,3
-80,0, 733,5
-52,5, 770,7
63,1, 802,7
45,1, 794,5
142,8, 817,4
110,3, 800,1
3,5, 766,2
71,7, 788,3
7,5, 747,5
-8,1, 725,1
-6,2, 698,9
8,7, 683,1
8,5, 683,1
-31,9, 650,0
11,3, 673,9
-4,9, 682,8
98,7, 709,2
26,0, 683,8
-71,9, 652,8
129,1, 724,4
90,5, 707,1
-17,4, 670,9
-2,2, 678,7
4,7, 670,6
36,7, 671,5
163,7, 713,8
837,0, 650,6
861,6, 637,7
891,0, 631,0
927,9, 612,0
942,9, 603,1
938,7, 572,6
925,4, 559,2
924,4, 532,7
927,2, 540,0
919,1, 522,6
871,5, 480,6
854,6, 468,2
809,5, 412,2
484,0, 381,7
-488,8, 265,7
-492,8, 267,4
-492,8, 267,4
-663,5, 306,0
-663,5, 306,0
-662,5, 352,8
-662,5, 352,8
-662,5, 352,8
-662,5, 352,8
-618,7, 337,0
-640,5, 338,3
-626,9, 319,5
-549,0, 341,3
-590,0, 325,0
-493,9, 300,0
-399,2, 259,4
-369,1, 262,7
-521,4, 305,7
-561,7, 315,2
-300,0, 648,2
-111,1, 768,2
-88,6, 790,6
124,2, 889,7
141,5, 909,6
134,5, 909,7
218,3, 939,1
221,9, 951,3
227,3, 960,8
252,3, 975,6
226,2, 948,0
175,4, 917,2
133,7, 877,2
161,5, 873,3
146,8, 868,9
89,9, 853,8
127,7, 860,3
112,4, 861,8
178,4, 876,8
142,4, 898,8
197,4, 919,3
163,3, 919,0
213,6, 920,9
214,4, 921,9
295,4, 970,1
302,9, 974,3
285,8, 968,6
294,1, 974,1
294,4, 973,7
289,9, 986,3
269,5, 985,1
305,9, 990,9
617,8, 1009,7
608,0, 1013,9
881,3, 1028,2
893,5, 1026,5
912,7, 1015,3
973,8, 1002,9
1119,7, 967,3
1251,0, 940,5
2574,8, 1726,7
2448,4, 1967,0
2429,8, 2028,9
2382,4, 2195,8
2371,9, 2219,3
2367,6, 2255,8
2366,9, 2270,7
2366,9, 2501,2
2370,1, 2519,2
2364,3, 2515,7
2346,4, 2523,8
2346,4, 2520,7
2346,6, 2522,4
2340,6, 2488,6
2335,1, 2488,9
2333,7, 2489,6
2340,1, 2517,1
2334,8, 2548,1
2352,4, 2530,0
2412,0, 2477,6
3371,0, 827,2
3375,5, 826,0
3375,5, 826,0
3390,5, 888,4
3390,6, 885,3
3391,0, 890,4
3387,6, 886,8
3364,7, 876,7
3371,9, 881,6
3372,6, 898,0
3373,0, 899,3
3362,1, 896,9
3358,8, 894,6
3350,0, 881,3
3347,9, 860,0
3355,3, 827,3
3398,9, 811,0
3355,3, 856,0
3355,1, 861,0
3325,4, 881,1
3315,2, 884,8
3286,0, 882,0
3306,9, 866,1
3324,1, 855,2
3424,4, 813,5
3434,3, 811,9
3414,8, 818,0
3414,4, 819,2
3403,8, 821,7
3143,3, 784,8
1581,8, 471,3
55,1, 684,2
60,8, 682,2
51,1, 674,6
40,5, 673,8
33,3, 678,9
31,3, 680,7
29,1, 675,4
350,5, 649,1
82,1, 591,8
16,3, 578,4
189,7, 614,7
-145,4, 596,5
-167,0, 564,7
5,7, 670,2
20,6, 587,2
319,2, 601,1
282,0, 716,0
291,2, 749,9
279,7, 779,6
345,7, 702,9
290,7, 765,3
286,6, 822,0
250,7, 861,0
261,5, 849,0
222,7, 832,7
242,7, 832,8
212,0, 821,0
242,1, 823,1
224,3, 819,7
253,5, 821,6
191,7, 817,0
227,5, 822,2
209,0, 820,3
261,1, 785,0
264,8, 784,5
264,6, 816,8
289,6, 946,0
268,5, 978,2
327,0, 1188,1
323,8, 1228,7
317,3, 1237,0
318,7, 1252,3
329,4, 1272,7
341,4, 1268,5
340,6, 1268,3
345,5, 1274,9
355,0, 1271,3
361,8, 1266,6
340,1, 1235,9
267,3, 1173,3
248,9, 1154,1
195,6, 1074,2
141,8, 988,9
158,3, 1008,8
179,2, 1012,8
157,8, 977,3
184,4, 987,4
264,4, 1021,0
283,0, 1058,6
283,1, 1038,4
290,2, 1049,2
289,5, 1067,7
292,8, 1076,8
310,9, 1092,4
287,9, 1094,6
306,3, 1094,4
277,9, 1088,1
284,1, 1083,3
279,2, 1077,9
283,9, 1073,0
236,6, 1061,6
259,5, 1062,9
348,7, 1140,9
349,8, 1159,6
382,2, 1191,7
381,3, 1199,1
386,2, 1200,1
378,4, 1206,1
369,9, 1210,2
360,7, 1210,4
396,7, 1176,2
422,6, 1152,3
352,7, 1204,7
376,3, 1148,9
373,3, 1157,8
355,6, 1172,5
183,2, 1343,2
169,0, 1361,6
150,5, 1380,5
154,3, 1396,6
140,2, 1398,5
131,3, 1402,7
130,7, 1402,3
127,9, 1383,6
127,9, 1383,6
106,2, 1365,0
83,7, 1364,6
87,0, 1364,2
81,8, 1362,2
173,4, 1275,9
123,5, 1278,8
170,7, 1234,8
147,2, 1264,4
167,7, 1230,8
202,8, 1147,2
92,0, 1190,2
99,5, 1144,7
17,9, 1168,7
262,5, 1067,0
319,8, 1108,8
467,3, 1138,1
570,1, 1166,1
756,5, 1259,7
988,0, 1366,0
1082,1, 1352,2
1120,0, 1338,9
1305,5, 1257,7
1701,1, 1101,4
1827,5, 972,1
3082,7, 1140,1
3032,5, 1105,2
3047,6, 1096,4
3054,3, 1087,5
3043,3, 1070,3
3041,4, 1076,3
3042,3, 1071,8
3073,0, 1083,4
3090,5, 1082,7
3138,3, 1064,0
3149,9, 1056,5
3182,7, 1029,8
3232,5, 979,9
3265,8, 942,0
3272,7, 932,6
3099,0, 993,2
3035,2, 973,8
3028,9, 957,8
3018,9, 963,7
3014,4, 966,2
3467,0, 828,9
3467,0, 828,9
3454,2, 786,6
3456,1, 786,0
3470,2, 790,5
2925,3, 813,2
3136,6, 674,2
3229,7, 613,0
3111,2, 648,0
3142,3, 607,4
3194,0, 540,3
3174,1, 549,4
3206,0, 532,5
3088,1, 594,3
2840,4, 744,6
2867,8, 741,7
2868,6, 734,8
2871,8, 732,3
2875,6, 734,4
3207,0, 551,0
3013,8, 625,9
2866,9, 686,3
2804,8, 681,2
2503,2, 691,3
2228,7, 696,2
2121,0, 697,3
2083,1, 666,7
2047,9, 655,9
2036,7, 634,1
1955,4, 589,0
1961,6, 595,2
1454,8, 467,6
1334,6, 391,0
1270,5, 321,2
1294,7, 335,8
102,6, 372,0
209,5, 388,8
212,4, 388,5
158,7, 348,8
156,4, 346,1
99,1, 298,7
56,8, 266,8
17,2, 238,6
15,8, 258,8
16,1, 257,3
24,9, 274,1
22,9, 256,2
23,2, 253,6
38,0, 254,8
38,2, 255,3
31,4, 248,3
29,4, 240,7
17,1, 240,2
5,4, 241,6
5,2, 243,1
-5,8, 246,2
14,9, 256,7
22,7, 252,9
19,8, 243,2
19,8, 233,9
28,0, 227,1
28,7, 214,5
32,5, 215,5
37,9, 218,1
39,6, 219,0
44,2, 224,8
90,4, 237,1
89,7, 236,8
361,1, 172,5
563,4, 142,0
617,2, 168,5
712,9, 155,5
826,0, 154,0
773,3, 157,1
851,9, 160,1
861,0, 170,7
1044,1, 188,9
1156,2, 199,9
1179,3, 205,8
1186,1, 208,0
1199,2, 223,1
1201,2, 229,4
1227,4, 237,1
1218,3, 242,7
1220,2, 243,2
1238,7, 239,4
1237,2, 226,1
1237,6, 222,2
1244,0, 174,3
1249,4, 161,1
1253,4, 150,6
1254,7, 131,6
1260,1, 119,3
1269,0, 86,2
1280,4, 73,6
1285,4, 66,1
1288,0, 62,2
1293,1, 60,0
1327,8, 59,5
1324,8, 57,1
1354,6, 59,7
1575,2, 111,1
1563,0, 111,4
3571,9, 80,3
2683,1, 55,9
2686,9, 42,4
2690,1, 33,2
2680,6, 38,0
2680,3, 38,2
3078,4, 303,1
3027,2, 576,1
2983,5, 676,1
2364,4, 2669,2
2399,5, 2494,2
2398,0, 2439,7
2398,3, 2410,4
2399,5, 2406,7
2389,2, 2406,3
2318,5, 2455,8
3290,1, 861,9
3233,8, 855,6
3245,6, 864,3
3244,1, 858,8
3230,2, 883,6
3233,1, 885,7
3232,0, 888,7
3233,3, 901,0
3178,5, 897,8
3198,8, 901,6
3046,8, 853,6
2632,1, 794,8
2511,8, 782,4
2282,4, 757,8
2050,5, 721,4
1924,9, 688,9
1929,9, 683,9
1621,2, 623,2
1608,6, 633,7
1607,5, 639,2
1582,2, 653,4
1492,1, 677,4
1248,7, 558,6
95,9, 669,3
54,7, 644,7
-57,6, 585,0
-6,6, 610,0
-25,5, 597,1
-59,8, 584,5
-29,5, 595,2
-26,6, 586,1
-59,2, 583,0
-119,6, 559,3
-215,1, 505,8
-410,8, 515,4
-342,1, 446,9
-353,9, 426,4
-57,5, 726,0
-0,1, 788,8
86,6, 881,1
131,4, 901,5
145,8, 887,2
151,9, 878,7
150,3, 877,3
138,6, 850,3
143,7, 837,2
142,8, 837,0
149,4, 840,6
147,6, 841,4
164,1, 843,3
169,4, 836,5
169,3, 836,7
164,7, 853,5
159,0, 851,8
153,5, 860,4
159,3, 867,6
190,6, 903,2
198,6, 905,6
242,9, 950,9
224,8, 925,7
232,6, 956,5
225,6, 947,2
228,5, 954,1
221,5, 952,1
218,0, 952,3
215,3, 948,8
211,3, 944,7
212,4, 945,3
215,8, 956,1
211,8, 959,8
215,8, 965,5
212,8, 973,7
206,2, 994,9
198,4, 1015,4
466,5, 955,0
389,8, 1140,2
293,5, 1278,5
308,9, 1250,0
308,2, 1245,6
291,3, 1289,9
298,5, 1270,0
291,9, 1282,4
230,2, 1362,3
267,0, 1300,0
285,3, 1255,4
261,0, 1276,4
144,9, 1335,7
64,7, 1385,5
-11,7, 1403,5
-21,0, 1401,0
-166,2, 1397,3
-169,2, 1386,1
-235,4, 1408,1
-235,9, 1404,8
-239,9, 1389,4
-232,4, 1385,5
-171,6, 1239,5
-191,1, 1260,3
-306,9, 1351,1
-214,7, 1200,6
-223,5, 1263,0
-224,1, 1281,8
-169,3, 1170,2
-199,7, 1257,0
-185,8, 1204,1
-181,4, 1189,2
-205,7, 1317,8
-223,8, 1331,1
-231,1, 1338,1
-138,4, 1294,7
206,2, 1065,5
2753,7, 1304,2
2712,3, 1293,2
2723,5, 1285,4
2720,7, 1287,4
2604,8, 1308,5
2409,9, 1324,5
2345,5, 1331,9
2205,3, 1340,5
2175,0, 1323,0
2053,6, 1308,8
2046,5, 1321,9
2050,1, 1341,8
2002,4, 1349,3
1987,5, 1351,6
1931,6, 1362,7
1860,0, 1372,2
1837,5, 1373,7
1713,8, 1387,6
1722,2, 1386,0
1725,7, 1384,8
1730,8, 1380,3
1722,8, 1386,9
1725,5, 1382,4
1727,5, 1380,9
1724,2, 1384,8
1745,5, 1417,7
1787,2, 1471,1
1910,6, 1709,4
2200,4, 2232,2
2256,7, 2339,6
2529,3, 2808,9
2484,4, 2769,5
2478,3, 2768,7
2495,7, 2771,2
2494,3, 2761,3
2498,9, 2750,5
2487,5, 2725,4
2472,3, 2709,3
2459,1, 2680,0
2435,3, 2655,5
2401,1, 2625,2
2408,0, 2632,4
2409,8, 2636,3
2404,1, 2648,5
2404,3, 2651,8
2406,1, 2654,3
2409,5, 2645,8
2416,1, 2642,8
2517,0, 2454,1
2602,7, 2407,3
2676,2, 2302,8
2926,6, 1889,2
3407,5, 1527,3
3433,8, 1513,7
3521,8, 1495,5
3563,8, 1474,9
3580,8, 1471,8
3569,1, 1456,0
3581,8, 1457,9
3591,1, 1460,6
3542,9, 1456,8
3560,1, 1448,5
3545,4, 1447,9
3544,2, 1448,4
3536,1, 1447,5
3531,6, 1438,7
3510,6, 1430,3
3529,7, 1432,9
3475,6, 1435,1
3505,7, 1433,1
3365,4, 1417,4
3217,4, 1403,2
2819,4, 1398,5
2696,7, 1394,1
2603,8, 1391,7
2573,3, 1391,1
2494,5, 1389,8
2508,4, 1389,6
2447,5, 1377,0
2407,0, 1359,8
2383,7, 1358,4
2323,4, 1337,9
2003,2, 1309,9
1925,3, 1302,4
1730,1, 1281,6
-144,1, 1292,1
-168,5, 1296,6
-255,9, 1289,9
-293,7, 1294,0
-303,4, 1283,5
-310,5, 1280,7
-284,2, 1283,9
-282,2, 1284,8
-241,1, 1290,5
-205,9, 1297,3
-114,0, 1317,3
76,4, 1355,2
56,2, 1350,0
100,3, 1357,1
169,9, 1364,3
213,0, 1362,0
232,9, 1358,3
230,0, 1358,9
244,3, 1358,5
240,3, 1362,1
238,9, 1366,7
238,1, 1368,9
238,1, 1370,4
235,9, 1375,3
226,4, 1378,4
226,0, 1377,8
245,1, 1379,1
250,5, 1382,3
257,6, 1384,8
248,5, 1387,7
243,2, 1387,6
242,4, 1387,6
242,9, 1386,6
239,1, 1384,9
238,5, 1384,6
236,0, 1387,5
235,5, 1386,7
237,6, 1385,6
241,5, 1383,6
241,1, 1381,9
243,0, 1380,7
239,0, 1377,9
246,0, 1374,9
246,0, 1378,7
247,8, 1372,0
259,7, 1371,7
260,9, 1364,8
272,7, 1364,9
2172,4, 732,7
2137,8, 710,8
2152,8, 717,5
2158,5, 722,0
2158,3, 714,3
2172,4, 703,5
2194,8, 680,1
2232,7, 630,8
2229,3, 634,5
2233,8, 629,6
2244,3, 611,4
2246,4, 602,4
2245,2, 592,5
2245,0, 591,9
2248,1, 587,7
2269,0, 568,2
2293,9, 541,8
2478,3, 386,9
2585,0, 296,7
2581,7, 291,0
2612,7, 263,0
2657,8, 224,8
2651,9, 229,7
2650,4, 227,1
2636,9, 238,3
2637,8, 238,0
2650,7, 229,4
2769,6, 174,4
2693,5, 208,4
2681,1, 227,5
2683,9, 195,2
2689,7, 182,0
2692,6, 175,5
2686,8, 184,1
2679,1, 188,4
2688,1, 181,5
2613,1, 233,4
2621,1, 229,9
2617,1, 231,8
2609,8, 245,8
2611,4, 245,3
2619,1, 249,7
2643,7, 249,8
2632,2, 262,1
3272,9, 976,1
3272,4, 968,8
3272,5, 957,9
3281,3, 954,9
3285,2, 955,6
3281,7, 499,4
3290,2, 500,2
3294,0, 500,6
3353,0, 302,0
3333,4, 308,8
3317,5, 316,6
3326,5, 307,6
3340,5, 296,6
2683,8, 297,7
2523,9, 287,6
2369,6, 322,4
2369,7, 306,1
2299,1, 299,2
2284,7, 251,2
2286,1, 269,0
2375,9, 226,0
3212,9, 117,8
3219,4, 108,1
3233,0, 106,4
3253,3, 103,1
3487,8, -159,2
2416,8, 223,2
2321,1, 213,7
2080,6, 211,0
1927,3, 211,8
1646,9, 157,2
1289,1, 68,6
1227,0, 56,2
1149,6, 2,0
1038,1, -63,6
1040,3, -56,4
1061,3, 25,3
1066,4, 43,4
1073,9, 76,5
1061,5, 65,8
1062,3, 64,7
1064,5, 57,5
1064,0, 57,7
1071,8, 32,2
1125,6, 83,2
1150,1, 99,2
1328,5, 151,0
1443,8, 188,3
1461,3, 200,5
1487,9, 213,3
1474,2, 200,8
1473,1, 198,5
1486,4, 140,2
1482,9, 169,3
1467,6, 129,0
1489,8, 117,6
1486,5, 108,1
1487,5, 93,9
1487,7, 82,5
1490,4, 82,1
1494,9, 49,0
1456,1, 40,7
1298,3, -34,0
1235,3, -49,0
11,1, 71,2
2200,9, 2540,5
2197,2, 2561,1
2267,3, 2616,0
2301,3, 2640,4
2334,4, 2660,7
2409,1, 2674,8
2407,1, 2676,5
2402,8, 2677,8
2374,0, 2752,3
2361,3, 2734,1
2381,0, 2464,6
2386,0, 2328,0
2382,2, 2196,1
2393,0, 1861,3
2393,5, 1743,1
2420,0, 890,5
2430,4, 651,4
2439,3, 641,8
2445,1, 633,0
2439,8, 636,0
2446,8, 615,9
2427,6, 597,1
2297,7, 485,1
2189,3, 384,8
2193,1, 391,4
2172,6, 371,8
2152,0, 351,6
2113,2, 312,7
2112,6, 306,4
2114,6, 306,4
2130,7, 265,9
2126,1, 280,0
2625,3, 216,5
2652,9, 216,4
2675,3, 216,2
2657,6, 210,3
3285,2, 143,3
3261,2, 159,9
3232,8, 200,5
3245,2, 191,3
3299,2, 193,1
3290,5, 177,7
3265,4, 195,1
3259,8, 191,2
3262,2, 186,1
3373,7, 76,0
3360,9, 102,7
3391,7, 134,1
3335,0, 240,8
3282,0, 280,7
3082,2, 424,9
3104,1, 420,4
2841,1, 524,4
2672,0, 528,4
2458,0, 509,3
2358,3, 499,1
2242,1, 492,8
2099,3, 483,7
1913,7, 422,3
1629,7, 347,6
961,0, 527,0
591,4, 801,7
486,1, 845,0
372,8, -37,0
69,4, -62,5
-248,9, -278,3
-248,9, -278,3
-257,2, -284,4
-66,2, -24,6
-76,5, -12,6
-76,5, -12,6
-22,6, 162,2
-22,9, 169,7
-26,3, 163,0
-46,5, 140,6
-45,5, 131,2
-45,2, 111,3
-43,9, 98,3
-29,3, 97,1
1,2, 124,6
-8,2, 115,5
-84,3, 30,9
-0,7, 129,2
-35,7, 85,0
-37,6, 87,9
-50,2, 67,8
-24,8, 64,3
62,2, 8,8
295,9, 10,7
2929,1, 733,6
2885,6, 713,2
2891,4, 707,8
2911,3, 695,4
2913,3, 694,0
2928,1, 706,9
2934,8, 709,6
2947,2, 713,2
2946,1, 715,2
2948,8, 714,5
2958,9, 716,5
2935,4, 740,9
2911,0, 753,5
2896,9, 762,5
2863,1, 780,9
2869,6, 777,7
2864,7, 787,9
2861,3, 786,4
2862,1, 784,0
2869,8, 776,1
2870,5, 726,7
2867,1, 705,5
2852,0, 680,3
2843,6, 666,3
2761,3, 528,0
2762,6, 528,1
2763,1, 528,2
2763,0, 528,9
2764,8, 537,2
2759,8, 536,8
2733,0, 488,2
2744,1, 507,6
2737,5, 499,6
2741,5, 504,2
2739,1, 509,4
2757,7, 535,0
2760,2, 537,8
2750,7, 527,9
2758,2, 534,0
2763,7, 531,3
2772,6, 540,5
2772,6, 540,5
3000,4, 600,5
3083,2, 602,6
3070,6, 600,6
3281,7, 797,6
3337,8, 775,9
3333,0, 778,1
3315,6, 790,2
3259,4, 820,8
3177,3, 871,5
3128,0, 901,1
3003,2, 975,7
3024,9, 961,5
3028,6, 956,3
2992,5, 975,5
2976,2, 995,6
2976,5, 1000,0
2952,1, 1002,4
2941,4, 1003,2
2941,2, 1009,4
2943,6, 1010,0
2908,3, 1001,1
2900,4, 997,2
2620,2, 1332,0
2573,5, 1485,2
2462,6, 1840,2
2444,6, 1961,3
2407,0, 2073,0
2388,6, 2166,2
2354,3, 2440,8
2348,4, 2432,7
2371,8, 2452,3
2338,6, 2423,1
2339,2, 2439,5
2348,4, 2495,8
2355,4, 2507,3
2364,2, 2525,1
2366,5, 2521,4
2361,6, 2540,4
2261,5, 2454,7
2261,5, 2454,7
617,8, 771,7
473,4, 740,7
391,9, 719,0
364,2, 711,9
275,0, 687,1
286,8, 686,7
339,9, 693,5
356,9, 700,7
344,5, 702,5
338,5, 703,3
235,3, 718,8
38,9, 732,1
1,9, 701,5
17,2, 622,7
333,9, 813,1
341,7, 800,0
341,4, 775,4
329,8, 819,5
316,0, 830,5
326,0, 821,3
321,3, 816,5
310,7, 808,1
0,3, 730,0
-23,0, 710,9
-20,0, 714,9
-24,2, 735,7
-22,7, 748,1
-11,3, 744,2
-13,6, 745,4
-9,1, 748,0
-9,0, 748,0
557,8, 675,3
697,9, 671,0
919,9, 728,4
1232,3, 730,2
1351,7, 596,0
1530,6, 530,5
1421,5, 571,4
1467,3, 552,0
1604,2, 468,0
1721,7, 306,0
1740,8, 223,0
1729,8, 151,2
1733,1, 156,0
1734,2, 137,6
1740,4, 116,5
1742,1, 121,4
1746,0, 124,7
1744,4, 138,3
1748,3, 135,2
1731,9, 543,5
1729,0, 752,4
1729,8, 813,4
1730,4, 919,9
1729,1, 937,7
1728,4, 944,4
1725,9, 952,0
1719,3, 960,6
1717,1, 967,3
1719,3, 969,6
1719,7, 971,1
1721,3, 968,3
1722,6, 969,0
1721,6, 963,4
1725,7, 954,9
1726,5, 952,3
1713,8, 962,2
1715,7, 959,9
1725,2, 958,4
1723,6, 958,0
1725,6, 945,2
1729,3, 940,6
1729,5, 949,1
1731,5, 957,4
1730,5, 996,3
1715,8, 1142,9
1714,1, 1237,5
1714,5, 1322,1
1719,4, 1356,4
1724,7, 1370,4
1728,5, 1376,7
1760,1, 1395,3
1740,1, 1379,0
1740,4, 1387,2
1741,6, 1390,3
1745,0, 1394,8
1758,3, 1402,7
1766,9, 1401,4
1767,1, 1401,4
1761,8, 1399,4
1777,1, 1407,8
1776,6, 1405,1
1879,3, 1404,1
2161,6, 1404,0
2376,4, 1419,5
3010,9, 1469,8
3214,4, 1489,3
3196,1, 1480,9
3406,2, 1473,6
3455,0, 1465,2
3362,5, 1459,8
3417,7, 1472,1
3443,1, 1475,8
3445,3, 1479,3
3433,0, 1480,6
3427,9, 1490,0
3426,3, 1499,3
3430,4, 1487,6
3436,7, 1485,3
3440,8, 1496,3
3411,3, 1473,5
3417,5, 1470,4
2594,5, 996,3
1305,2, 361,2
1116,9, 282,0
839,3, 186,0
-182,4, -96,9
-71,5, 14,6
-136,6, -26,6
-108,6, -9,6
-88,2, 2,2
-85,5, 4,4
-84,8, 7,6
-125,9, -17,3
-99,0, -8,2
-139,6, -30,6
-92,9, -6,0
-48,5, 41,3
-73,5, 25,5
-68,8, 33,1
-10,0, 65,0
-21,8, 475,8
1,7, 604,8
-7,9, 665,9
123,7, 794,6
78,8, 785,9
97,2, 807,2
160,7, 832,8
136,1, 835,9
176,3, 881,7
172,7, 917,2
158,3, 1013,4
143,4, 1017,4
129,1, 1017,4
41,8, 1014,0
-5,4, 1002,0
-37,9, 994,5
-4,2, 1004,1
47,0, 1021,4
112,9, 1037,1
110,1, 1025,7
106,1, 1027,0
108,5, 1024,3
107,6, 1031,0
110,1, 1036,0
129,7, 1042,6
128,9, 1041,4
132,7, 1041,3
137,2, 1038,4
136,5, 1038,6
136,3, 1038,3
-24,8, 983,1
23,8, 997,3
81,2, 1010,3
-8,2, 979,7
26,5, 990,0
60,1, 999,7
106,2, 1013,7
221,4, 1049,2
214,7, 1051,3
216,7, 1051,3
265,6, 1061,6
271,7, 1063,8
295,5, 1076,2
284,0, 1076,9
227,8, 1072,1
267,8, 1086,3
188,5, 1082,3
241,7, 1093,4
213,3, 1084,4
245,9, 1105,8
136,4, 1077,3
190,5, 1091,4
96,2, 1098,3
118,3, 1155,8
12,0, 1211,0
60,3, 1234,2
-3,5, 1246,7
-19,5, 1247,0
-86,8, 1240,1
-100,0, 1238,0
-136,0, 1219,4
-76,8, 1231,8
-79,8, 1199,7
-30,8, 1230,6
641,3, 1245,7
650,0, 1233,3
804,7, 1237,3
1203,9, 1177,1
1387,3, 1167,4
1424,2, 1188,1
3211,4, 1320,3
2255,7, 1384,6
2795,1, 1347,6
3322,2, 1432,7
3285,0, 1410,1
3316,7, 1561,6
3331,1, 1562,9
3349,3, 1564,0
3361,9, 1568,8
3355,5, 1562,4
3347,0, 1555,1
3462,2, 1544,8
3493,5, 1480,0
3467,7, 1476,8
3509,7, 1448,3
3496,7, 1498,1
3488,1, 1470,6
3459,7, 1463,4
3484,5, 1440,5
3459,1, 1462,8
3517,4, 1454,8
3504,8, 1461,0
3511,5, 1461,8
3482,7, 1482,2
3506,4, 1470,6
3497,1, 1485,9
3470,7, 1505,6
3509,3, 1466,8
3503,2, 1472,0
3526,4, 1462,2
3503,3, 1467,4
3458,9, 1250,3
3441,2, 759,1
3436,6, 609,5
3436,6, 609,5
3439,1, 623,1
3431,6, 597,5
3429,9, 591,9
3015,1, 544,3
2768,6, 509,3
1619,3, 491,6
-9,4, 93,6
-9,4, 93,6
-21,1, 206,6
78,1, 298,8
58,0, 284,0
168,6, 313,5
169,6, 310,7
167,5, 306,0
382,1, 301,8
154,6, 258,9
110,1, 255,4
121,7, 266,2
81,1, 226,0
90,0, 233,9
63,5, 210,5
86,5, 204,7
78,5, 177,5
76,4, 174,7
-286,9, -140,2
-286,9, -140,2
8,4, -126,9
209,8, -124,8
208,3, -126,1
208,2, -126,2
267,0, -128,5
607,2, -132,5
721,6, -92,1
868,6, -33,9
1099,9, 56,0
1098,3, 52,9
1072,8, -3,8
1097,8, 35,0
1031,9, -71,2
983,6, -160,9
1006,3, -131,1
996,4, -154,7
1023,9, -115,2
1042,3, -84,6
1041,0, -85,5
1103,0, 27,9
1079,5, -23,3
1083,6, -25,2
1093,7, 0,4
1152,6, 109,8
1147,0, 104,4
1133,0, 83,8
1138,7, 92,5
1140,3, 91,6
1137,9, 91,1
1140,9, 76,4
1135,7, 82,2
1139,2, 73,1
1171,1, 78,7
1310,3, 120,7
1467,1, 177,7
1484,6, 184,2
1510,5, 195,7
1583,3, 224,4
1619,2, 237,7
1607,1, 232,5
1628,1, 226,9
1632,8, 217,2
1634,1, 225,1
1634,8, 218,9
1637,1, 200,6
1633,8, 191,0
1639,2, 139,3
1639,1, 133,8
1652,5, 122,7
1690,1, 123,7
1779,7, 131,7
1949,5, 147,5
2117,7, 153,7
2402,3, 159,3
2636,7, 129,7
2563,4, 126,9
2857,4, 80,6
2925,6, 76,6
3009,4, 76,1
3185,3, 66,8
3212,5, 65,3
3288,8, 202,4
3435,5, 233,4
3335,9, 274,5
3424,8, 263,2
3389,4, 318,8
3328,8, 376,6
3354,7, 364,5
3233,4, 323,2
3262,3, 324,9
3264,6, 309,1
3283,1, 304,4
3298,1, 295,6
3265,8, 297,4
3250,3, 296,4
3277,9, 281,8
2859,7, 419,7
2835,5, 414,8
2835,5, 414,8
2829,0, 425,9
2828,7, 427,3
2828,0, 434,0
2280,5, 492,1
2266,0, 504,1
2196,6, 468,6
2207,5, 511,7
2182,3, 444,4
2179,3, 442,6
2147,5, 412,1
1810,5, 310,3
1789,3, 354,5
1788,4, 375,8
142,2, 165,2
164,3, 150,5
138,6, 143,0
124,8, 100,9
126,3, 120,6
123,6, 77,8
676,7, 85,1
763,5, 103,4
612,6, 207,4
420,3, 403,1
371,0, 471,9
204,8, 325,1
536,6, 616,7
536,6, 603,4
302,1, 403,7
269,8, 383,8
279,8, 384,8
282,8, 393,6
286,6, 396,8
288,3, 398,3
300,6, 311,3
593,9, 395,6
587,3, 395,6
472,2, 316,2
1028,1, 458,4
1395,9, 536,6
1534,6, 518,3
1686,8, 534,5
1703,2, 536,1
1716,4, 535,7
2088,5, 597,4
2228,9, 637,8
2232,5, 636,1
2289,1, 654,4
2336,3, 683,6
2282,9, 672,9
2309,8, 686,9
2319,9, 687,5
2314,7, 691,3
2609,0, 837,4
2615,2, 866,2
2603,1, 862,4
2605,2, 864,1
2605,7, 863,8
2598,5, 864,1
2594,1, 864,4
2585,8, 865,9
2536,4, 891,0
2504,3, 908,9
2498,1, 912,1
2477,2, 924,0
2462,7, 934,7
2388,8, 1012,5
2330,6, 1082,3
2266,9, 1182,4
2158,8, 1352,9
2142,4, 1387,2
2099,6, 1540,4
2102,0, 1542,7
2093,9, 1548,5
2094,5, 1538,7
2095,3, 1531,2
2092,3, 1525,7
2084,5, 1518,0
2085,2, 1522,8
2106,2, 1528,7
2108,9, 1533,8
2109,2, 1533,8
2157,8, 1553,2
2144,0, 1561,2
2135,0, 1558,5
2125,8, 1551,5
2126,6, 1554,3
2082,6, 1546,3
1966,8, 1544,1
1948,4, 1546,4
1926,9, 1571,6
1924,6, 1571,9
1907,2, 1572,4
1851,1, 1597,9
1832,2, 1599,9
1817,9, 1601,3
1817,9, 1585,6
1819,1, 1591,4
1824,2, 1590,2
1758,4, 1609,2
1732,6, 1623,0
1720,3, 1615,5
1666,0, 1619,6
1636,9, 1653,5
1657,1, 1635,1
1663,5, 1631,8
1666,1, 1631,6
1678,0, 1622,7
1680,3, 1623,2
1676,3, 1622,8
1667,6, 1633,1
1658,2, 1641,2
1665,4, 1641,2
1660,1, 1654,1
1680,6, 1647,3
1689,0, 1649,6
1690,6, 1647,4
1696,7, 1642,9
1693,0, 1646,5
1704,2, 1631,0
1702,3, 1632,0
1697,1, 1645,4
1692,6, 1656,2
1678,7, 1658,7
1681,9, 1658,5
1684,2, 1658,5
1687,4, 1655,8
1687,4, 1655,1
1679,0, 1654,7
1666,1, 1650,6
1663,1, 1651,6
1666,6, 1660,0
1666,3, 1661,1
1666,2, 1662,1
1653,3, 1655,8
1642,3, 1638,9
1633,4, 1638,3
1354,3, 1631,7
1300,2, 1632,0
1289,2, 1632,2
1264,9, 1586,6
1252,3, 1604,5
1240,0, 1587,6
1242,7, 1588,9
1245,3, 1584,6
1258,9, 1594,1
1252,9, 1606,8
1251,6, 1609,1
1247,5, 1610,5
1266,6, 1584,0
1273,6, 1579,0
1273,9, 1580,6
1277,3, 1580,8
1277,4, 1576,2
1267,0, 1559,1
1265,5, 1569,3
1260,8, 1555,8
1260,0, 1553,8
1260,8, 1567,8
1260,8, 1585,9
1253,5, 1581,6
1163,5, 1456,1
991,4, 1227,1
804,8, 1072,1
674,9, 960,6
525,8, 847,9
470,9, 814,0
199,1, 649,4
152,3, 624,5
-158,8, 453,2
-107,6, 483,2
-186,3, 436,2
-127,4, 464,0
-86,4, 480,7
-120,9, 464,7
-41,1, 505,6
-155,3, 552,5
-116,4, 647,6
-117,1, 645,7
-118,0, 642,2
-115,2, 638,3
-116,9, 626,2
-121,3, 629,9
-109,8, 639,6
-69,3, 626,5
-380,9, 492,7
-103,6, 609,4
-84,8, 609,5
-80,3, 611,4
-79,1, 601,9
-77,9, 597,4
-77,9, 597,4
73,3, 643,6
171,2, 672,9
84,6, 633,5
224,8, 746,9
476,8, 941,4
512,3, 966,7
511,4, 962,7
523,5, 983,9
561,7, 1021,3
489,1, 1009,7
483,9, 1015,2
485,6, 1018,3
238,7, 1131,0
145,4, 1168,8
110,6, 1159,4
53,5, 1208,2
56,8, 1184,9
74,9, 1190,3
88,3, 1198,2
137,5, 1263,6
151,2, 1262,7
159,2, 1265,0
175,6, 1263,1
176,9, 1264,3
207,5, 1256,6
192,7, 1254,4
165,3, 1247,5
156,9, 1248,4
139,7, 1240,7
122,5, 1225,2
96,0, 1246,5
97,8, 1246,5
90,7, 1248,2
85,4, 1244,8
83,2, 1232,2
94,0, 1246,0
110,1, 1239,7
131,9, 1225,0
174,1, 1209,3
311,9, 1208,0
739,5, 1156,1
814,9, 1147,6
1270,6, 1101,0
1538,5, 1077,3
1784,1, 1052,6
1883,4, 1047,5
1912,1, 1050,6
2026,8, 1063,4
2244,7, 1097,5
2465,4, 1134,8
2662,0, 1167,3
2674,7, 1172,3
2676,8, 1176,6
2708,9, 1187,3
2720,4, 1189,1
2727,4, 1188,6
2733,0, 1186,9
2738,2, 1187,6
2729,6, 1195,7
2719,5, 1201,1
2709,1, 1206,2
2705,4, 1207,5
2709,0, 1205,8
2720,8, 1194,9
2732,8, 1189,5
2734,0, 1186,6
2730,9, 1186,6
2717,3, 1191,0
2699,0, 1203,4
2690,2, 1211,2
2695,3, 1209,7
2700,1, 1224,3
2717,9, 1251,5
2740,8, 1258,9
2910,2, 1330,7
3047,5, 1363,0
2984,0, 1348,0
2993,0, 1348,7
3065,9, 1350,5
3167,3, 1359,6
3199,7, 1365,3
3211,6, 1370,7
3173,0, 1383,8
3167,7, 1397,9
3169,2, 1400,1
3171,1, 1404,7
3170,4, 1401,9
3121,9, 1386,8
3110,3, 1387,0
3108,3, 1393,1
3112,5, 1392,9
3119,8, 1391,8
3129,6, 1395,0
3123,9, 1393,2
3135,6, 1398,6
3134,5, 1405,9
3134,0, 1409,3
3135,6, 1420,1
3159,1, 1404,3
3167,1, 1391,9
3092,2, 1375,9
3091,7, 1374,3
3021,3, 1358,5
2336,6, 1316,4
2269,3, 1309,5
2348,2, 1308,8
2371,8, 1306,3
2160,9, 1301,4
2108,1, 1306,5
2098,8, 1303,4
2068,3, 1297,9
2080,7, 1295,6
2034,5, 1297,8
2037,7, 1268,2
2042,9, 1255,6
2061,7, 1234,0
2053,5, 1235,3
1960,5, 1251,6
1850,8, 1240,3
1774,1, 1265,1
1357,1, 1240,7
1080,9, 1241,3
190,6, 1255,3
130,1, 1316,9
109,2, 1310,7
90,1, 1313,1
20,7, 1328,3
-37,9, 1287,2
-71,7, 1276,6
-82,8, 1276,6
-136,5, 1279,5
-181,4, 1283,0
-193,7, 1284,1
-192,1, 1283,7
-211,6, 1286,2
-278,1, 1296,2
-259,8, 1305,3
-166,3, 1308,1
141,3, 1331,3
141,0, 1330,3
103,1, 1362,5
62,4, 1391,3
23,2, 1414,0
13,9, 1427,5
17,5, 1437,4
-9,4, 1424,4
0,0, 1435,2
-11,2, 1429,5
-2,8, 1373,4
326,3, 1334,6
513,8, 1328,8
586,8, 1314,4
608,6, 1307,9
1194,4, 1185,2
3080,6, 1225,5
2916,3, 1249,8
2920,7, 1247,9
2853,7, 1258,3
2921,9, 1247,9
2885,9, 1253,2
2957,8, 1230,0
2962,1, 1224,3
3012,8, 1219,4
3042,0, 1213,5
3043,4, 1210,8
3041,9, 1218,5
3011,7, 1236,1
3005,1, 1234,0
2984,8, 1246,4
2994,6, 1243,0
2999,3, 1238,4
2990,5, 1243,4
2978,0, 1233,9
2977,6, 1231,4
2983,8, 1221,6
2994,2, 1229,2
3014,8, 1238,7
3107,7, 1265,2
3134,2, 1284,8
3147,6, 1275,4
3172,7, 1292,4
3206,9, 1274,5
3223,0, 1290,8
3245,1, 1220,5
3267,6, 1183,7
3258,8, 888,1
3448,6, 470,5
3456,8, 329,1
3483,2, 230,2
3257,3, 274,1
3264,4, 316,3
3175,5, 381,2
3222,0, 430,1
2954,8, 1004,8
2917,8, 979,5
2890,4, 970,6
2882,9, 1001,9
2873,7, 977,8
2875,9, 969,2
2873,6, 951,3
2882,5, 954,2
2887,0, 949,2
2982,9, 943,3
2968,0, 919,7
2920,1, 926,1
2692,7, 1049,7
2625,4, 1074,8
2593,9, 1083,1
2589,7, 1099,6
2556,6, 1115,9
2519,1, 1120,6
2560,1, 1101,5
2608,7, 1080,4
2602,7, 1077,8
2597,6, 1079,6
2595,5, 1083,4
2595,4, 1087,9
2609,2, 1081,5
2615,4, 1078,2
2620,5, 1075,4
2628,0, 1071,0
2624,3, 1071,7
2626,1, 1071,4
2627,8, 1073,2
2630,3, 1090,4
2629,8, 1102,3
2525,3, 1111,9
2454,3, 1139,6
2389,8, 1164,7
2196,7, 1249,5
2064,7, 1305,9
2072,3, 1291,1
2039,9, 1312,6
2036,8, 1314,4
2040,9, 1316,9
2038,8, 1317,5
2039,0, 1316,5
2033,4, 1318,5
2046,3, 1309,9
2046,7, 1312,3
2047,0, 1288,5
2029,2, 1283,4
2035,5, 1265,9
2029,0, 1273,2
2043,9, 1271,9
2063,5, 1238,3
2042,6, 1246,7
2044,4, 1247,3
2062,7, 1255,7
2071,9, 1249,2
2067,7, 1251,7
2068,1, 1254,6
2060,2, 1256,0
1988,4, 1297,4
1879,7, 1324,8
1835,6, 1357,8
1824,6, 1370,2
1816,2, 1373,9
1801,2, 1382,5
1806,7, 1383,5
1797,2, 1385,0
1807,6, 1394,3
1801,5, 1402,1
1801,3, 1401,3
1796,0, 1404,6
1796,4, 1408,5
1794,5, 1401,3
1780,4, 1408,5
1764,0, 1408,6
1757,2, 1392,7
1746,2, 1390,8
1682,9, 1390,3
1680,7, 1389,6
1664,2, 1393,7
1649,6, 1390,9
1629,3, 1367,3
1670,3, 1368,4
1678,4, 1372,6
1681,7, 1373,3
1649,2, 1394,8
1597,3, 1420,9
1596,2, 1412,8
1590,1, 1419,2
1594,3, 1412,5
1603,2, 1413,3
1556,0, 1414,2
1559,2, 1412,5
1552,4, 1411,8
1569,0, 1413,2
1599,1, 1420,6
1710,8, 1426,0
1774,1, 1427,4
2181,6, 1417,1
2977,5, 1402,4
3063,8, 1401,0
3392,4, 1386,8
3470,5, 1378,6
3492,4, 1377,4
3470,7, 1387,0
3462,8, 1389,9
3451,6, 1385,3
3428,5, 1382,9
3418,2, 1378,7
3412,6, 1378,5
3427,4, 1384,0
3439,3, 1388,5
3469,6, 1418,8
3490,1, 1438,0
3497,6, 1449,8
3528,1, 1415,9
3530,1, 1423,9
3497,6, 1428,1
3480,3, 1424,3
3465,2, 1438,4
3506,7, 1458,8
3364,6, 1398,7
3292,1, 1382,6
3094,1, 1356,0
2970,9, 1343,9
2930,9, 1336,3
2895,7, 1332,2
2838,8, 1332,4
2815,2, 1335,5
2797,6, 1338,2
2739,7, 1335,4
2712,5, 1336,1
2695,2, 1334,1
2483,3, 1316,9
2407,0, 1308,7
2267,7, 1303,1
2034,2, 1304,3
1988,6, 1304,1
2009,2, 1300,9
1700,0, 1305,4
1695,5, 1301,1
1688,0, 1311,4
1695,1, 1301,5
1703,9, 1299,6
1704,5, 1299,7
1708,9, 1300,5
1708,1, 1298,9
1711,7, 1293,3
1709,5, 1297,9
1709,6, 1298,0
1701,9, 1290,5
1698,8, 1289,6
1694,8, 1285,5
1712,3, 1281,0
1710,5, 1285,9
1705,3, 1301,7
1711,5, 1290,3
1693,7, 1293,0
1648,2, 1304,1
1634,9, 1307,8
1573,6, 1327,4
1561,5, 1318,9
1562,0, 1317,2
1560,0, 1325,9
1541,8, 1325,6
1540,8, 1329,0
1538,8, 1328,4
1538,0, 1327,1
1529,4, 1318,2
1532,5, 1320,6
1531,1, 1317,9
1530,8, 1298,5
1526,0, 1305,6
1510,1, 1344,0
1516,2, 1341,2
1521,7, 1327,2
1520,3, 1334,8
1531,3, 1311,4
1532,7, 1310,1
1531,0, 1310,8
1532,1, 1308,5
1530,2, 1308,8
1526,1, 1312,1
1538,0, 1311,1
1533,7, 1308,9
1595,3, 1255,3
1892,3, 943,9
1856,6, 981,9
2011,6, 814,7
2086,2, 735,9
2219,5, 594,1
2317,3, 490,4
2465,8, 330,1
2482,7, 287,0
2477,0, 274,3
2419,6, 291,1
2407,2, 298,2
2416,9, 314,8
2450,5, 332,2
2480,2, 373,6
2480,1, 373,7
2480,7, 369,4
2526,5, 334,0
2581,5, 289,0
2607,4, 265,7
2614,6, 248,6
2624,0, 237,0
2671,6, 198,7
2670,6, 177,1
2670,3, 183,3
2670,2, 187,0
2674,3, 189,8
2706,5, 169,1
2738,8, 151,4
2726,2, 163,9
2728,2, 166,1
2708,7, 188,1
2696,7, 192,8
2688,8, 195,6
2687,1, 208,2
2681,5, 210,6
2667,6, 218,1
2661,9, 229,0
2649,7, 281,0
2641,7, 283,8
2572,9, 274,0
2586,0, 269,3
2659,4, 247,8
2630,8, 235,8
2667,4, 226,7
2628,8, 225,1
2620,5, 227,2
2618,3, 229,2
2618,2, 229,5
2632,1, 221,8
2629,2, 216,8
2626,2, 214,5
2622,9, 204,4
2620,4, 201,1
2625,8, 197,2
2651,3, 204,9
2673,5, 217,9
2679,5, 230,8
2695,9, 254,4
2731,1, 256,0
2722,6, 255,8
2722,6, 265,0
2716,4, 280,6
2711,5, 288,2
2663,1, 348,4
2615,2, 401,9
2609,5, 408,6
2562,3, 369,9
2550,3, 343,7
2298,4, 947,3
2268,5, 1000,7
2247,4, 1043,9
2237,7, 1057,4
2223,4, 1078,7
2201,6, 1114,9
2165,9, 1167,5
2193,3, 1186,5
2189,6, 1184,9
2181,3, 1181,9
2170,4, 1195,5
2155,2, 1178,8
2152,7, 1173,0
2144,9, 1163,0
2016,9, 1087,5
1788,3, 840,4
1670,1, 711,7
1684,3, 725,3
1469,4, 482,9
1442,4, 458,4
1440,1, 459,6
1435,7, 461,9
1440,2, 477,8
1283,1, 429,7
1194,4, 400,6
1182,3, 394,8
1164,9, 390,5
1161,5, 392,9
1161,2, 392,8
1154,1, 385,4
1154,0, 384,3
1152,6, 383,7
1137