Listening for gaze data, press any key to exit...
619,0, 593,6
618,6, 593,5
614,4, 595,2
625,6, 600,1
627,0, 569,2
636,2, 565,2
642,4, 562,2
642,2, 560,6
630,9, 551,3
633,6, 552,6
590,5, 601,2
603,2, 588,9
598,9, 595,8
597,9, 596,8
626,5, 579,2
636,8, 598,6
649,8, 608,5
682,8, 644,8
710,6, 663,6
717,3, 675,3
750,7, 713,1
755,1, 720,3
762,7, 717,6
769,3, 718,2
767,2, 719,0
763,9, 717,1
767,7, 714,3
763,4, 704,4
724,3, 686,1
721,0, 684,3
713,2, 688,6
710,3, 686,7
714,1, 675,6
705,7, 682,9
703,8, 656,4
713,1, 640,8
710,3, 642,9
708,6, 646,5
715,6, 647,4
715,2, 651,0
733,5, 676,1
741,2, 676,5
757,4, 684,9
749,1, 672,2
761,6, 681,6
769,3, 694,1
775,1, 724,6
795,8, 773,8
838,3, 806,9
1061,9, 1043,1
1131,0, 1113,9
1226,0, 1216,9
1304,7, 1342,2
1350,9, 1367,3
1572,5, 1712,2
1875,2, 2247,8
1860,9, 2190,5
1931,6, 2277,9
2031,8, 2397,1
2026,3, 2360,0
2121,7, 2346,2
2257,1, 2433,1
2272,7, 2451,5
2304,5, 2541,2
2310,6, 2510,0
2324,5, 2509,2
2325,7, 2525,6
2321,7, 2507,8
2322,3, 2505,2
2324,1, 2523,3
2294,9, 2547,9
2333,8, 2574,2
2358,9, 2539,6
2338,9, 2535,4
2348,5, 2537,0
2370,2, 2555,8
2388,1, 2562,0
2369,4, 2522,7
2396,9, 2499,9
2370,3, 2483,9
2345,7, 2479,2
2339,9, 2469,0
2340,7, 2468,2
1999,1, 1936,0
1872,1, 1709,4
1822,2, 1663,7
1723,0, 1486,3
1492,4, 1128,2
1303,4, 902,9
1147,8, 681,6
1091,9, 601,1
1050,0, 570,2
1046,6, 569,2
1046,2, 568,7
1044,4, 568,3
1041,6, 567,5
1023,6, 554,2
903,6, 558,5
406,5, 546,4
56,2, 535,2
-110,1, 561,3
-152,7, 553,5
-58,6, 409,2
64,1, 276,0
-35,1, 151,0
-46,2, 130,7
-160,0, 69,4
-157,4, 80,3
-147,4, 98,0
-136,8, 132,7
-135,8, 145,3
-128,2, 139,7
-275,6, -124,6
-180,7, 18,8
160,7, 395,2
330,7, 572,3
339,1, 642,3
333,0, 624,3
342,8, 610,3
360,1, 645,7
363,4, 654,1
370,3, 662,9
427,0, 684,9
479,7, 727,7
489,6, 759,0
428,6, 766,2
295,2, 765,3
-64,1, 743,8
-89,5, 720,2
-92,3, 721,3
-92,5, 725,5
-110,1, 721,1
-115,1, 731,4
-114,7, 729,4
-118,3, 725,4
-116,7, 728,9
-119,9, 732,1
-36,5, 770,2
39,6, 871,7
183,6, 1020,1
189,3, 1010,5
206,6, 1014,1
291,1, 1083,4
305,9, 1092,5
344,2, 1117,6
374,7, 1137,6
374,8, 1149,1
369,2, 1156,8
324,5, 1192,6
311,4, 1196,5
267,8, 1216,4
221,9, 1244,4
211,8, 1282,7
190,9, 1306,8
170,5, 1333,8
180,0, 1333,5
193,8, 1334,9
184,6, 1338,1
177,5, 1339,8
193,4, 1337,6
218,2, 1342,2
275,1, 1351,4
270,5, 1353,2
266,4, 1364,6
255,5, 1366,6
257,7, 1362,3
272,4, 1351,1
268,8, 1349,8
281,9, 1340,4
261,2, 1344,9
265,4, 1342,1
256,0, 1343,7
230,9, 1352,1
229,9, 1352,8
279,8, 1342,4
273,2, 1341,6
254,2, 1345,9
238,4, 1347,2
258,5, 1343,1
246,0, 1344,2
233,2, 1343,7
238,6, 1343,1
254,7, 1342,4
248,2, 1351,3
270,1, 1354,5
279,7, 1353,7
285,9, 1255,3
145,4, 1078,9
72,7, 1001,2
68,2, 997,8
90,3, 537,6
77,7, 522,9
15,1, 462,0
-83,7, 382,3
-267,2, 125,3
-251,3, 132,5
-204,2, 169,4
101,0, 304,7
517,9, 848,6
593,1, 1412,5
639,5, 1442,7
660,8, 1456,6
677,3, 1486,8
920,0, 1958,2
874,7, 1871,2
974,1, 2120,7
950,9, 2180,8
936,1, 2205,9
871,7, 2251,1
896,5, 2237,0
856,3, 2276,3
854,4, 2278,8
824,9, 2299,1
811,2, 2323,6
811,2, 2325,7
813,7, 2321,8
811,6, 2313,4
812,5, 2298,1
806,9, 2296,0
807,8, 2296,7
803,3, 2286,4
803,3, 2274,5
801,2, 2261,0
804,3, 2262,5
807,4, 2263,5
809,2, 2267,1
792,4, 2278,4
774,6, 2278,4
757,2, 2186,6
646,8, 1634,2
351,2, 391,2
298,5, 239,9
309,2, 229,3
311,8, 197,5
324,4, 200,2
379,3, 227,7
378,9, 227,8
390,6, 237,2
398,4, 244,4
318,5, 141,8
299,7, 119,1
285,0, 102,8
271,7, 71,4
248,4, 65,1
246,4, 53,4
199,8, 12,5
177,5, 36,6
182,5, 110,6
184,2, 111,9
187,2, 102,2
183,1, 122,3
117,7, 74,6
149,2, 117,1
115,8, 83,6
116,9, 61,3
143,7, 98,6
130,7, 80,0
122,9, 70,0
151,4, 89,1
168,0, 118,8
203,2, 153,7
261,4, 223,9
340,3, 289,1
405,1, 340,9
407,2, 340,9
769,5, 380,8
1293,2, 475,4
2009,7, 578,7
2014,7, 520,1
2022,5, 482,5
2019,5, 480,7
2015,8, 479,1
2004,3, 496,3
2003,9, 467,0
2005,6, 472,3
2034,8, 434,2
2037,8, 415,9
2034,3, 342,7
2032,6, 326,0
2091,5, 317,6
2173,8, 283,3
2296,8, 257,5
2406,8, 238,5
2497,6, 255,6
2427,1, 266,1
2609,9, 319,0
2627,9, 337,4
2586,8, 381,5
2593,7, 372,8
2635,7, 340,6
2641,1, 330,6
2636,4, 330,0
2654,6, 325,6
2656,1, 325,6
2666,7, 335,0
2662,1, 321,2
2669,3, 280,1
2663,0, 277,4
2660,3, 292,1
2654,4, 310,2
2653,5, 305,0
2651,8, 294,7
2654,1, 311,1
2656,0, 329,5
2648,7, 333,3
2655,2, 334,3
2649,3, 328,5
2631,9, 325,3
2636,1, 330,3
2642,6, 336,2
2638,6, 332,4
2646,8, 341,6
2644,3, 340,0
2618,9, 305,4
2614,2, 299,8
2613,8, 299,2
2614,1, 299,5
2622,6, 290,9
2618,1, 297,3
2624,8, 294,4
2630,3, 292,1
2625,0, 298,4
2518,5, 296,5
2539,0, 301,7
2583,6, 300,1
2600,0, 311,7
2599,3, 317,8
2592,6, 311,2
2610,7, 314,5
2609,5, 323,4
2603,8, 323,4
2597,0, 331,1
2592,0, 320,2
2585,1, 312,9
2587,6, 322,5
2578,3, 317,1
2586,9, 324,8
2587,9, 324,4
2587,8, 322,1
2591,1, 324,1
2590,0, 320,8
2600,9, 328,6
2597,9, 325,6
2626,4, 344,1
2635,6, 342,9
2622,1, 325,7
2627,4, 338,9
2629,8, 342,6
2624,4, 335,1
2621,3, 334,2
2606,7, 352,9
2606,6, 349,4
2573,1, 363,9
2538,5, 428,7
2534,5, 429,3
2539,3, 429,7
2531,8, 417,1
2586,4, 381,6
2585,7, 387,2
2584,0, 367,5
2580,9, 354,5
2607,7, 376,0
2619,4, 385,3
2607,6, 375,8
2617,5, 384,0
2601,4, 371,8
2568,4, 357,2
2586,2, 366,7
2586,5, 378,7
2597,1, 397,8
2592,2, 392,5
2604,3, 403,0
2608,0, 405,9
2622,6, 404,9
2615,0, 393,6
2618,0, 392,6
2624,1, 391,5
2619,4, 385,6
2620,0, 383,0
2612,1, 367,7
243,6, 304,6
601,1, 492,3
688,6, 546,0
987,7, 688,6
1639,8, 1151,7
2198,4, 2535,3
2272,1, 2366,4
2376,1, 2267,2
2214,7, 2307,2
1745,0, 2299,0
1970,6, 2354,5
1912,2, 2317,6
1895,8, 2296,0
1943,0, 2289,3
2077,4, 2292,0
2317,4, 2283,8
2302,4, 2300,5
2376,4, 2530,2
2332,0, 2444,1
2323,1, 2436,3
2276,4, 2451,8
2230,9, 2372,3
2008,5, 2134,0
1683,9, 1779,2
865,1, 916,2
590,9, 635,9
415,2, 558,4
402,7, 551,7
407,6, 553,7
299,2, 460,3
247,6, 444,5
262,8, 470,8
269,7, 470,7
256,5, 459,8
260,9, 462,7
296,3, 512,1
333,2, 528,4
437,1, 613,3
501,4, 662,9
569,9, 707,4
534,8, 755,7
539,7, 762,5
520,3, 851,3
511,6, 917,2
520,9, 968,8
502,8, 1112,7
502,0, 1125,8
464,5, 1241,0
481,9, 1243,8
454,5, 1239,4
427,6, 1235,4
419,8, 1230,7
363,9, 1225,7
360,1, 1227,3
354,7, 1227,5
360,3, 1229,3
347,8, 1232,0
349,3, 1232,8
104,3, 1391,8
161,2, 1445,0
58,6, 1428,0
57,8, 1430,8
68,6, 1440,2
44,0, 1433,9
59,0, 1439,2
66,4, 1438,5
79,8, 1428,9
58,0, 1411,1
49,0, 1412,7
48,4, 1416,8
39,0, 1430,1
1,1, 1424,4
2,8, 1420,3
-12,0, 1427,5
-12,4, 1437,1
6,1, 1436,3
14,3, 1434,8
36,4, 1428,3
33,9, 1427,2
38,6, 1419,0
63,7, 1422,2
94,5, 1422,6
98,2, 1422,1
107,2, 1424,5
115,0, 1424,1
150,7, 1421,7
569,8, 1347,5
615,0, 1335,2
628,6, 1329,9
695,4, 1316,0
680,4, 1294,9
671,5, 1290,4
679,1, 1286,8
662,8, 1275,5
653,1, 1270,5
658,1, 1270,1
640,1, 1267,3
624,9, 1263,4
616,5, 1262,7
593,9, 1255,5
539,0, 1240,0
534,9, 1229,4
-181,9, 241,7
-378,6, 35,2
-330,4, 60,5
-365,4, 44,8
-291,1, 31,2
-223,5, 465,1
-235,1, 544,4
-232,8, 568,8
-222,0, 555,2
-221,9, 555,2
-113,9, 520,9
-24,5, 518,5
21,0, 557,8
53,1, 578,5
85,7, 611,0
190,4, 660,7
297,7, 703,2
338,4, 699,3
341,5, 691,3
363,7, 647,3
351,0, 647,4
320,7, 609,5
280,9, 598,1
252,6, 597,8
216,2, 567,2
184,9, 537,5
133,2, 478,8
146,1, 328,8
313,8, 732,3
306,1, 677,7
309,0, 679,2
314,6, 680,1
295,9, 662,3
296,3, 662,2
276,7, 661,4
280,5, 657,7
279,8, 658,5
303,3, 639,1
364,5, 684,5
383,1, 700,7
463,1, 770,0
435,2, 756,6
439,4, 760,9
481,9, 780,2
273,6, 744,6
191,0, 730,3
234,0, 736,7
68,7, 709,6
203,1, 725,2
53,6, 705,7
166,3, 726,5
-279,7, 653,1
-465,0, 624,7
-158,9, 651,4
185,5, 695,7
381,4, 767,1
488,6, 790,9
490,0, 797,5
478,6, 824,1
474,3, 823,9
465,3, 824,1
461,7, 820,6
455,7, 811,0
-7,0, 671,1
238,7, 718,6
73,6, 682,2
-116,2, 639,7
78,6, 670,5
-136,3, 625,3
2,6, 645,4
58,7, 658,5
4,0, 654,1
-33,9, 623,4
-34,1, 623,2
-33,2, 645,3
33,9, 667,2
33,9, 667,2
150,5, 720,2
264,4, 754,1
216,8, 753,3
207,8, 765,1
264,4, 761,3
234,8, 763,2
271,9, 753,7
249,5, 759,0
278,9, 756,4
249,6, 764,1
283,5, 762,8
248,7, 763,7
219,2, 757,4
312,7, 760,6
293,0, 771,5
269,0, 776,6
249,5, 770,1
286,3, 759,2
267,4, 756,9
232,2, 758,7
263,6, 756,5
233,7, 767,3
261,8, 767,2
264,0, 763,5
296,8, 758,6
264,7, 753,0
294,4, 745,9
261,4, 754,2
297,7, 759,7
287,9, 812,2
321,8, 833,8
335,1, 842,2
327,7, 837,0
355,6, 824,3
394,6, 837,3
404,9, 830,0
415,1, 819,5
427,9, 809,9
419,7, 767,0
432,9, 800,7
438,8, 817,2
439,4, 830,4
442,3, 860,6
444,3, 863,0
446,1, 864,2
454,4, 866,8
450,0, 866,7
458,8, 841,5
459,6, 838,7
461,0, 838,8
458,6, 839,9
461,3, 841,0
475,8, 834,5
479,9, 831,3
471,0, 841,4
466,0, 852,4
441,3, 878,3
447,8, 868,9
449,9, 862,3
463,5, 843,1
467,0, 839,3
481,1, 820,7
479,7, 814,3
475,9, 823,2
470,0, 843,4
466,2, 783,0
477,2, 809,2
481,7, 838,0
485,5, 836,4
492,1, 832,2
494,8, 830,1
485,4, 850,1
486,9, 848,3
481,1, 853,1
482,7, 847,4
485,1, 846,0
556,4, 665,2
605,9, 424,3
606,1, 385,6
578,6, 482,3
592,4, 426,0
455,4, 873,3
444,4, 889,3
458,5, 901,0
467,8, 903,2
467,9, 879,0
451,0, 881,5
455,4, 877,7
481,6, 882,3
481,3, 892,1
482,5, 898,3
492,5, 902,1
499,1, 900,2
506,0, 896,7
492,1, 907,6
493,0, 908,0
495,8, 906,8
491,1, 907,9
493,2, 906,9
495,3, 901,0
501,4, 893,2
501,4, 887,7
487,8, 893,7
494,0, 886,0
499,6, 878,7
486,0, 884,0
487,6, 883,3
491,5, 880,9
510,1, 868,7
517,7, 866,6
511,0, 875,7
508,1, 880,3
515,8, 871,9
499,4, 885,5
397,8, 830,4
328,0, 792,2
329,4, 793,5
104,3, 741,9
127,5, 743,0
219,1, 749,2
252,8, 750,5
253,0, 748,9
205,8, 769,1
208,6, 762,0
204,5, 765,2
208,8, 772,7
212,1, 769,9
212,7, 769,0
216,5, 772,7
224,4, 767,1
218,1, 762,9
195,8, 786,1
195,8, 786,1
332,8, 993,6
356,9, 1012,2
373,2, 1028,3
349,9, 1052,5
376,8, 1065,3
345,2, 1081,0
353,4, 1079,1
341,6, 1076,3
328,9, 1069,5
322,4, 1061,1
321,7, 1058,4
322,5, 1054,7
313,8, 1052,7
276,7, 1027,6
272,6, 1024,9
258,9, 1019,4
213,0, 1005,1
211,0, 1005,8
210,5, 1012,9
208,7, 1007,7
209,8, 1012,6
201,7, 1005,5
198,7, 999,0
198,8, 996,8
197,6, 995,3
194,6, 1001,2
194,9, 1000,5
194,9, 995,1
196,5, 979,2
203,3, 985,4
204,7, 987,5
201,8, 995,1
196,1, 995,6
155,4, 986,4
146,3, 979,6
129,9, 950,0
126,5, 949,4
118,6, 955,3
118,4, 955,5
99,5, 917,3
86,3, 891,8
91,4, 873,6
93,0, 869,5
108,2, 831,7
115,1, 797,5
121,6, 770,2
9,8, 713,3
-126,7, 668,5
79,4, 513,9
179,3, 650,4
151,3, 688,2
133,9, 660,7
130,1, 658,1
120,0, 652,5
129,7, 659,1
127,4, 662,1
92,0, 698,2
134,7, 751,3
108,1, 778,2
107,8, 794,6
340,9, 782,0
294,9, 784,0
201,8, 770,8
202,0, 766,6
204,0, 766,3
199,1, 762,4
195,2, 760,7
309,0, 813,9
285,1, 806,0
298,1, 810,7
339,3, 810,9
319,5, 806,6
336,5, 810,4
291,1, 799,3
309,1, 790,2
266,2, 770,9
262,1, 756,6
201,1, 749,5
273,9, 764,2
257,2, 760,6
285,6, 759,4
243,8, 756,7
281,5, 765,7
245,8, 759,4
271,6, 766,1
229,7, 756,0
312,1, 767,1
333,3, 765,9
340,3, 767,1
341,7, 766,5
334,8, 767,3
320,0, 768,7
326,5, 737,1
382,7, 607,1
382,5, 605,9
280,1, 536,3
287,3, 525,3
148,0, 431,1
104,7, 408,3
106,5, 403,4
105,9, 398,6
280,5, 475,0
103,0, 386,3
195,4, 433,7
278,8, 459,9
274,6, 456,8
272,6, 457,0
71,0, 421,8
74,2, 427,8
92,0, 441,0
128,5, 440,5
100,1, 409,3
90,1, 408,5
94,6, 403,3
98,1, 403,3
92,8, 414,9
96,3, 404,8
109,9, 396,8
261,5, 451,3
173,7, 432,9
117,3, 422,3
133,0, 424,8
130,9, 425,5
100,2, 408,2
113,2, 416,3
120,7, 427,5
104,7, 426,4
116,0, 433,2
119,8, 425,9
114,9, 416,6
112,1, 413,9
266,1, 472,7
249,9, 457,1
227,1, 438,6
235,3, 437,1
230,6, 412,6
211,1, 373,2
210,1, 358,7
209,7, 352,3
-60,8, 213,7
-70,2, 226,1
-90,6, 230,9
-92,5, 247,9
-88,6, 240,7
-57,3, 245,8
-70,4, 206,9
-72,2, 220,0
-81,2, 218,7
-86,8, 204,4
-85,0, 205,5
-93,9, 208,5
-97,9, 196,0
-69,8, 213,6
-97,1, 183,5
277,4, 427,9
208,9, 404,8
171,7, 388,3
168,5, 385,5
187,3, 372,9
196,2, 363,0
209,8, 382,3
195,1, 391,2
195,7, 420,0
200,1, 432,5
566,0, 780,3
524,1, 917,1
590,5, 1021,3
618,7, 1010,1
554,5, 999,8
510,7, 965,2
496,8, 948,4
435,9, 885,8
465,2, 910,8
430,5, 928,1
430,0, 929,2
426,0, 922,1
434,3, 916,6
423,1, 911,5
420,9, 907,9
414,2, 898,3
422,1, 903,7
455,1, 915,1
561,5, 949,3
643,1, 974,9
851,4, 1024,9
1109,3, 1086,0
1161,5, 1094,0
1285,6, 1094,0
1848,1, 1081,4
1897,9, 1073,3
1986,9, 1059,9
1996,1, 1061,2
1998,5, 1070,0
2001,4, 1072,2
2014,9, 1078,0
2017,0, 1095,2
2017,7, 1115,4
2020,2, 1121,2
2078,1, 1097,3
2159,9, 1082,6
2302,5, 1087,1
2667,7, 1098,3
2767,6, 1097,5
2850,5, 1103,8
3055,7, 1116,1
3131,8, 1116,7
3212,0, 1120,2
3222,3, 1107,5
3228,9, 1102,1
3184,3, 1147,1
3222,8, 1111,1
3253,5, 1094,0
3281,2, 1072,9
3249,5, 1094,8
3253,2, 1092,2
3289,5, 1061,2
3276,9, 1064,8
3270,6, 1064,8
3234,5, 1080,0
3054,1, 1095,3
2727,2, 1149,3
2714,2, 1145,1
2524,0, 1170,5
1349,3, 1316,0
1314,0, 1245,3
1255,0, 1268,8
1214,3, 1310,5
1254,8, 1293,4
1242,1, 1277,4
1193,9, 1281,2
1134,2, 1283,1
1008,3, 1282,3
952,1, 1280,3
461,5, 1260,8
-26,5, 1257,5
-20,4, 1249,1
19,1, 1253,5
58,9, 1257,8
86,5, 1264,3
134,8, 1274,7
114,7, 1270,0
125,5, 1261,9
53,4, 1142,5
61,2, 1143,2
44,2, 1030,8
58,9, 1032,6
45,9, 1024,3
45,3, 991,8
137,0, 1029,5
236,4, 1062,6
327,1, 1094,2
359,8, 1095,4
401,8, 1097,0
414,9, 1099,4
381,0, 1100,0
398,1, 1127,0
371,9, 1132,5
448,3, 1252,4
445,3, 1251,2
415,6, 1338,6
434,7, 1342,1
440,4, 1346,5
416,5, 1341,9
417,6, 1340,7
350,2, 1337,7
365,4, 1337,0
355,9, 1335,1
331,3, 1331,5
334,4, 1333,1
313,5, 1331,7
330,5, 1329,0
313,7, 1329,5
213,3, 1332,3
229,7, 1330,9
217,2, 1332,3
241,6, 1328,0
304,1, 1326,7
282,7, 1331,5
328,0, 1332,4
300,8, 1334,6
302,2, 1334,7
313,8, 1338,7
301,0, 1356,6
329,1, 1380,3
329,7, 1401,6
271,1, 1431,5
264,2, 1449,7
261,6, 1448,9
236,8, 1447,7
191,2, 1449,2
188,3, 1448,9
197,3, 1447,4
157,8, 1450,8
169,0, 1445,2
189,2, 1442,5
216,4, 1444,6
207,5, 1446,9
188,5, 1446,9
208,8, 1448,2
155,8, 1456,0
173,6, 1450,0
161,6, 1451,4
130,5, 1460,2
158,1, 1454,6
217,4, 1442,9
288,2, 1437,3
336,8, 1432,5
436,9, 1421,0
506,7, 1418,6
618,2, 1410,1
680,3, 1398,8
862,4, 1370,6
860,6, 1367,1
843,0, 1355,0
841,8, 1345,0
846,3, 1345,1
834,9, 1346,8
842,6, 1347,2
851,9, 1341,2
856,2, 1339,5
879,5, 1332,1
968,9, 1333,7
994,8, 1334,6
1056,6, 1347,1
1125,7, 1358,1
1169,8, 1362,3
1325,7, 1375,9
1429,1, 1381,8
1429,1, 1380,4
1424,0, 1380,2
1461,6, 1374,4
1459,2, 1374,0
1446,5, 1375,4
1450,1, 1374,9
1459,3, 1375,7
1508,8, 1369,1
1507,3, 1370,6
1519,2, 1369,1
1609,6, 1361,3
1651,3, 1379,7
1660,5, 1382,4
1699,9, 1379,1
1701,4, 1370,4
1693,8, 1369,8
1682,5, 1371,8
1681,6, 1371,3
1697,0, 1373,0
1696,2, 1371,8
1689,0, 1364,2
1704,9, 1374,9
1696,6, 1393,8
1694,6, 1388,2
1702,3, 1364,9
1703,5, 1370,3
1688,5, 1370,5
1686,7, 1371,2
1689,6, 1365,8
1707,2, 1377,3
1707,4, 1385,6
1697,1, 1407,2
1700,8, 1411,1
1701,7, 1417,9
1705,5, 1421,1
1707,8, 1423,7
1711,9, 1415,3
1708,5, 1413,1
1701,4, 1411,1
1606,5, 1401,9
1272,6, 1399,7
940,1, 1400,8
810,4, 1399,9
796,1, 1400,8
397,8, 1402,2
223,4, 1399,7
108,8, 1398,5
128,3, 1398,9
133,4, 1395,3
134,9, 1399,1
149,9, 1401,5
-87,2, 1419,1
-136,0, 1424,5
-208,4, 1417,7
-202,5, 1405,8
-225,0, 1401,8
-228,9, 1404,9
-113,3, 1459,8
-134,8, 1435,8
-122,0, 1434,6
-90,6, 1427,4
-84,8, 1424,6
-141,4, 1427,9
-158,1, 1427,7
-141,6, 1427,2
-151,4, 1430,6
-160,4, 1432,0
-163,4, 1434,7
-131,9, 1433,8
-108,7, 1426,6
-60,3, 1424,1
-89,5, 1408,9
-75,2, 1426,0
-46,1, 1426,7
-92,5, 1433,5
-52,9, 1429,5
-66,8, 1426,3
-107,6, 1423,1
-27,9, 1427,1
-87,8, 1420,7
-31,8, 1423,7
-23,0, 1420,8
-54,0, 1412,9
2,6, 1427,4
-66,1, 1408,6
-66,5, 1411,5
-27,3, 1414,2
42,8, 1419,3
-58,3, 1397,1
-39,2, 1399,5
-56,9, 1399,3
-22,6, 1406,7
-34,0, 1398,7
-128,0, 1258,3
-92,1, 1274,2
-105,7, 1265,0
-126,4, 1194,1
-67,6, 1193,1
-78,1, 1182,6
-51,2, 1185,4
-41,6, 1178,3
61,2, 1192,0
162,2, 1220,9
196,1, 1232,2
157,1, 1242,9
186,1, 1250,6
222,5, 1246,7
259,6, 1257,9
213,2, 1247,0
216,6, 1247,5
278,2, 1256,1
255,7, 1253,1
294,1, 1260,0
333,4, 1255,1
286,6, 1241,7
285,2, 1238,9
254,3, 1240,8
276,0, 1243,1
305,6, 1248,9
265,9, 1247,7
283,6, 1249,0
294,8, 1249,2
248,0, 1241,2
287,5, 1246,7
263,7, 1243,1
282,5, 1248,0
271,5, 1247,7
216,5, 1238,5
238,8, 1238,0
273,7, 1232,7
244,3, 1232,5
247,9, 1232,6
260,3, 1233,4
309,1, 1242,5
311,8, 1256,2
245,4, 1248,3
270,4, 1245,7
292,6, 1246,5
300,7, 1236,0
293,6, 1224,8
275,4, 1232,1
417,7, 1236,1
512,2, 1244,2
486,6, 1241,5
508,6, 1257,1
596,1, 1288,8
599,3, 1291,7
588,5, 1287,9
601,0, 1298,2
585,7, 1293,5
563,9, 1285,1
492,7, 1259,2
478,2, 1255,1
503,4, 1254,9
495,6, 1253,2
439,1, 1237,6
460,5, 1234,5
517,5, 1219,6
559,6, 1215,2
567,2, 1213,0
590,1, 1206,5
697,1, 1184,3
701,0, 1186,0
697,6, 1182,8
692,9, 1183,8
686,6, 1181,9
685,4, 1183,1
685,5, 1187,3
684,7, 1186,9
689,5, 1186,1
709,3, 1180,2
702,9, 1185,6
696,8, 1177,7
686,2, 1178,0
685,0, 1178,2
676,2, 1174,8
678,1, 1178,7
688,2, 1173,9
1057,3, 1112,1
964,3, 1127,6
1134,5, 1104,8
1250,1, 1090,2
1333,0, 1075,0
1713,2, 1020,5
1715,2, 1019,9
1716,6, 1020,0
1733,2, 1006,4
1733,0, 1008,3
1748,2, 1012,5
1762,1, 1032,7
1777,9, 1023,5
1885,1, 972,9
1906,2, 955,4
1912,2, 947,7
1914,5, 945,2
1928,2, 933,1
1923,4, 932,4
1924,5, 931,9
1938,3, 929,8
1947,2, 934,6
1947,2, 940,2
1946,5, 942,2
1940,7, 939,4
1940,9, 937,7
1935,5, 928,6
1929,8, 920,1
1890,5, 955,2
1890,5, 955,1
1369,8, 971,6
1156,5, 990,1
1011,0, 998,7
997,6, 993,3
992,7, 985,2
995,2, 986,0
994,9, 981,4
1005,5, 991,6
1008,9, 993,2
1009,2, 993,1
1013,8, 995,8
1015,1, 995,4
1015,5, 995,5
1016,9, 994,9
1017,6, 989,3
1018,2, 991,8
1017,5, 992,3
1018,7, 993,8
1019,1, 994,5
1013,8, 987,5
1005,4, 974,6
1003,2, 969,4
992,0, 954,0
991,8, 953,7
992,7, 952,9
997,3, 948,9
999,1, 947,0
1000,0, 947,0
1006,9, 950,1
972,3, 951,6
856,2, 944,3
692,8, 968,4
624,0, 952,9
383,8, 950,7
449,4, 941,4
56,4, 973,7
-138,4, 988,3
-170,2, 988,4
-160,8, 994,1
-160,5, 992,8
-154,0, 1013,5
-153,4, 1013,0
-66,4, 1030,5
-42,4, 995,5
-40,5, 996,3
-51,8, 990,2
-34,6, 955,3
-21,1, 925,4
-0,4, 913,2
6,9, 874,6
-116,3, 805,5
-135,8, 792,0
-220,2, 764,6
-234,5, 756,9
-234,5, 758,1
-273,9, 694,9
-239,0, 718,5
-29,8, 827,4
47,9, 867,7
106,9, 928,2
127,0, 940,3
125,4, 937,2
74,5, 879,8
65,2, 858,4
74,5, 842,1
72,9, 839,6
69,5, 842,2
109,8, 865,6
169,5, 889,2
180,3, 882,2
236,7, 867,8
240,0, 873,7
240,0, 873,7
239,8, 874,1
245,3, 876,5
245,4, 876,6
247,0, 874,0
248,2, 866,9
254,7, 823,7
294,5, 860,3
332,2, 869,3
340,8, 872,4
347,7, 875,1
389,8, 888,4
734,3, 1018,6
759,9, 1032,9
977,2, 1114,1
989,0, 1116,6
958,8, 1095,2
957,7, 1067,6
935,5, 1049,8
930,2, 1045,7
884,3, 1011,9
863,0, 996,6
841,9, 981,5
847,8, 986,3
845,8, 983,0
844,0, 984,0
842,0, 983,9
831,8, 975,3
833,6, 979,1
834,4, 977,5
831,3, 965,4
824,2, 963,4
902,4, 970,3
1136,0, 995,7
1254,8, 1003,6
1338,4, 1002,4
1601,7, 994,6
1666,8, 988,3
1672,4, 986,7
1635,8, 987,7
1660,8, 991,4
1677,7, 1012,2
1682,5, 1014,5
1699,6, 1004,3
1743,6, 995,2
1732,9, 999,2
1750,0, 998,9
1780,0, 1001,1
1776,8, 1000,8
1835,5, 1011,0
1893,7, 1030,5
1896,3, 1028,9
1894,9, 1025,2
1894,3, 1027,1
1893,7, 1024,2
1897,2, 1030,2
1904,9, 1032,6
1905,0, 1036,3
1915,3, 1026,6
1924,5, 1017,5
1920,6, 1023,4
1927,5, 1019,3
1925,7, 1009,6
1910,8, 1016,2
1915,9, 1015,8
1916,2, 1015,8
1913,9, 1013,2
1906,6, 1017,6
1910,8, 1013,3
1916,6, 989,5
1918,0, 987,8
1924,6, 980,2
1928,0, 979,3
1937,7, 1002,0
1939,6, 1007,7
1934,9, 1004,6
1915,0, 1002,4
1864,9, 1002,0
1788,7, 1012,7
1576,6, 1054,8
1542,2, 1057,5
1532,6, 1062,2
1453,9, 1092,6
1459,9, 1103,3
1460,5, 1105,8
1447,2, 1094,1
1432,9, 1079,9
1423,5, 1060,1
1419,8, 1057,1
1424,4, 1028,7
1426,8, 1030,1
1430,5, 1033,9
1427,6, 1044,7
1422,7, 1061,5
1424,2, 1060,0
1431,8, 1056,3
1424,4, 1052,4
1435,8, 1021,5
1437,3, 1024,6
1440,9, 1011,7
1440,8, 1019,8
1343,6, 1098,3
1255,6, 1105,7
796,8, 1112,6
761,1, 1113,1
764,6, 1112,7
115,1, 1038,2
196,6, 1049,8
171,5, 1058,9
145,6, 1069,7
142,9, 1079,0
286,6, 1112,3
279,9, 1119,8
285,6, 1118,5
299,7, 1127,6
289,9, 1127,0
236,2, 1126,6
223,2, 1127,2
204,8, 1123,6
214,9, 1127,4
164,7, 1133,9
159,0, 1136,3
158,1, 1137,1
-2,1, 1190,0
10,8, 1205,8
16,8, 1206,7
45,7, 1206,3
39,6, 1208,6
67,3, 1208,8
123,0, 1249,9
128,4, 1256,7
140,6, 1267,2
164,2, 1283,7
157,3, 1277,3
158,0, 1277,7
172,3, 1285,2
218,0, 1298,6
239,8, 1299,9
241,0, 1301,1
247,6, 1300,6
275,6, 1299,9
278,9, 1298,6
282,9, 1293,7
287,3, 1290,9
297,3, 1285,3
300,7, 1288,5
302,5, 1290,2
308,4, 1286,3
307,6, 1290,9
307,3, 1292,0
308,6, 1287,3
295,1, 1288,6
298,5, 1287,9
322,2, 1279,6
325,9, 1278,5
325,1, 1270,8
328,5, 1272,8
325,5, 1273,8
325,4, 1273,7
323,2, 1270,6
313,7, 1289,2
313,2, 1290,2
312,4, 1288,0
304,5, 1284,3
298,5, 1279,0
295,5, 1273,6
296,9, 1270,2
290,7, 1269,1
286,5, 1246,4
288,4, 1244,0
291,1, 1243,6
298,9, 1241,4
311,2, 1237,2
314,3, 1236,5
313,2, 1239,2
314,5, 1236,5
313,1, 1239,1
313,1, 1239,1
312,7, 1239,9
650,6, 1152,5
730,6, 1111,8
784,0, 1088,5
800,6, 1080,3
768,7, 1086,4
774,1, 1082,2
861,1, 1063,5
849,6, 1056,1
846,3, 1053,9
826,7, 1036,3
830,8, 1024,4
840,1, 1017,1
852,2, 987,9
848,5, 995,4
863,9, 976,9
867,2, 969,9
864,7, 956,8
867,9, 943,6
860,4, 936,4
853,4, 930,0
841,6, 926,7
773,3, 888,2
474,9, 719,2
202,3, 557,5
134,0, 512,5
102,3, 492,7
86,8, 480,8
144,3, 519,6
155,9, 525,1
191,7, 547,5
324,8, 629,8
352,5, 662,5
373,7, 675,0
378,8, 675,4
397,0, 699,6
355,9, 633,4
455,2, 632,9
481,7, 630,3
1357,2, 540,4
1964,6, 490,6
2021,2, 511,6
2083,9, 536,4
2094,8, 536,2
2099,5, 533,1
2110,0, 483,1
2142,1, 472,4
2124,0, 460,4
2301,4, 256,3
2300,1, 256,1
2294,2, 260,1
2302,9, 246,0
2347,7, 214,6
2347,7, 211,5
2347,5, 205,0
2364,9, 185,5
2375,4, 162,1
2374,8, 160,6
2368,1, 167,7
2371,4, 163,1
2383,2, 143,8
2369,3, 159,1
2370,7, 158,3
2186,8, 147,7
2117,1, 146,8
2020,2, 176,9
1958,8, 196,2
1810,6, 242,5
1731,8, 340,1
1740,5, 304,2
1745,2, 353,9
1757,3, 412,6
1748,1, 397,2
1750,1, 392,8
1743,4, 379,0
1738,3, 360,0
1735,0, 328,0
1760,3, 338,4
1749,0, 321,2
1740,7, 311,5
1730,7, 298,0
1732,8, 297,4
1761,2, 247,4
1763,1, 244,3
1762,1, 212,4
1763,8, 214,8
1764,0, 212,4
1746,0, 180,7
1734,0, 173,2
1685,4, 184,6
1558,8, 521,6
1515,1, 643,2
1514,8, 658,1
1502,7, 700,7
1494,2, 787,9
1499,8, 794,9
1502,4, 804,9
1504,8, 833,7
1502,9, 830,8
1503,8, 839,7
1491,5, 837,1
1491,1, 840,1
1487,3, 840,2
1505,6, 836,2
1504,6, 829,1
1499,5, 827,0
1492,3, 819,8
1493,5, 816,1
1497,2, 806,9
1497,7, 807,4
1503,5, 802,6
1504,4, 803,5
1502,2, 806,2
1500,0, 810,2
1423,9, 842,2
910,6, 1032,9
973,9, 1018,0
653,1, 1128,4
175,0, 1294,4
-17,5, 1377,5
-11,4, 1379,3
15,3, 1387,6
108,8, 1394,4
107,9, 1393,6
95,6, 1390,3
85,8, 1387,8
122,7, 1388,5
161,1, 1392,7
189,9, 1403,6
165,6, 1389,1
192,2, 1401,0
203,6, 1373,9
234,9, 1284,0
342,0, 1150,6
364,9, 1118,8
365,4, 1119,1
362,6, 1116,5
271,3, 1397,1
302,8, 1327,9
284,1, 1373,3
270,9, 1397,2
272,3, 1399,3
266,4, 1396,5
276,8, 1399,4
321,4, 1416,3
320,6, 1415,9
311,6, 1397,5
401,9, 1415,5
398,3, 1414,2
403,1, 1412,9
395,8, 1411,4
360,2, 1396,7
354,4, 1395,0
292,6, 1408,9
140,5, 1431,2
79,2, 1437,5
80,2, 1442,5
133,7, 1450,3
159,9, 1456,9
127,8, 1432,0
143,3, 1441,9
103,0, 1416,7
109,7, 1420,3
115,9, 1413,4
141,2, 1426,4
153,9, 1430,3
169,4, 1439,9
197,9, 1443,2
186,9, 1434,0
201,5, 1440,8
203,4, 1445,1
217,2, 1446,1
210,8, 1432,3
227,7, 1433,1
223,9, 1415,9
205,4, 1404,2
208,8, 1405,4
205,0, 1404,0
205,3, 1403,1
208,5, 1405,9
206,0, 1401,5
177,2, 1384,8
177,6, 1384,8
179,8, 1393,1
202,9, 1394,4
180,7, 1378,4
164,3, 1365,3
172,4, 1369,3
183,4, 1335,2
217,4, 1345,4
202,7, 1334,3
220,2, 1338,1
205,7, 1306,7
226,7, 1318,3
234,4, 1274,2
248,3, 1257,8
254,7, 1251,8
267,7, 1257,5
255,8, 1244,5
276,8, 1257,9
402,8, 1098,3
407,5, 1082,7
260,6, 1233,1
274,1, 1228,5
283,5, 1237,1
277,3, 1234,6
278,1, 1228,2
284,2, 1236,2
276,1, 1234,0
269,5, 1225,3
284,2, 1221,1
304,6, 1227,9
285,5, 1224,1
283,9, 1219,3
277,9, 1215,7
283,2, 1224,5
280,6, 1227,3
289,0, 1225,1
298,5, 1223,7
573,6, 1282,3
709,8, 1314,1
730,7, 1320,5
734,9, 1333,6
676,0, 1330,9
720,4, 1336,8
714,8, 1330,9
716,8, 1330,2
752,1, 1322,3
796,5, 1311,4
808,7, 1313,3
815,7, 1314,6
794,6, 1316,9
828,3, 1316,4
1217,1, 1313,7
1237,2, 1317,2
1325,9, 1322,6
1437,7, 1329,1
1462,3, 1333,3
1428,1, 1327,8
1572,9, 1348,0
1579,8, 1348,4
1584,2, 1345,9
1599,4, 1352,5
1641,7, 1374,5
1751,3, 1373,2
1791,8, 1385,3
1788,0, 1389,9
1816,4, 1384,5
1826,9, 1378,7
1829,7, 1379,4
1841,5, 1369,0
1859,2, 1371,7
1869,5, 1368,1
1867,0, 1366,6
1860,0, 1365,7
1862,5, 1365,5
1868,7, 1371,9
1869,0, 1372,2
1870,9, 1371,6
1867,0, 1371,9
1866,0, 1374,8
1846,6, 1365,2
1848,7, 1365,0
1847,1, 1365,0
1850,5, 1366,3
1851,0, 1368,6
1851,6, 1368,3
1852,1, 1368,4
1848,6, 1352,9
1723,2, 1310,2
1575,4, 1285,5
1443,1, 1257,0
1100,4, 1185,4
861,8, 1143,6
988,9, 1166,6
884,3, 1145,3
483,7, 1072,3
408,7, 1055,5
408,4, 1059,0
375,9, 1039,1
409,5, 1042,5
410,4, 1043,6
455,6, 1063,5
470,0, 1062,7
515,0, 1080,7
488,7, 1070,6
478,9, 1065,6
485,5, 1067,1
515,4, 1077,3
513,1, 1075,3
511,9, 1078,9
511,2, 1077,7
511,3, 1078,6
501,9, 1066,1
498,8, 1064,2
493,7, 1058,9
481,8, 1047,7
487,0, 1045,7
500,6, 1036,8
517,8, 1027,5
529,2, 1026,6
530,5, 1012,2
530,0, 1007,0
542,2, 1004,4
539,9, 1002,8
528,4, 983,3
521,2, 972,7
533,8, 977,6
558,8, 984,9
547,9, 981,9
537,6, 978,5
527,3, 963,5
494,0, 960,6
484,9, 962,1
271,3, 957,5
229,5, 954,0
-152,9, 1045,7
-98,1, 937,3
-23,1, 767,5
-25,6, 767,8
-138,4, 1034,1
-133,7, 1046,5
-121,8, 1048,1
-133,3, 1031,5
-135,6, 1027,7
-131,6, 1037,7
-112,7, 1027,0
-112,2, 1034,2
-112,2, 1034,2
-129,5, 1009,8
-133,7, 1011,2
-137,3, 1009,0
-103,3, 1012,6
-100,9, 1013,6
-128,0, 984,0
-130,8, 957,7
-145,2, 919,4
-150,0, 912,6
-140,1, 923,1
-216,4, 872,0
-118,1, 880,5
-106,5, 891,3
-101,4, 896,1
-101,8, 894,9
-98,6, 845,5
-103,2, 858,1
-116,5, 811,1
-134,0, 782,0
-146,9, 774,0
-164,3, 758,9
-157,5, 758,9
-108,2, 768,9
-94,6, 755,5
62,3, 910,6
56,6, 876,3
57,2, 856,7
17,6, 680,1
31,8, 605,5
68,3, 486,1
71,4, 432,0
59,2, 410,6
40,4, 366,2
31,9, 291,0
31,5, 308,1
62,8, 357,1
137,6, 415,8
190,6, 428,7
79,8, 256,0
-223,4, -119,5
496,6, 255,7
1220,6, 274,5
1159,7, 281,4
1156,4, 275,4
1159,0, 272,6
1176,9, 282,6
1178,7, 285,1
1190,2, 297,0
1700,1, 293,6
1731,0, 297,3
1743,7, 294,8
1748,1, 288,4
1743,1, 286,3
1744,4, 280,8
1736,6, 264,1
1749,3, 237,4
1757,3, 225,7
1511,5, 209,1
1539,6, 267,0
1545,8, 265,7
1538,7, 274,9
1524,9, 276,2
1445,0, 271,7
1385,8, 290,0
1347,9, 304,2
-437,7, -95,6
-59,9, 111,7
5,3, 149,8
5,3, 149,8
220,2, -115,8
422,4, -67,2
512,8, 9,6
535,4, 19,7
537,1, 23,3
650,9, 167,0
571,7, 33,7
545,7, -10,4
624,5, 69,3
672,2, 121,1
275,1, 292,2
122,5, 133,8
177,2, 204,6
243,1, 244,9
323,5, 333,0
346,8, 347,3
332,6, 338,6
222,8, 315,5
162,8, 304,0
97,0, 304,2
96,8, 329,9
-55,4, 236,2
15,3, 317,2
152,5, 411,5
201,0, 463,8
165,9, 429,2
128,7, 385,5
159,4, 421,7
173,0, 440,9
173,2, 435,6
147,6, 396,8
131,3, 373,4
261,0, 445,5
256,0, 446,0
239,6, 444,4
232,9, 424,9
239,3, 429,9
240,8, 438,0
245,1, 432,6
240,8, 433,8
125,4, 422,3
121,1, 450,8
128,4, 427,8
115,9, 421,8
116,1, 408,0
143,3, 433,2
161,8, 454,0
169,3, 460,3
168,3, 453,2
174,4, 460,3
166,9, 444,3
157,8, 443,2
159,8, 446,1
-51,4, 215,6
537,8, 137,1
631,7, 121,3
784,2, 156,4
835,5, 195,3
840,2, 197,6
807,7, 174,0
870,9, 211,8
871,3, 204,0
865,9, 189,0
863,1, 178,8
861,0, 179,1
856,4, 170,0
841,4, 149,3
903,6, 224,5
905,0, 222,3
927,7, 240,2
944,4, 246,7
948,1, 249,2
1014,7, 275,9
1034,1, 285,5
1051,1, 292,1
1123,4, 321,6
1248,5, 360,4
1229,9, 353,2
1286,1, 359,5
1319,6, 360,8
1423,5, 355,7
1429,3, 330,0
1425,2, 331,9
1447,4, 317,1
1493,6, 317,1
1488,5, 275,2
2741,1, 3009,2
2530,4, 2630,6
2524,4, 2608,8
2486,2, 2572,2
2478,6, 2569,1
2514,7, 2555,3
2496,9, 2537,3
2505,2, 2554,1
2485,0, 2662,8
2483,3, 2677,2
2475,6, 2687,9
2453,8, 2702,6
2450,1, 2653,2
2407,8, 2462,2
2402,0, 2464,2
1073,5, 847,5
921,3, 683,3
790,2, 554,4
766,6, 534,9
705,8, 496,3
618,3, 447,7
510,8, 394,6
496,9, 387,7
299,1, 292,0
289,0, 288,2
286,3, 287,2
252,7, 275,4
238,9, 266,7
246,6, 264,1
246,7, 264,5
241,9, 281,6
238,4, 289,3
282,9, 384,8
313,1, 407,8
367,0, 454,9
422,0, 503,8
420,5, 484,8
290,8, 360,0
316,2, 381,6
220,3, 330,7
182,9, 299,9
142,1, 260,8
126,8, 265,6
128,4, 276,9
164,4, 288,8
34,4, 135,5
-6,8, 73,9
-28,4, 45,9
-27,5, 35,5
17,4, 86,9
37,3, 92,7
42,2, 90,3
19,6, 68,2
-1,6, 49,7
-6,1, 46,3
49,4, 292,2
-3,5, 282,5
53,6, 325,0
35,6, 260,8
-24,3, 101,6
-63,3, 45,0
-82,7, 5,2
-77,5, 8,2
-75,1, 9,5
73,7, 277,5
47,0, 284,1
72,2, 300,2
73,5, 303,9
68,5, 289,0
69,4, 293,0
60,8, 292,4
39,5, 282,5
50,7, 272,0
-1,3, 216,2
-21,7, 198,5
600,2, 340,9
626,8, 316,7
842,8, 332,2
1039,2, 343,6
1089,2, 346,0
1116,1, 345,8
1218,0, 352,7
1248,1, 328,0
1260,6, 314,4
1268,8, 282,8
1278,7, 266,1
1293,3, 255,2
1289,7, 254,4
1403,8, 226,9
1524,1, 196,9
1571,7, 188,5
1646,7, 179,5
1768,7, 163,8
1973,2, 156,4
2198,5, 151,5
2420,3, 142,9
2443,6, 133,4
2431,1, 129,9
2689,1, 140,7
2656,8, 105,8
2666,1, 104,3
2694,5, 111,4
2717,8, 118,6
2706,1, 114,7
2688,9, 107,6
2694,4, 103,4
2721,9, 109,5
2735,9, 110,8
2750,6, 107,4
2720,6, 133,8
2733,3, 122,3
2735,5, 122,8
2765,5, 95,1
2013,1, 165,3
1868,4, 178,5
1855,8, 176,6
1852,9, 172,3
1839,6, 176,4
1844,7, 170,8
1849,1, 163,3
1851,0, 158,6
1872,6, 155,4
1871,4, 155,0
1872,9, 154,5
1846,7, 143,9
1802,1, 128,1
1584,5, 64,5
1418,0, 59,1
627,2, 62,9
363,3, 129,0
248,5, 141,2
243,1, 134,0
379,3, 637,5
353,5, -58,9
339,8, -65,9
474,4, -34,0
547,5, -75,1
557,8, -57,1
581,3, -41,0
588,6, -33,3
598,9, -32,8
597,3, -41,4
599,5, -37,0
603,6, -31,7
606,2, -28,0
601,7, -28,6
595,7, -36,8
587,8, -50,1
585,1, -52,5
586,5, -41,1
592,0, -64,2
574,4, -46,0
361,3, -121,5
347,8, -126,1
-2,3, -51,0
-152,6, -35,1
-135,7, -18,2
-120,9, 82,6
-105,7, 67,4
-91,4, 38,9
-59,1, 59,2
-59,7, 57,9
-59,7, 57,9
-68,4, 42,8
-47,3, 60,4
-39,6, 65,6
176,0, 1059,2
182,5, 1031,7
172,2, 1030,6
168,8, 1035,0
159,7, 1038,1
185,4, 1019,6
184,6, 1043,9
190,6, 1045,5
191,2, 1043,7
194,0, 1042,0
195,9, 1040,8
192,4, 1041,4
186,6, 1041,1
197,0, 1051,9
192,6, 1051,8
188,5, 1047,1
169,9, 1028,7
160,6, 1019,1
171,3, 1018,9
166,7, 1019,8
169,5, 1028,2
170,1, 1027,3
175,2, 1031,3
169,3, 1029,5
164,6, 1035,6
150,9, 1057,4
137,0, 1213,7
136,3, 1259,8
140,3, 1358,2
159,4, 1381,9
171,4, 1393,1
184,1, 1389,0
206,3, 1398,0
238,0, 1411,6
252,5, 1416,1
268,8, 1421,3
283,3, 1417,6
292,3, 1422,4
311,4, 1421,5
303,0, 1418,3
343,3, 1420,8
352,7, 1421,0
353,2, 1420,4
340,8, 1414,6
339,1, 1413,9
325,2, 1415,1
305,4, 1419,4
285,4, 1417,3
252,7, 1411,2
248,4, 1409,5
242,4, 1408,0
242,7, 1406,5
246,6, 1413,0
244,3, 1420,6
252,8, 1412,1
252,8, 1412,4
254,3, 1406,7
254,2, 1401,8
254,0, 1403,2
246,7, 1395,9
234,4, 1392,3
227,0, 1389,5
280,9, 1397,2
232,5, 1296,5
224,8, 1221,5
209,6, 1229,0
203,2, 1196,2
211,0, 1138,1
283,5, 1116,0
319,7, 1132,1
362,6, 1131,7
356,9, 1131,3
397,0, 1114,3
322,4, 1073,4
341,9, 1040,6
341,4, 1038,0
351,3, 1009,1
347,6, 994,5
355,4, 968,8
358,0, 963,2
366,9, 961,5
367,5, 959,3
365,9, 958,2
305,3, 853,3
293,3, 875,7
322,6, 854,4
350,7, 820,1
359,0, 790,9
370,9, 760,5
371,5, 756,7
394,9, 730,5
391,1, 725,3
95,8, 672,0
87,2, 658,5
87,2, 658,5
115,7, 655,3
123,4, 645,7
120,2, 643,5
285,7, 980,4
287,3, 983,5
288,6, 984,9
325,6, 1009,9
359,3, 1038,6
449,2, 1083,3
467,8, 1082,6
515,1, 1094,8
506,2, 1094,9
503,8, 1093,5
457,9, 1090,1
443,2, 1086,3
426,4, 1080,6
424,0, 1080,1
408,2, 1078,5
383,3, 1080,8
386,4, 1088,3
387,5, 1089,0
396,3, 1096,1
392,5, 1094,7
424,0, 1104,9
426,9, 1103,4
427,2, 1123,7
428,6, 1131,8
419,6, 1140,8
421,6, 1141,9
423,0, 1144,6
424,2, 1145,7
395,7, 1129,9
363,6, 1124,0
335,0, 1116,1
273,6, 1089,3
263,6, 1084,6
252,5, 1076,9
234,7, 1062,9
219,0, 1054,4
207,0, 1053,9
212,6, 1051,8
178,5, 1048,7
174,2, 1048,8
169,5, 1048,9
165,7, 1049,1
159,7, 1021,0
158,8, 1014,7
170,8, 1250,6
183,3, 1334,8
196,3, 1454,1
192,0, 1454,0
194,5, 1454,5
200,1, 1454,9
243,3, 1456,4
239,5, 1453,4
230,7, 1440,0
223,5, 1432,1
212,9, 1438,6
208,6, 1438,2
203,6, 1434,1
197,8, 1425,9
189,3, 1419,7
153,1, 1391,4
155,3, 1384,7
154,3, 1374,5
152,1, 1371,2
133,0, 1364,9
130,7, 1366,5
127,4, 1368,4
126,4, 1371,2
128,4, 1372,2
124,7, 1374,7
128,8, 1374,0
117,7, 1374,4
86,3, 1355,7
83,1, 1353,8
90,2, 1356,9
98,1, 1365,4
94,0, 1366,3
68,0, 1349,2
34,2, 1298,9
131,3, 1300,3
320,4, 1274,3
412,0, 1262,8
668,3, 1272,6
704,3, 1272,4
714,3, 1270,2
770,3, 1256,5
759,5, 1253,0
782,1, 1224,6
772,8, 1220,1
740,2, 1159,4
149,6, 304,3
109,5, 291,0
66,0, 267,3
68,6, 280,6
104,0, 265,3
102,8, 277,7
145,7, 261,6
257,3, 326,6
263,7, 374,6
342,9, 469,6
343,6, 501,1
368,6, 516,9
387,3, 539,5
384,1, 550,4
392,3, 522,9
338,7, 536,3
377,7, 542,2
334,5, 529,7
350,3, 552,7
378,8, 596,5
380,1, 600,3
380,6, 602,0
358,0, 441,1
363,3, 436,6
356,6, 427,1
361,2, 425,3
161,6, 188,8
157,0, 180,2
105,0, 198,7
145,7, 220,0
117,0, 206,8
104,0, 176,6
102,0, 166,6
115,8, 181,1
124,5, 178,3
72,5, 137,4
96,6, 165,5
296,5, 692,6
404,2, 848,7
448,8, 906,0
478,6, 1074,7
501,1, 1125,8
526,6, 1143,7
459,7, 1146,2
448,0, 1153,2
433,7, 1176,1
448,7, 1185,4
429,4, 1185,3
382,9, 1186,0
381,8, 1186,3
415,4, 1187,1
369,2, 1180,8
370,6, 1179,7
394,4, 1183,5
324,6, 1172,2
335,5, 1174,1
326,8, 1180,2
344,3, 1188,7
347,2, 1192,0
325,9, 1179,1
324,6, 1172,0
314,7, 1162,2
281,1, 1154,9
255,0, 1132,3
256,8, 1129,8
255,2, 1137,5
262,8, 1136,1
241,3, 1144,9
249,5, 1151,7
231,5, 1146,8
241,8, 1147,1
226,8, 1131,9
184,7, 1107,9
185,5, 1105,4
177,1, 1102,0
195,7, 1107,6
197,9, 1112,1
182,1, 1119,1
205,6, 1120,5
192,4, 1116,7
197,2, 1139,6
191,7, 1139,1
25,3, 1222,1
-16,5, 1242,1
-14,1, 1239,4
-18,7, 1255,3
7,9, 1264,9
24,6, 1264,6
36,4, 1265,7
33,3, 1268,5
45,5, 1267,6
44,6, 1268,7
114,0, 1276,0
101,3, 1289,3
129,1, 1284,8
106,6, 1288,4
111,0, 1290,5
179,9, 1298,4
179,1, 1290,7
177,9, 1295,1
179,0, 1296,1
184,3, 1293,2
158,5, 1292,8
151,8, 1290,5
132,6, 1287,9
148,3, 1286,1
129,0, 1280,8
167,0, 1279,8
144,1, 1280,8
188,9, 1282,1
189,2, 1330,8
82,5, 1503,3
120,5, 1512,5
113,0, 1524,1
89,4, 1539,4
105,4, 1543,6
88,2, 1555,1
76,7, 1556,5
55,1, 1564,1
71,5, 1565,7
59,0, 1567,3
78,4, 1566,6
65,7, 1564,8
108,9, 1549,8
81,6, 1553,3
115,2, 1547,7
129,3, 1549,0
103,6, 1547,1
111,1, 1546,7
124,3, 1548,6
100,9, 1554,1
121,1, 1556,5
138,4, 1559,5
63,4, 1565,9
74,2, 1564,9
61,7, 1555,5
54,5, 1554,5
107,8, 1502,3
74,5, 1474,3
73,2, 1479,5
103,1, 1467,6
118,0, 1459,0
98,6, 1458,5
114,4, 1456,9
127,3, 1454,5
79,8, 1454,6
92,7, 1455,0
67,7, 1456,6
86,7, 1455,8
74,8, 1458,7
123,0, 1462,3
92,4, 1452,1
128,1, 1438,0
101,4, 1436,9
163,8, 1420,7
147,7, 1425,0
146,0, 1431,2
131,7, 1436,1
146,2, 1440,5
107,3, 1445,2
65,3, 1445,4
97,7, 1446,3
63,1, 1455,6
58,0, 1452,1
84,6, 1445,5
44,6, 1438,9
85,9, 1440,7
66,6, 1441,8
89,5, 1448,5
77,5, 1449,0
89,4, 1446,4
51,7, 1442,2
-7,0, 1426,9
18,0, 1431,0
6,0, 1430,9
-5,6, 1428,4
-47,6, 1436,5
-68,7, 1435,6
-28,0, 1429,2
-79,1, 1419,0
-54,3, 1418,7
-45,9, 1418,8
-17,8, 1415,4
77,5, 1481,2
116,8, 1511,8
122,1, 1513,5
165,6, 1527,0
181,1, 1535,1
200,6, 1540,6
275,0, 1537,1
260,1, 1546,7
346,4, 1565,2
307,3, 1566,0
298,6, 1558,1
322,5, 1552,8
268,3, 1549,6
261,9, 1544,5
275,9, 1542,8
232,3, 1547,1
253,3, 1547,8
241,2, 1549,2
248,9, 1556,0
273,1, 1556,1
267,9, 1557,9
270,7, 1549,9
272,7, 1548,4
216,1, 1548,7
229,8, 1544,4
174,2, 1538,8
97,4, 1534,1
32,4, 1516,0
-25,2, 1510,3
-83,1, 1489,8
-102,8, 1491,0
11,4, 1469,8
12,3, 1471,8
249,9, 1443,1
648,2, 1404,4
1217,6, 1352,3
834,7, 1378,3
1082,5, 1353,4
1407,5, 1324,8
1544,7, 1315,1
1647,2, 1304,5
1644,1, 1307,2
1655,8, 1308,4
1665,7, 1293,3
1663,9, 1292,0
1669,8, 1288,8
1674,8, 1285,3
1675,8, 1284,5
1681,0, 1283,2
1682,6, 1281,5
1682,6, 1276,2
1684,8, 1268,5
1682,8, 1264,2
1683,6, 1261,4
1684,8, 1261,2
1685,9, 1259,6
1685,6, 1259,5
1685,6, 1259,3
1669,8, 1250,6
1780,7, 1151,2
1788,6, 1136,5
1849,5, 1054,9
1867,9, 1033,7
1900,8, 990,9
1910,4, 982,6
1912,1, 972,3
1957,1, 947,2
1938,3, 935,4
1948,3, 939,2
1943,7, 937,5
1964,7, 929,9
1983,3, 930,1
1971,4, 927,4
1982,3, 926,2
1995,2, 908,6
1989,3, 921,2
1954,8, 971,2
1943,4, 991,4
1893,8, 1089,2
1859,8, 1183,2
1855,3, 1248,8
1847,6, 1235,8
1832,5, 1260,5
1822,3, 1289,2
1810,1, 1301,5
1807,0, 1308,7
1802,3, 1306,7
1782,3, 1307,8
1778,0, 1307,3
1787,2, 1303,7
1782,2, 1306,2
1760,2, 1309,0
1661,4, 1371,6
1667,4, 1374,3
1678,0, 1381,1
1683,1, 1393,0
1689,6, 1389,2
1678,2, 1400,8
1661,2, 1408,6
1609,7, 1398,0
1579,0, 1396,6
1584,5, 1390,9
1533,7, 1382,3
1499,5, 1371,0
1504,6, 1346,4
688,5, 891,9
483,8, 800,7
579,1, 532,2
466,0, 625,4
-226,1, 1129,7
-222,8, 1105,8
-231,5, 1098,3
-227,7, 1060,3
-226,0, 1022,9
-215,8, 992,5
-218,2, 939,4
-221,5, 919,8
-221,5, 919,8
-193,7, 744,6
-129,7, 739,3
-150,1, 744,8
-157,8, 746,7
-164,1, 752,9
-202,2, 802,4
-189,5, 869,2
-210,6, 890,8
-182,9, 907,3
-188,2, 929,0
-163,4, 955,4
-196,9, 936,1
-223,0, 916,9
-254,7, 897,3
-249,0, 902,6
-241,1, 914,4
-243,1, 910,8
-181,5, 948,3
-153,1, 963,1
-129,3, 970,0
-101,9, 966,2
-122,3, 971,3
-14,0, 985,1
28,9, 1005,3
55,8, 1018,0
74,3, 1018,6
110,2, 1017,7
127,3, 1028,7
127,3, 1029,3
131,5, 1035,1
136,7, 1026,7
142,3, 1010,3
141,1, 938,0
129,5, 926,5
101,8, 860,0
107,4, 841,6
151,4, 768,9
156,0, 759,0
251,6, 733,7
252,0, 698,1
301,1, 662,7
317,5, 621,5
322,3, 616,2
321,8, 609,7
274,8, 520,0
266,9, 496,4
99,6, 240,2
59,9, 213,6
81,8, 221,4
68,3, 200,3
69,9, 216,1
168,3, 230,4
335,5, 198,2
526,5, 264,3
544,5, 309,3
560,6, 341,5
568,0, 350,5
606,3, 360,5
623,8, 382,0
627,1, 389,6
640,8, 431,4
664,5, 463,7
650,8, 450,6
635,5, 481,1
579,5, 405,8
634,6, 477,4
599,2, 438,4
619,2, 460,7
624,5, 464,8
739,5, 752,4
770,9, 778,0
774,9, 791,6
766,4, 778,6
727,3, 744,7
717,8, 733,9
708,9, 725,5
704,5, 719,3
693,2, 698,8
673,6, 690,7
666,4, 686,7
673,3, 690,2
653,4, 677,3
651,7, 674,4
644,5, 667,1
629,8, 659,6
624,8, 651,6
619,4, 635,6
625,5, 636,0
623,4, 629,4
639,1, 647,1
624,7, 646,2
627,5, 648,3
625,0, 642,5
607,6, 629,4
603,8, 625,0
601,2, 621,3
605,2, 622,1
616,6, 625,3
615,3, 624,7
614,1, 637,6
613,2, 636,2
495,6, 636,4
477,3, 638,7
248,4, 814,9
142,3, 855,8
116,6, 1031,7
104,6, 1156,9
73,8, 1365,3
116,5, 1359,8
139,3, 1410,4
183,3, 1412,0
193,8, 1409,8
194,2, 1415,9
228,3, 1397,1
230,5, 1402,6
230,8, 1402,9
241,1, 1404,1
263,3, 1406,2
265,9, 1408,8
273,3, 1408,0
270,1, 1409,3
238,0, 1415,8
244,8, 1389,7
254,5, 1179,5
281,1, 1046,9
274,2, 1047,2
294,7, 1037,4
289,7, 1041,4
264,3, 1040,0
363,8, 1056,3
377,2, 1055,4
380,9, 1058,1
370,9, 1054,8
370,4, 1046,6
316,9, 1028,3
307,0, 1019,1
396,0, 1019,8
422,8, 1032,4
406,5, 1085,2
335,1, 1149,8
262,2, 1091,8
301,6, 1106,3
265,0, 1057,7
271,9, 1049,7
247,9, 1027,1
222,6, 1022,4
212,6, 1016,4
190,7, 1003,1
219,0, 1007,3
176,0, 970,8
208,3, 971,5
192,3, 959,7
225,9, 961,2
173,7, 949,8
129,7, 945,1
174,6, 944,1
102,5, 921,5
124,1, 929,1
120,9, 931,1
96,3, 919,9
87,9, 923,2
136,3, 930,8
119,7, 930,9
92,6, 928,7
137,2, 945,2
118,6, 944,7
163,3, 959,5
165,0, 962,1
246,1, 919,3
250,5, 929,9
429,7, 857,0
512,0, 838,5
799,0, 747,9
904,9, 713,7
952,4, 692,3
961,8, 659,5
1011,6, 604,5
1070,8, 562,8
1091,4, 522,2
1091,5, 510,8
1091,3, 508,0
1100,3, 505,4
1120,0, 493,3
1131,3, 483,4
1161,9, 460,6
1260,9, 394,7
1472,5, 267,2
1475,0, 259,4
1499,7, 256,3
1987,5, 134,6
2105,8, 140,3
2178,1, 131,7
2162,9, 114,8
2191,1, 116,4
2211,0, 131,1
2240,9, 133,5
2252,4, 136,9
2286,4, 114,6
2271,4, 133,6
2270,3, 133,4
2303,3, 83,0
2305,6, 85,2
2314,7, 73,1
2319,3, 64,7
2315,0, 71,6
2322,2, 60,4
2316,4, 68,1
2324,1, 57,3
2322,0, 60,5
2310,5, 65,3
2313,0, 58,1
2317,2, 52,1
2327,4, 29,3
2335,7, 14,6
2334,9, 12,7
2351,0, -3,8
2354,1, 8,2
2354,7, 8,2
2371,9, -5,6
2435,4, -64,5
2405,3, -62,8
2386,5, -42,3
2346,4, -7,9
2170,7, 75,6
2151,8, 91,4
2063,8, 143,8
2014,9, 197,5
2011,6, 206,8
1983,0, 241,5
2003,0, 224,9
2007,4, 246,1
1983,9, 237,8
1984,6, 240,6
1980,7, 239,7
1980,3, 249,4
1967,2, 236,9
1853,9, 209,1
1571,4, 196,8
1499,3, 194,9
1519,0, 194,6
1302,8, 183,4
1300,8, 179,2
1322,5, 149,7
1317,7, 152,3
1319,4, 139,1
1329,0, 165,9
1320,2, 177,5
1152,0, 158,5
130,9, 74,5
148,1, 100,3
137,7, 92,3
151,9, 94,3
144,6, 83,8
259,8, 25,4
502,2, 118,3
961,6, 126,4
929,2, -6,3
918,9, -72,8
931,2, -36,8
945,1, 23,6
944,5, 53,1
964,5, 86,2
1015,2, 174,4
1025,8, 191,0
1033,5, 200,0
1089,7, 278,7
1107,4, 295,6
1134,8, 302,2
1133,5, 301,9
1185,8, 302,7
1203,5, 310,8
1223,6, 315,4
1233,8, 320,7
1254,7, 328,8
1281,4, 338,1
1282,1, 338,1
1303,4, 346,3
1307,0, 347,4
1352,2, 356,3
1355,2, 356,9
1356,0, 359,8
1347,0, 366,5
1233,3, 412,0
1220,5, 418,1
1154,4, 444,5
1150,4, 447,2
1142,7, 451,1
1142,7, 449,8
1145,2, 441,4
1146,8, 441,4
1148,3, 439,6
1150,2, 447,5
1151,1, 446,0
1156,3, 450,6
1155,7, 448,0
1131,2, 454,8
1124,4, 461,0
1007,4, 511,1
428,2, 743,9
417,2, 747,0
397,0, 755,2
372,9, 763,6
372,2, 775,9
399,6, 794,8
408,9, 801,9
422,3, 810,7
451,7, 827,8
471,2, 840,1
463,7, 836,5
492,2, 847,4
511,7, 853,5
515,3, 850,6
496,6, 845,3
489,6, 844,6
497,0, 850,4
508,0, 852,9
499,0, 850,2
494,9, 849,6
524,3, 853,7
540,4, 845,8
482,5, 849,0
496,7, 854,8
528,5, 860,7
511,2, 860,4
521,9, 859,3
495,9, 851,5
509,3, 864,1
502,7, 875,2
431,3, 897,2
359,5, 901,9
237,4, 962,6
289,0, 952,6
244,3, 944,4
191,0, 957,5
173,9, 966,7
169,0, 985,5
169,4, 1014,4
181,4, 1029,1
223,4, 1037,3
216,4, 1037,3
236,7, 1045,9
272,7, 1075,6
292,4, 1078,2
295,3, 1085,5
310,4, 1097,1
329,2, 1109,6
336,1, 1110,5
353,2, 1106,7
355,2, 1102,5
353,0, 1102,1
338,3, 1094,1
300,9, 1078,0
255,8, 1055,9
163,5, 1004,7
165,3, 1004,6
155,6, 996,0
146,9, 968,0
145,7, 964,0
147,1, 966,8
151,2, 953,0
150,6, 957,9
164,9, 982,1
161,7, 1006,4
168,0, 993,2
168,2, 978,1
179,6, 980,6
178,1, 972,4
164,2, 939,7
174,2, 925,9
180,4, 933,9
177,6, 926,2
176,7, 914,9
193,1, 889,9
184,6, 879,0
96,4, 748,8
110,3, 775,1
124,6, 762,0
137,3, 754,1
173,7, 764,8
176,1, 780,3
197,1, 774,8
253,1, 799,7
262,1, 798,4
287,7, 799,7
310,2, 782,2
338,4, 841,1
370,6, 848,6
354,8, 899,5
361,1, 888,0
362,6, 882,5
868,2, 1093,0
728,0, 1095,8
729,1, 1099,5
727,0, 1096,3
735,8, 1090,4
733,4, 1088,0
732,8, 1088,0
737,4, 1086,3
735,0, 1085,8
781,4, 1081,7
674,6, 1067,0
666,3, 1065,7
659,5, 1061,0
644,7, 1030,4
645,5, 1026,5
638,4, 1027,8
636,0, 1012,6
619,7, 1016,7
565,8, 1020,6
556,0, 1018,6
546,8, 1012,2
533,8, 1009,1
524,3, 1003,1
507,6, 992,9
483,2, 978,9
491,3, 983,6
534,5, 1009,9
569,9, 1030,6
722,0, 1109,9
773,8, 1137,5
739,4, 1119,3
801,8, 1152,2
807,5, 1158,7
800,6, 1159,0
796,9, 1156,7
793,5, 1153,9
796,7, 1156,6
780,8, 1147,2
769,3, 1139,6
767,2, 1131,7
765,1, 1128,4
763,7, 1129,1
748,9, 1133,4
743,2, 1130,4
732,3, 1125,2
720,1, 1117,7
719,3, 1114,3
703,9, 1094,5
490,5, 1188,5
150,0, 1395,8
66,6, 1418,1
56,4, 1432,6
-0,6, 1447,3
75,2, 1436,0
-8,2, 1462,1
19,5, 1477,6
17,7, 1479,9
34,9, 1484,2
58,5, 1485,1
89,6, 1489,6
108,2, 1471,0
123,2, 1491,0
126,7, 1489,8
127,7, 1471,3
123,8, 1481,8
115,4, 1471,1
104,0, 1484,3
115,7, 1490,5
150,7, 1474,9
160,1, 1472,4
159,6, 1471,7
157,6, 1479,7
149,4, 1487,2
146,2, 1491,8
143,4, 1511,6
141,3, 1518,8
148,0, 1496,6
147,8, 1446,3
54,7, 1348,1
40,7, 1322,0
31,9, 1294,4
32,7, 1239,1
22,6, 1199,4
33,5, 1186,8
38,3, 1195,7
37,8, 1204,3
49,2, 1213,7
61,3, 1222,1
110,6, 1259,6
109,7, 1249,5
155,7, 1275,6
166,3, 1294,4
203,5, 1282,2
217,6, 1280,8
204,9, 1298,5
215,3, 1300,1
225,3, 1299,1
216,0, 1306,0
209,5, 1358,9
197,2, 1406,2
210,1, 1395,2
212,0, 1412,6
206,6, 1417,7
226,4, 1416,5
235,3, 1414,4
230,9, 1415,8
230,4, 1411,4
223,2, 1414,8
227,5, 1414,0
251,7, 1417,7
235,7, 1422,1
243,7, 1420,1
252,9, 1417,8
239,4, 1418,5
240,0, 1416,5
239,5, 1414,1
242,0, 1408,3
225,2, 1405,3
224,8, 1404,3
219,5, 1409,0
226,1, 1405,4
190,3, 1422,4
197,1, 1412,5
198,4, 1410,5
174,0, 1417,8
180,6, 1413,6
179,7, 1413,7
197,5, 1405,2
186,7, 1405,4
190,1, 1397,3
199,6, 1390,1
181,8, 1386,9
193,9, 1367,3
196,2, 1363,5
202,3, 1361,6
199,8, 1334,1
212,8, 1334,9
203,5, 1295,3
225,6, 1270,0
209,8, 1266,1
168,5, 1232,0
201,2, 1238,1
214,7, 1220,3
222,2, 1193,0
219,2, 1196,8
220,2, 1188,8
215,8, 1141,0
205,3, 1160,0
157,5, 1194,7
178,7, 1194,0
162,9, 1201,1
142,4, 1200,2
137,0, 1192,3
137,1, 1192,2
116,1, 1190,5
122,5, 1189,0
129,8, 1188,4
97,8, 1200,6
104,5, 1199,3
81,1, 1178,9
104,8, 1182,4
106,2, 1151,8
263,9, 1014,6
279,3, 1018,8
398,0, 1002,8
448,0, 942,2
536,3, 973,2
484,8, 911,8
425,4, 864,6
400,3, 831,3
371,8, 765,1
369,0, 761,7
365,9, 758,6
374,5, 758,8
1164,7, 454,7
1124,0, 458,8
1120,0, 449,2
1121,9, 444,6
1126,2, 445,3
1138,3, 449,5
1133,6, 449,4
1115,6, 459,6
1114,0, 461,0
1122,5, 431,7
1127,0, 424,8
1127,6, 430,4
1129,9, 421,8
1135,2, 413,5
1137,8, 407,1
1134,1, 388,9
1133,4, 387,2
1136,0, 381,8
1136,9, 376,0
1136,1, 376,3
1134,7, 373,0
1135,8, 369,6
1113,1, 357,3
1115,9, 350,6
1073,0, 360,5
1035,5, 353,2
762,7, 322,0
704,4, 315,2
575,1, 268,8
576,8, 270,1
444,7, 254,8
486,4, 254,7
474,6, 253,7
505,9, 246,1
529,2, 250,5
453,7, 232,4
459,5, 234,2
484,0, 264,7
497,5, 284,6
516,2, 311,6
513,5, 339,9
460,8, 312,5
352,6, 263,0
192,4, 181,3
194,1, 184,1
172,8, 209,6
225,9, 265,1
197,8, 199,7
175,6, 201,6
154,0, 184,5
202,5, 218,5
223,7, 224,8
218,9, 212,3
181,7, 202,8
200,2, 200,1
197,4, 203,1
170,1, 222,0
190,3, 223,5
251,7, 289,8
361,9, 373,9
376,9, 393,5
391,7, 401,9
363,1, 411,3
400,6, 442,9
389,7, 438,2
345,4, 401,7
388,1, 376,8
411,8, 376,3
332,3, 299,7
164,1, 235,2
131,8, 237,5
111,8, 206,5
-42,6, 175,3
-54,9, 185,2
-58,5, 193,8
-43,6, 210,8
-36,4, 216,7
205,4, 40,1
206,4, 82,5
238,0, 57,0
206,5, 108,9
52,3, 218,4
61,0, 219,9
53,0, 220,9
-36,7, 138,0
-50,0, 120,6
-56,8, 112,8
-104,9, 23,1
-126,7, -18,1
-113,8, -6,1
-65,7, 87,7
-79,2, 78,1
-58,9, 85,2
-60,5, 91,5
-99,8, 72,0
-90,1, 70,8
-131,4, -39,4
-143,9, -69,5
-183,4, -89,6
-148,0, 5,0
-203,6, 102,8
-60,8, 118,8
-69,8, 119,5
-57,8, 112,9
-76,2, 121,6
1,9, 134,8
109,7, 364,4
192,8, 569,9
177,2, 597,3
150,2, 565,5
150,2, 564,1
152,7, 556,3
151,9, 559,7
197,6, 594,5
215,7, 601,7
294,0, 687,7
311,2, 693,6
297,7, 672,2
303,4, 680,4
310,7, 686,8
297,7, 684,3
328,0, 726,2
352,5, 775,7
419,2, 879,0
438,4, 916,5
456,0, 941,9
535,8, 966,7
518,5, 971,3
532,6, 965,4
487,8, 927,7
433,0, 955,0
446,6, 952,2
398,0, 936,4
406,3, 934,6
389,3, 928,7
362,1, 899,9
342,4, 891,1
334,3, 881,6
313,3, 877,7
310,3, 865,4
299,7, 874,0
301,5, 889,0
307,4, 884,0
308,7, 886,7
311,9, 876,1
307,6, 873,1
296,2, 873,5
304,7, 870,0
299,7, 860,0
305,6, 844,8
303,4, 842,9
292,0, 835,4
290,0, 846,5
292,1, 839,1
295,7, 846,3
297,0, 834,6
287,3, 835,5
282,7, 833,9
281,0, 830,7
278,1, 838,1
274,5, 849,2
285,0, 845,5
288,1, 835,9
290,7, 839,3
288,6, 847,2
290,2, 836,8
289,5, 839,5
297,6, 833,9
296,0, 830,8
399,9, 601,8
370,7, 682,7
387,2, 647,2
368,3, 690,9
397,6, 625,7
331,9, 726,1
341,9, 669,6
179,7, 792,5
17,4, 822,0
55,4, 822,9
159,1, 685,3
130,0, 654,5
143,7, 666,7
31,0, 566,8
32,7, 569,9
21,8, 559,6
40,2, 629,3
30,6, 609,9
26,6, 613,5
17,7, 597,0
10,6, 576,0
14,5, 547,0
24,8, 538,9
16,9, 518,3
-89,2, 475,8
-132,0, 466,9
12,2, 505,4
-21,9, 508,9
26,6, 559,4
28,4, 592,1
20,7, 576,9
29,8, 577,9
44,0, 589,2
32,5, 601,3
42,1, 608,4
15,6, 616,8
26,1, 620,9
42,1, 611,0
42,5, 610,6
-28,3, 510,9
141,9, 432,6
170,6, 444,6
621,5, 475,1
845,1, 454,9
872,9, 453,9
875,1, 452,4
831,9, 443,3
830,0, 441,7
866,9, 422,0
873,0, 425,2
892,2, 418,7
926,8, 411,9
933,1, 411,8
946,1, 412,3
1015,0, 414,5
1034,9, 412,6
1035,8, 415,8
1041,9, 413,1
1051,2, 408,5
1051,9, 407,6
1051,9, 398,5
1056,0, 391,3
1052,5, 396,9
1050,5, 394,8
1049,2, 396,7
1050,9, 394,2
1050,1, 391,6
1048,3, 385,7
1046,9, 376,4
1033,5, 373,2
1031,2, 373,9
1035,0, 360,9
1031,7, 359,9
1029,4, 361,8
1016,1, 365,6
1010,9, 365,9
958,9, 385,5
911,1, 399,3
837,5, 448,7
790,3, 480,3
706,8, 527,1
695,5, 527,8
622,2, 581,1
577,3, 575,7
598,7, 587,0
528,8, 570,3
489,2, 552,2
482,1, 543,3
522,4, 562,4
507,9, 558,2
518,2, 560,4
551,7, 584,6
549,7, 586,6
573,5, 589,7
596,6, 593,7
603,8, 605,2
634,9, 631,3
626,7, 623,3
646,4, 633,4
643,9, 639,1
258,5, 935,9
253,8, 915,4
262,2, 910,0
258,4, 856,0
255,0, 851,2
228,5, 827,8
213,8, 811,0
198,0, 804,6
179,7, 782,0
78,4, 741,9
27,8, 726,3
99,4, 707,7
106,2, 710,3
158,4, 716,3
252,0, 563,6
285,1, 524,7
228,2, 580,8
214,7, 620,9
224,9, 629,7
240,9, 624,7
242,5, 625,5
240,6, 627,0
279,5, 593,7
289,6, 575,9
355,9, 706,1
331,8, 749,7
338,8, 859,6
352,9, 856,1
367,1, 841,3
382,4, 833,9
396,0, 855,8
420,8, 840,3
404,0, 859,0
396,2, 848,1
332,3, 842,8
336,1, 844,9
308,2, 837,7
341,7, 839,5
324,1, 833,8
364,5, 822,5
343,5, 825,1
343,8, 823,7
354,0, 822,2
318,4, 826,1
325,2, 824,6
332,3, 822,8
360,5, 817,1
323,8, 820,7
377,0, 814,3
353,7, 817,8
332,7, 818,6
348,3, 809,3
318,5, 800,5
330,1, 793,1
349,2, 782,7
299,2, 774,6
327,1, 773,3
296,3, 785,8
340,5, 775,9
375,7, 764,7
384,1, 762,8
393,3, 758,2
399,3, 755,3
416,8, 727,9
417,7, 722,3
417,4, 725,6
690,7, 588,4
713,6, 574,8
721,2, 571,2
721,3, 568,7
729,6, 562,4
656,0, 541,6
555,3, 516,0
244,9, 394,5
265,2, 480,5
242,6, 462,2
247,4, 466,4
234,0, 435,7
334,0, 372,9
333,2, 361,9
339,2, 355,6
339,1, 349,6
337,8, 347,2
337,8, 347,2
754,4, 518,6
760,5, 523,0
759,3, 524,9
771,4, 510,5
758,3, 497,9
747,6, 483,9
748,6, 484,1
755,2, 481,2
646,1, 396,9
643,3, 396,1
649,3, 399,4
668,9, 400,7
668,8, 399,0
686,7, 424,7
689,1, 428,9
723,3, 494,2
727,1, 472,7
721,9, 506,3
723,4, 510,7
731,9, 499,0
789,4, 543,4
778,1, 553,3
782,7, 560,6
773,6, 559,7
736,5, 562,6
739,5, 545,9
723,6, 523,2
721,8, 523,3
709,6, 509,1
690,6, 512,5
670,1, 630,2
656,5, 604,5
628,9, 605,8
625,8, 624,0
608,6, 666,7
502,0, 751,5
487,7, 752,8
373,2, 791,6
375,6, 792,0
369,1, 781,4
359,2, 769,1
359,3, 782,0
348,6, 789,7
344,5, 778,4
339,7, 784,3
348,8, 786,3
365,3, 793,6
366,3, 795,3
388,6, 821,4
444,3, 873,9
609,8, 1008,9
659,3, 1047,9
664,7, 1051,8
678,4, 1054,9
681,2, 1055,5
736,5, 1050,2
713,0, 1052,9
723,7, 1051,7
700,5, 1043,2
676,0, 1042,0
632,4, 1025,8
632,8, 1000,4
638,3, 1001,4
638,6, 1001,0
547,0, 1106,2
492,7, 1134,2
408,7, 1151,6
316,5, 1177,4
225,1, 1194,1
130,2, 1202,9
36,5, 1210,6
-25,8, 1230,6
15,7, 1237,6
28,2, 1247,3
125,3, 1266,7
101,2, 1258,9
181,3, 1280,8
165,7, 1261,2
151,2, 1251,4
119,4, 1224,7
116,7, 1216,9
120,5, 1214,7
179,2, 1182,9
143,3, 1133,1
138,5, 1118,9
121,1, 1086,8
121,3, 1076,3
119,3, 1047,2
132,5, 1028,1
163,3, 1025,9
163,3, 1026,4
202,9, 1010,1
210,9, 1016,3
263,0, 1003,4
294,0, 1000,4
288,5, 1001,2
292,7, 994,4
306,7, 984,8
352,7, 974,2
356,5, 976,7
354,8, 983,1
346,9, 995,2
349,6, 993,5
330,2, 988,0
326,0, 973,8
276,1, 1006,1
228,3, 1040,4
230,9, 1042,4
222,2, 1038,1
170,1, 1007,5
167,5, 1006,4
166,4, 1009,3
164,6, 1010,2
170,1, 1019,9
172,1, 1039,5
173,0, 1040,2
248,4, 1061,9
265,4, 1068,3
312,6, 1105,6
307,8, 1111,2
313,0, 1117,4
324,8, 1130,9
319,8, 1118,3
318,0, 1120,2
319,3, 1117,7
299,4, 1114,7
296,6, 1113,6
297,3, 1113,0
237,2, 1098,1
250,1, 1096,1
283,7, 1093,2
432,7, 1096,9
635,0, 1056,4
669,5, 1054,2
679,5, 1056,5
687,2, 1057,3
690,1, 1057,7
693,5, 1057,4
703,2, 1063,3
702,6, 1061,8
638,6, 1010,6
646,2, 996,3
675,5, 948,5
731,4, 872,3
739,9, 852,2
736,2, 844,6
794,5, 742,4
795,8, 740,7
819,1, 708,4
807,9, 724,3
815,3, 718,6
830,3, 702,6
827,0, 689,2
806,3, 696,8
793,1, 674,9
797,3, 675,9
795,8, 675,7
790,2, 661,6
790,1, 654,3
788,5, 664,3
760,7, 645,3
628,4, 617,2
463,3, 581,0
479,0, 584,1
-22,1, 517,1
-53,1, 508,8
-30,2, 468,5
180,5, 375,5
253,1, 318,6
262,3, 279,9
273,2, 302,6
273,2, 302,6
294,5, 284,6
316,5, 292,1
338,5, 308,4
360,5, 375,5
363,2, 388,7
298,8, 325,3
321,4, 350,7
207,0, 246,6
128,9, 266,9
134,2, 266,9
140,5, 262,2
134,9, 260,3
131,6, 260,4
108,0, 192,6
73,7, 166,8
88,7, 176,8
104,7, 187,2
120,6, 201,2
133,0, 207,6
135,6, 207,8
-40,5, 89,5
-56,6, 79,2
-50,0, 69,0
-73,3, 73,7
-40,2, 78,3
-34,0, 66,7
57,7, 331,8
72,4, 331,8
87,4, 327,9
84,3, 327,6
80,7, 337,7
75,0, 330,0
58,6, 204,7
333,4, 620,0
365,8, 689,7
383,8, 754,5
374,2, 716,6
398,6, 778,4
436,2, 877,2
417,5, 874,0
289,3, 832,5
267,9, 816,3
320,3, 798,2
341,6, 795,4
351,5, 781,7
339,5, 780,9
361,9, 771,1
409,2, 724,4
418,3, 726,4
424,6, 727,0
431,0, 722,0
439,8, 725,1
456,5, 742,9
463,9, 737,9
461,9, 739,5
672,1, 773,6
687,8, 777,1
792,5, 793,0
1101,3, 847,4
1139,3, 850,7
1216,2, 861,4
1218,6, 858,7
1227,7, 837,4
1231,8, 826,0
1231,5, 826,1
1233,2, 820,4
1232,3, 817,1
1232,0, 817,2
1231,0, 809,8
1229,2, 804,3
1230,9, 796,2
1207,3, 775,5
1211,2, 775,9
1213,0, 774,1
1207,4, 772,1
1209,3, 771,9
1211,2, 771,8
1212,0, 769,0
1215,6, 766,1
1226,0, 759,4
1246,1, 760,9
1421,1, 763,4
1587,5, 777,8
1611,1, 781,5
1646,9, 784,7
1644,4, 783,1
1647,2, 779,1
1657,5, 768,6
1650,1, 774,0
1647,8, 779,2
1649,9, 779,7
1644,7, 777,9
1644,5, 769,0
1641,5, 768,7
1640,7, 770,8
1638,2, 767,1
1638,7, 759,6
1641,4, 762,6
1655,6, 775,2
1658,5, 762,9
1659,9, 764,8
1663,4, 765,7
1662,9, 765,7
1662,8, 766,5
1660,9, 762,0
1658,3, 761,8
1658,0, 762,2
1656,1, 762,8
1655,9, 762,5
1656,3, 758,6
1654,7, 760,3
1653,2, 759,1
1652,9, 759,8
1650,5, 763,6
1649,6, 764,1
1648,9, 764,8
1648,4, 763,1
1647,0, 760,9
1642,6, 746,1
1619,3, 743,8
1603,4, 746,7
1487,1, 731,8
1516,0, 735,4
1400,5, 727,8
1353,0, 721,4
1329,0, 720,0
1333,7, 723,9
1313,2, 720,7
1315,2, 709,1
1307,7, 702,1
1303,5, 706,4
1303,6, 712,2
1303,8, 713,4
1302,8, 713,8
1283,0, 701,8
1233,0, 682,7
1166,4, 650,7
839,6, 470,9
633,9, 350,0
424,3, 238,1
63,6, 57,8
-460,9, -263,9
-337,9, -130,2
-264,8, -60,4
-269,8, -47,5
-330,8, -78,1
-304,8, -73,8
-264,3, -69,2
-259,7, -54,1
-259,7, -54,1
-314,0, 331,0
-347,3, 297,6
-318,1, 252,4
-220,6, 252,0
-185,0, 211,7
-228,6, 113,2
-576,5, -198,4
-457,8, -84,4
-422,2, -59,6
-372,5, -34,4
458,1, 13,5
436,0, -57,5
418,4, -114,1
452,0, -114,7
487,6, -78,9
516,1, -109,3
1066,0, 429,7
1112,5, 435,8
1110,7, 436,8
1115,8, 442,3
1115,4, 441,1
1112,3, 428,8
1107,1, 409,9
1089,6, 375,5
1063,6, 323,1
1031,7, 261,8
1028,4, 256,4
1021,3, 241,7
1001,1, 196,3
1000,7, 201,0
1000,5, 201,9
1000,9, 198,3
1007,1, 203,8
1043,4, 201,1
1081,6, 220,3
1171,7, 289,4
1158,6, 275,0
1189,6, 301,4
1237,0, 341,3
1255,0, 347,4
1268,6, 356,0
1278,6, 356,7
1273,8, 350,4
1259,9, 336,5
1255,7, 330,8
1263,4, 334,1
1275,7, 347,3
1276,0, 347,8
1269,0, 331,8
1261,5, 321,4
1260,8, 319,7
1260,3, 315,6
1276,9, 326,2
1283,8, 343,6
1275,5, 328,4
1268,7, 317,1
1258,9, 308,2
1174,0, 327,9
1006,8, 453,0
950,5, 502,7
900,6, 553,8
857,9, 594,9
815,2, 635,2
776,3, 682,0
775,1, 686,6
777,1, 690,8
776,9, 698,7
776,9, 694,8
782,8, 696,1
775,2, 676,5
777,1, 674,9
782,6, 678,6
798,0, 685,5
798,1, 700,1
789,0, 708,9
789,2, 708,3
734,1, 724,4
658,0, 755,1
523,6, 812,7
149,1, 1004,8
102,5, 1037,0
31,8, 1110,1
155,8, 1071,5
139,5, 1110,8
97,9, 1143,3
133,2, 1179,8
148,6, 1196,5
187,8, 1230,3
180,8, 1216,7
168,1, 1216,4
84,1, 1064,1
55,3, 894,8
56,9, 881,2
67,4, 870,9
89,4, 855,1
111,9, 861,5
121,3, 865,8
143,7, 864,7
174,2, 874,9
232,7, 889,1
241,0, 892,2
238,9, 895,8
254,4, 883,4
250,1, 894,5
273,0, 903,4
272,1, 907,7
280,9, 910,7
283,9, 945,0
285,7, 944,1
348,1, 953,9
405,4, 959,7
396,1, 962,9
391,7, 964,5
386,1, 965,5
388,5, 959,1
380,2, 963,9
341,1, 980,6
279,0, 1006,0
254,5, 1023,8
230,4, 1065,6
236,9, 1098,8
210,9, 1121,5
178,6, 1125,1
183,7, 1114,3
152,6, 1115,1
137,5, 1117,1
108,6, 1116,6
114,6, 1114,6
103,5, 1104,9
117,8, 1095,2
96,9, 1091,8
79,5, 1091,4
104,8, 1087,3
124,2, 1097,4
85,5, 1091,2
99,2, 1081,9
67,9, 1078,3
57,5, 1074,1
52,8, 1071,2
52,8, 1071,0
75,3, 1071,6
76,8, 1073,4
111,1, 1081,0
137,6, 1091,0
148,9, 1101,6
128,4, 1103,5
158,2, 1095,9
166,6, 1096,3
166,6, 1096,3
869,2, 1271,8
1028,6, 1296,5
1042,3, 1304,3
1050,8, 1307,1
1020,6, 1306,1
1016,5, 1299,1
1010,5, 1293,5
1018,5, 1290,8
1031,3, 1286,2
1030,5, 1275,7
1022,0, 1273,4
1041,8, 1284,1
1049,3, 1279,0
1051,8, 1280,6
1050,8, 1285,4
1053,2, 1284,0
1040,7, 1275,6
1052,6, 1272,5
1061,8, 1275,6
1075,0, 1281,9
1168,8, 1303,6
1339,3, 1357,4
1371,9, 1366,0
1401,9, 1376,2
1411,5, 1380,3
1414,4, 1382,8
1426,8, 1382,4
1419,0, 1387,9
1420,6, 1387,7
1420,8, 1390,4
1419,6, 1395,2
1411,1, 1381,3
1408,7, 1381,1
1412,4, 1386,2
1420,0, 1381,1
1419,1, 1380,3
1417,5, 1371,8
1417,2, 1368,1
1422,3, 1363,0
1419,4, 1361,2
1413,5, 1357,3
1456,7, 1346,0
1499,4, 1332,7
1522,8, 1318,4
1650,4, 1258,1
1720,6, 1211,2
1811,5, 1141,2
1821,0, 1133,4
1834,1, 1122,4
1872,3, 1104,9
1940,8, 1059,4
1918,4, 1070,9
1928,3, 1071,0
1963,9, 1035,7
1859,3, 1036,2
1743,1, 1027,6
1723,1, 1021,7
1105,0, 794,5
1078,6, 785,5
1107,4, 798,9
1113,6, 804,8
998,6, 765,6
1001,8, 777,5
995,5, 783,0
993,1, 777,9
994,2, 756,7
1006,5, 758,4
1009,7, 757,7
1013,8, 764,9
1016,5, 766,6
1012,5, 760,9
1013,6, 762,2
990,9, 757,9
996,7, 759,2
1001,6, 774,0
935,4, 768,2
490,0, 738,1
386,4, 735,5
324,8, 730,5
335,5, 734,5
296,2, 740,9
173,7, 824,4
38,1, 914,3
174,4, 934,8
137,4, 923,5
101,9, 913,4
-8,7, 875,8
-90,1, 830,2
-82,3, 821,5
-86,1, 821,6
-59,8, 828,1
-89,2, 823,6
-100,2, 802,8
-128,9, 788,8
-115,8, 779,5
-173,0, 716,7
-131,8, 677,0
-213,1, 483,5
-305,9, 357,1
-17,3, 363,1
-50,0, 373,2
-220,8, 222,8
-288,9, 158,0
-285,9, 158,6
-228,2, -94,5
-11,5, 408,4
-18,9, 419,2
-39,9, 421,1
-235,6, 355,0
-251,3, 353,4
-244,6, 357,0
-231,4, 367,1
-215,8, 358,5
-214,4, 352,1
-210,5, 342,4
-241,8, 383,6
-247,7, 391,5
-134,3, 871,6
-98,1, 903,8
-8,0, 995,9
78,9, 1037,6
278,1, 1174,2
250,6, 1187,5
277,3, 1197,8
292,5, 1198,8
260,7, 1206,3
265,0, 1209,5
271,4, 1213,4
245,3, 1216,9
285,2, 1220,6
275,2, 1221,5
276,0, 1221,1
252,8, 1223,9
281,3, 1237,7
263,7, 1238,3
261,5, 1232,9
232,6, 1239,7
219,4, 1243,4
222,8, 1247,9
234,0, 1247,2
228,5, 1249,1
246,3, 1247,7
208,2, 1238,2
115,6, 1271,1
130,0, 1316,1
81,8, 1398,6
101,3, 1390,3
87,0, 1418,2
43,6, 1452,0
53,7, 1452,5
36,4, 1449,1
11,6, 1444,0
-25,9, 1448,8
-34,1, 1443,6
-38,9, 1432,3
-18,6, 1432,6
-11,9, 1432,6
-20,2, 1428,5
-30,2, 1324,0
-26,7, 1283,3
-22,0, 1251,5
46,6, 1119,0
59,9, 1121,1
51,6, 1120,5
48,0, 1114,7
46,4, 1113,6
37,8, 1100,7
46,2, 1098,2
33,7, 1107,8
-53,1, 1156,1
-41,1, 1165,1
-70,2, 1172,7
-47,3, 1180,5
-45,5, 1185,1
-32,0, 1180,1
-44,7, 1173,6
-28,9, 1161,2
-38,9, 1146,9
-18,3, 1148,8
3,6, 1113,0
-55,7, 1061,1
-34,5, 1063,4
-48,8, 1038,6
-2,8, 1035,2
-8,1, 1017,0
-38,2, 995,8
8,2, 986,9
-27,2, 975,9
12,2, 977,3
13,4, 980,6
56,4, 988,6
28,0, 988,4
71,0, 989,8
64,2, 1007,7
126,6, 1027,4
111,1, 1033,1
155,3, 1038,7
150,6, 1029,4
84,0, 1045,7
102,1, 1043,3
88,5, 1042,5
117,9, 1037,4
110,9, 1034,5
74,8, 1042,0
94,4, 1041,8
52,6, 1064,3
84,3, 1052,2
80,8, 1058,6
103,6, 1079,8
44,3, 1162,2
49,3, 1164,1
32,9, 1170,1
51,1, 1176,0
37,7, 1181,8
68,4, 1185,2
75,3, 1179,8
10,6, 1174,8
33,5, 1174,0
8,8, 1175,3
31,2, 1172,2
19,4, 1171,1
-5,1, 1163,2
19,9, 1159,5
20,6, 1158,7
46,9, 1163,0
41,9, 1165,1
6,4, 1162,9
31,0, 1160,5
24,8, 1152,3
54,7, 1147,5
209,8, 1112,4
310,6, 1088,1
381,4, 1078,8
433,4, 1064,0
739,8, 1019,8
727,2, 1020,2
728,8, 1015,7
751,0, 1000,4
778,3, 998,4
778,7, 996,0
774,0, 990,7
769,6, 982,1
790,1, 971,9
916,9, 956,5
1025,2, 934,6
1164,2, 905,7
1179,1, 902,1
1167,4, 905,0
1306,8, 875,4
1311,1, 875,1
1308,4, 871,8
1328,3, 891,6
1331,6, 891,5
1330,3, 889,0
1324,7, 884,3
1313,2, 865,9
1313,8, 857,3
1314,5, 849,8
1317,8, 845,9
1324,1, 819,0
1323,2, 821,5
1329,4, 812,4
1334,7, 806,9
1347,6, 819,4
1350,7, 819,2
1344,9, 807,1
1343,9, 806,2
1340,7, 798,6
1359,6, 799,6
1410,5, 769,9
1551,1, 656,2
1614,8, 612,8
1680,1, 590,3
1717,9, 579,6
1759,0, 558,3
1885,7, 511,8
1902,0, 499,0
1920,0, 459,4
1928,9, 443,3
1916,6, 462,9
1898,1, 463,1
1863,3, 471,0
1830,1, 468,9
1152,1, 292,6
1099,7, 281,4
1033,4, 262,2
1029,9, 255,6
1060,0, 275,4
1042,7, 257,5
1042,3, 248,4
1017,5, 226,4
1013,3, 228,7
1009,9, 232,9
1007,7, 242,1
1010,6, 254,0
1013,4, 254,9
1022,7, 255,5
1080,3, 252,4
1024,2, 244,6
640,0, 169,1
647,0, 169,9
532,5, 183,1
364,3, 204,3
70,4, 223,8
-13,5, 246,8
22,8, 280,3
125,3, 343,5
134,7, 358,8
199,1, 391,1
120,4, 382,1
117,8, 368,3
116,7, 316,3
424,7, 116,0
326,7, 180,8
138,2, 311,1
121,0, 318,1
85,2, 328,1
58,0, 329,1
62,3, 324,8
51,5, 307,9
40,8, 306,1
63,0, 311,0
90,1, 318,5
67,8, 323,0
88,1, 347,1
76,1, 323,6
53,9, 423,4
190,7, 475,9
240,3, 483,6
238,2, 479,2
77,1, 428,4
213,3, 474,0
253,9, 441,0
255,9, 438,0
274,1, 364,7
385,0, 234,6
394,7, 179,5
394,7, 179,5
-86,6, 238,4
-92,8, 199,3
-53,2, 170,6
75,6, 262,9
96,9, 286,1
114,3, 291,2
133,7, 296,6
173,8, 348,1
152,3, 322,3
194,9, 421,8
158,6, 282,7
163,5, 279,5
168,7, 288,5
171,0, 292,5
763,3, 434,0
954,1, 453,8
1107,3, 474,9
1138,3, 493,3
1270,0, 565,5
1396,0, 593,4
1364,2, 576,9
1405,1, 584,3
1563,5, 504,1
1621,1, 469,4
1633,3, 457,9
1662,4, 447,6
1681,2, 447,0
1687,9, 445,6
1730,5, 432,1
1742,0, 422,2
1741,0, 414,2
1744,4, 396,5
1744,7, 396,0
1742,2, 384,0
1724,3, 392,5
1652,4, 422,1
1467,5, 520,4
1485,2, 512,2
1415,9, 543,3
1410,0, 547,0
1410,3, 543,4
1402,7, 539,6
1398,5, 535,7
1398,2, 535,3
1400,7, 536,1
1403,2, 534,0
1404,7, 529,8
1411,4, 523,5
1412,6, 527,4
1411,3, 528,9
1379,8, 544,4
1350,0, 558,2
1186,3, 620,3
1046,0, 657,3
783,1, 719,1
649,7, 752,0
529,6, 776,7
487,4, 810,6
462,4, 806,2
451,0, 804,2
482,6, 822,8
402,0, 790,0
413,3, 793,5
381,5, 782,3
401,4, 777,8
409,2, 780,7
423,6, 790,3
434,3, 802,9
431,9, 812,7
443,4, 821,4
473,4, 841,5
502,7, 861,8
496,1, 841,8
477,3, 816,9
476,9, 809,2
503,4, 829,2
543,9, 883,3
576,8, 910,7
571,4, 895,8
299,7, 935,3
145,8, 948,2
134,7, 957,5
155,4, 965,9
168,0, 989,2
198,9, 1008,8
213,3, 1016,2
214,2, 1012,0
221,4, 995,7
220,1, 1002,1
227,7, 1009,5
220,0, 1013,5
228,0, 1009,3
230,1, 997,7
239,5, 1003,5
263,2, 1016,1
298,9, 1021,9
293,7, 1020,7
224,8, 992,9
235,1, 997,6
227,3, 997,2
251,2, 1004,0
208,4, 966,4
106,6, 944,8
75,2, 939,0
18,0, 923,3
18,3, 923,2
23,3, 870,4
17,2, 873,7
-0,5, 822,8
3,0, 826,8
298,2, 918,0
408,6, 951,9
388,7, 923,5
403,5, 892,9
394,3, 882,2
379,9, 898,6
410,0, 881,3
374,9, 870,5
358,1, 860,1
311,2, 834,2
361,4, 840,4
338,8, 828,5
353,6, 815,7
375,8, 803,4
316,2, 774,3
306,4, 767,1
264,2, 763,9
270,6, 762,8
352,7, 890,8
251,7, 859,0
266,8, 863,1
375,1, 885,6
328,8, 873,1
400,9, 904,2
357,5, 896,1
315,6, 886,1
350,1, 891,0
317,0, 883,3
367,6, 883,2
344,5, 878,7
351,4, 891,6
366,1, 898,6
402,7, 905,9
481,6, 896,8
483,6, 896,5
459,6, 901,2
434,0, 902,2
439,0, 892,0
444,6, 888,3
427,5, 902,5
427,1, 903,5
433,3, 916,6
429,4, 927,5
470,7, 924,9
866,2, 921,0
883,2, 920,9
878,5, 906,5
919,4, 911,5
921,7, 910,1
897,3, 887,3
927,7, 889,6
938,7, 889,8
938,8, 890,0
939,9, 892,6
940,4, 887,3
976,8, 909,2
967,9, 902,3
930,3, 883,1
926,0, 883,2
912,6, 875,5
897,2, 872,1
890,1, 868,2
880,4, 858,2
862,4, 835,1
848,5, 820,8
823,9, 796,9
816,1, 786,6
803,9, 771,1
760,7, 745,4
753,4, 741,4
630,6, 748,5
586,7, 806,9
541,4, 798,1
373,4, 910,4
330,8, 990,3
300,2, 1030,4
316,7, 997,5
331,5, 1050,2
327,9, 1026,6
336,6, 1046,7
356,1, 1099,3
335,8, 1101,8
358,8, 1100,4
353,7, 1102,3
368,2, 1109,6
397,6, 1122,2
397,6, 1122,4
393,9, 1120,1
392,0, 1109,9
383,3, 1105,5
389,5, 1108,4
390,0, 1107,4
385,0, 1114,0
392,5, 1118,1
403,9, 1127,6
408,0, 1126,9
440,6, 1136,0
685,8, 1202,2
789,7, 1228,3
769,8, 1223,3
915,9, 1257,8
1225,1, 1333,8
1245,2, 1335,9
1304,5, 1347,9
1305,7, 1346,2
1300,8, 1343,4
1302,2, 1346,7
1304,1, 1344,9
1310,9, 1342,1
1349,9, 1334,3
1368,2, 1339,4
1513,2, 1345,1
1521,5, 1344,9
1552,9, 1372,3
1560,1, 1376,2
1577,4, 1391,3
1581,5, 1397,3
1583,4, 1402,3
1592,4, 1401,4
1605,6, 1405,8
1623,3, 1407,2
1635,1, 1408,1
1654,0, 1404,0
1674,7, 1409,4
1708,4, 1414,2
1709,4, 1411,2
1690,9, 1397,1
1699,2, 1403,1
1696,0, 1402,5
1683,1, 1402,3
1672,6, 1390,5
1675,2, 1388,6
1671,4, 1386,2
1668,4, 1376,4
1663,7, 1388,0
1664,6, 1390,0
1689,1, 1399,0
1699,5, 1394,8
1713,2, 1397,1
1723,4, 1398,9
1724,0, 1406,2
1725,7, 1404,9
1730,8, 1402,9
1728,0, 1402,6
1727,0, 1396,9
1723,0, 1390,5
1646,3, 1355,4
1580,6, 1327,8
1508,8, 1293,6
944,8, 1017,1
956,9, 1029,0
465,5, 797,0
340,6, 762,6
92,9, 631,7
-73,6, 552,1
-92,3, 520,0
-124,6, 485,3
-161,2, 487,3
-205,2, 459,8
-217,1, 447,6
-254,7, 392,6
-342,8, 350,2
-394,9, 295,3
-357,6, 241,7
-392,8, 218,6
-399,7, 192,8
-272,2, 206,6
-291,3, 203,6
-356,1, 178,3
-370,2, 170,6
-401,6, 169,5
-425,5, 146,5
-412,2, 124,3
-367,9, 163,7
-358,3, 178,6
-390,4, 184,7
-386,7, 211,4
-375,9, 215,9
-370,4, 190,2
-325,0, 194,8
-61,8, 364,3
478,2, -63,3
526,2, 26,0
528,2, 47,7
504,2, 11,6
497,9, -19,1
499,8, -28,6
531,3, 15,9
513,8, -11,3
540,7, 27,6
582,4, 183,7
514,1, 203,7
486,0, 216,5
495,8, 211,6
378,2, 251,6
423,0, 238,0
407,0, 252,3
424,9, 282,3
420,8, 301,5
452,3, 336,9
473,2, 333,4
482,1, 363,3
484,6, 380,4
537,9, 414,1
535,9, 414,3
534,1, 417,1
556,0, 418,8
554,0, 420,6
544,7, 431,1
538,1, 448,3
541,8, 454,0
480,0, 577,4
420,4, 713,4
406,4, 777,8
420,7, 835,3
428,9, 898,2
437,3, 994,1
429,7, 1032,6
429,1, 1036,6
452,3, 1048,3
460,5, 1050,1
469,0, 1053,0
475,7, 1055,5
477,1, 1055,6
492,3, 1060,6
489,7, 1059,7
491,0, 1055,3
507,2, 1059,4
516,3, 1065,0
520,4, 1066,3
522,3, 1067,1
520,2, 1062,9
526,7, 1061,6
538,4, 1054,5
557,4, 1052,3
1004,5, 975,7
831,7, 1004,2
1111,6, 957,5
1505,9, 891,9
1711,6, 852,4
1868,2, 817,0
1867,8, 818,2
1900,6, 805,4
2012,2, 777,5
2022,0, 785,2
2023,2, 760,3
2030,4, 732,7
2025,0, 734,0
2023,7, 724,2
2024,1, 715,8
2015,9, 736,6
2014,7, 743,9
2014,7, 743,3
2018,2, 742,5
2017,4, 742,2
2018,0, 740,6
2020,4, 736,9
2023,6, 728,5
2023,7, 724,7
2032,4, 725,5
2051,5, 724,6
2056,4, 715,4
2062,2, 710,9
2064,8, 704,1
2068,1, 687,3
2069,9, 670,1
2065,3, 660,6
2061,6, 650,1
2059,0, 655,6
2052,6, 661,5
2000,3, 657,8
1656,1, 639,6
1713,4, 663,4
1445,8, 629,9
1286,0, 601,5
1151,1, 581,4
1140,2, 580,6
1038,4, 569,9
1036,4, 572,2
1014,1, 579,8
1014,1, 584,0
1019,4, 586,4
1023,5, 587,0
1034,8, 591,4
1026,6, 585,6
1030,3, 589,5
1021,6, 583,7
1016,5, 582,5
997,8, 583,1
927,8, 581,9
557,3, 561,3
537,7, 552,4
348,2, 518,2
289,8, 510,2
244,2, 524,5
184,9, 482,8
209,2, 532,7
200,1, 517,3
209,0, 526,7
213,0, 536,1
188,6, 560,6
194,8, 570,7
140,0, 638,6
50,1, 648,1
62,9, 660,4
7,7, 661,8
14,0, 669,7
68,9, 699,4
79,7, 672,5
55,3, 664,2
53,3, 653,4
80,3, 656,9
136,1, 698,6
138,2, 717,2
140,0, 721,2
130,6, 722,0
122,4, 725,8
169,1, 722,5
229,9, 801,2
297,3, 822,1
329,5, 851,0
351,1, 881,2
356,2, 871,2
305,1, 886,1
263,7, 858,3
280,5, 838,7
294,2, 836,7
272,7, 833,0
296,2, 822,4
293,9, 774,5
287,6, 767,8
338,6, 824,8
368,3, 848,4
410,6, 864,4
495,7, 900,7
742,3, 1024,3
905,6, 1099,9
1257,3, 1259,3
1358,0, 1305,5
1407,9, 1321,9
1503,7, 1343,7
1575,9, 1365,3
1578,4, 1365,3
1580,0, 1362,7
1653,2, 1359,7
1657,7, 1349,2
1656,6, 1349,4
1648,9, 1349,7
1634,1, 1349,9
1647,0, 1338,6
1650,0, 1337,4
1660,5, 1344,0
1665,5, 1341,5
1708,0, 1342,3
1875,2, 1320,8
1896,6, 1322,2
2298,0, 1316,6
2349,8, 1308,4
2463,3, 1310,7
2536,3, 1308,7
2555,6, 1309,1
2737,1, 1297,7
2795,4, 1295,0
2805,5, 1289,5
2785,2, 1271,3
2768,0, 1250,5
2742,8, 1213,4
2753,5, 1221,1
2755,1, 1216,4
2724,3, 1229,5
2735,0, 1231,1
2747,9, 1228,0
2776,1, 1236,1
2797,4, 1233,5
2781,5, 1235,8
2779,8, 1233,1
2753,1, 1239,5
2587,5, 1245,3
2520,0, 1218,1
2553,0, 1225,2
2054,1, 1155,1
2176,2, 1174,8
2119,6, 1171,7
1932,8, 1150,5
1928,9, 1158,8
1922,8, 1162,6
1902,4, 1169,6
1898,6, 1172,1
1829,1, 1177,0
1728,3, 1183,2
1596,9, 1199,7
28,5, 1191,4
31,6, 1189,7
31,6, 1189,7
32,8, 1188,7
40,4, 1182,1
41,6, 1177,4
47,5, 1172,5
55,7, 1175,6
106,4, 1184,0
107,2, 1179,9
107,3, 1178,5
122,1, 1180,8
135,6, 1186,1
149,4, 1181,5
132,0, 1162,1
133,4, 1162,8
137,9, 1174,3
137,3, 1177,3
131,6, 1174,9
89,4, 1190,0
87,1, 1192,4
23,2, 1208,5
-8,7, 1218,7
-23,8, 1224,5
-38,5, 1245,3
-38,7, 1244,1
26,1, 1249,1
60,8, 1251,9
148,1, 1269,3
191,3, 1277,6
210,1, 1284,4
235,7, 1291,7
265,7, 1307,6
230,9, 1318,1
229,0, 1319,9
223,0, 1346,0
215,0, 1402,4
223,8, 1401,5
217,8, 1407,1
216,8, 1414,3
217,2, 1421,9
217,1, 1446,6
237,6, 1454,1
243,4, 1451,4
240,9, 1444,8
240,8, 1445,0
238,4, 1445,6
231,5, 1450,1
222,8, 1457,1
219,1, 1460,6
218,5, 1460,1
175,9, 1355,7
175,7, 1354,3
172,1, 1347,6
188,6, 1328,9
188,8, 1329,0
198,3, 1348,0
195,1, 1342,9
203,9, 1338,1
214,1, 1330,4
217,0, 1325,0
222,9, 1319,8
229,1, 1319,7
260,0, 1293,8
254,5, 1293,5
250,8, 1259,8
239,6, 1190,4
234,8, 1172,5
166,3, 1166,3
155,6, 1163,2
147,6, 1161,2
142,3, 1162,0
139,4, 1168,2
127,3, 1169,4
133,9, 1172,5
131,2, 1169,9
145,1, 1173,5
151,9, 1173,3
153,9, 1174,0
154,2, 1176,2
143,8, 1170,0
144,8, 1169,8
158,6, 1169,4
162,3, 1172,4
164,9, 1173,5
162,2, 1170,1
120,7, 1180,5
106,4, 1174,8
101,5, 1164,1
96,7, 1144,6
223,2, 1118,2
547,1, 1114,4
1461,0, 1332,4
1516,3, 1318,0
1501,8, 1320,7
1491,0, 1322,7
1485,9, 1314,1
1479,2, 1287,0
1480,7, 1297,2
1484,8, 1282,4
1513,0, 1284,1
1535,0, 1286,8
1617,8, 1286,2
1735,0, 1273,2
1780,1, 1269,1
1800,5, 1265,1
1838,7, 1260,0
1942,0, 1237,4
1942,8, 1229,0
1932,4, 1230,5
1921,0, 1233,0
1915,6, 1219,6
1894,4, 1221,6
1891,0, 1214,4
1890,3, 1212,0
1879,4, 1205,6
1882,5, 1209,3
1897,0, 1206,4
1891,9, 1205,8
1893,4, 1217,4
1886,1, 1208,5
1883,9, 1214,2
1883,4, 1216,6
1945,9, 1234,9
2033,3, 1239,8
2242,0, 1205,5
2301,6, 1186,4
2353,0, 1163,8
2426,3, 1137,1
2479,1, 1116,3
2496,9, 1090,7
2498,0, 1086,0
2495,1, 1084,4
2497,5, 1070,8
2503,1, 1069,2
2504,7, 1061,8
2493,2, 1064,1
2478,1, 1066,2
2474,7, 1066,7
2476,1, 1065,1
2468,0, 1060,1
2466,0, 1060,3
2462,9, 1059,0
2462,5, 1057,2
2462,1, 1051,5
2462,8, 1046,8
2445,8, 1041,9
2431,6, 1032,3
2323,8, 1008,3
2312,3, 1014,2
2291,5, 1013,5
2143,4, 1011,7
2068,8, 995,9
2034,0, 996,9
2030,1, 998,3
2021,7, 991,7
2018,0, 985,8
2024,1, 985,1
2011,3, 983,5
1966,4, 973,7
1950,4, 957,9
1954,4, 957,3
1951,6, 956,8
1953,2, 955,1
1958,4, 952,2
1968,1, 946,0
1955,8, 945,4
1963,4, 944,7
1956,4, 939,2
1954,5, 938,1
1953,6, 935,5
1952,7, 939,0
1942,7, 946,4
1844,4, 974,2
1475,4, 947,2
1411,7, 943,4
1246,4, 930,2
1243,0, 930,2
1150,1, 925,6
917,4, 918,1
778,8, 913,5
629,8, 897,7
636,4, 902,7
614,1, 904,4
617,9, 942,2
593,9, 941,0
460,5, 907,1
335,7, 906,0
15,6, 901,0
-302,0, 880,3
-88,2, 808,5
-59,6, 784,3
-71,7, 779,3
-63,5, 771,6
-73,1, 776,7
-78,7, 782,4
-76,0, 780,7
-63,3, 792,0
-59,4, 777,9
-127,9, 892,9
-285,2, 852,9
-272,1, 868,6
-366,3, 855,1
-324,3, 854,2
-332,9, 852,6
-313,0, 854,4
-285,5, 863,2
-267,7, 875,6
-257,7, 884,3
-196,0, 904,6
-127,8, 926,5
-76,1, 944,3
34,8, 993,8
69,1, 1007,2
163,0, 1036,5
182,3, 1033,0
199,8, 1023,2
199,5, 1013,8
180,0, 1002,5
175,5, 997,0
188,6, 941,9
185,1, 936,3
185,5, 923,6
191,7, 920,0
190,9, 909,9
200,0, 903,7
220,8, 879,4
215,9, 871,9
216,7, 868,2
214,2, 864,9
275,2, 805,2
276,8, 803,9
1261,9, 696,5
1340,2, 689,1
1380,4, 684,1
1466,5, 588,9
2003,7, 75,4
1963,9, 197,0
1967,9, 154,1
1970,3, 146,2
1971,2, 159,3
1970,7, 171,1
1975,9, 192,6
1976,2, 201,6
1977,1, 203,2
1979,7, 207,6
1977,2, 193,3
1976,3, 165,8
1985,3, 170,2
1990,5, 163,1
1991,2, 135,2
1992,5, 119,6
1993,5, 118,0
2003,9, 112,5
2023,1, 97,4
2079,9, 71,5
2117,0, 72,3
2283,6, 99,3
2337,3, 94,7
2359,0, 99,1
2432,4, 150,5
2470,7, 119,9
2467,3, 132,6
2481,8, 155,9
2494,5, 146,4
2519,7, 106,5
2537,2, 82,7
2538,6, 78,9
2539,9, 88,3
2541,3, 96,5
2534,8, 113,3
2533,0, 111,9
2524,1, 130,1
2515,9, 141,2
2519,3, 134,0
2503,0, 162,0
2501,0, 165,7
2494,6, 178,4
2487,5, 185,0
2482,6, 191,7
2481,8, 193,6
2494,7, 180,5
2496,5, 177,9
2504,9, 161,5
2507,5, 157,1
2520,5, 143,9
2540,1, 124,9
2591,2, 82,3
2511,7, 113,8
2499,3, 120,7
2235,3, 255,7
2159,1, 289,1
2155,7, 289,6
2084,9, 320,8
1683,0, 506,9
1684,5, 510,6
1691,3, 508,5
1694,5, 509,0
1695,3, 510,6
1694,3, 509,9
1676,4, 504,4
1679,7, 502,5
1615,3, 500,6
1415,1, 486,2
1377,1, 489,6
1309,1, 483,6
1214,0, 484,6
1161,7, 484,0
1106,3, 487,1
972,4, 502,9
916,1, 496,5
897,3, 501,9
876,1, 492,6
896,8, 501,4
699,3, 464,3
591,5, 445,8
499,3, 430,1
379,2, 408,1
-303,4, 152,0
-293,5, 142,9
-227,1, 184,7
-186,7, 172,2
-186,7, 46,4
-203,0, -29,4
-346,1, -118,5
-344,4, -112,7
-328,3, -54,0
-291,4, -74,5
-283,3, -107,0
-209,9, -88,8
-213,6, -95,2
-71,9, 87,4
-97,3, 51,8
-99,6, 46,6
-75,7, 69,4
-91,9, 63,0
-93,0, 55,4
-93,0, 55,4
95,7, 36,9
189,2, 56,8
515,7, 116,6
894,0, 211,6
920,8, 219,4
1482,3, 591,3
1706,8, 630,2
1709,7, 633,8
1724,8, 614,3
1733,4, 592,1
1740,1, 565,9
1744,3, 535,4
1742,1, 546,9
1747,1, 505,5
1769,6, 468,2
1772,1, 476,2
1784,3, 485,0
1803,9, 550,1
1818,9, 603,1
1872,3, 791,7
1975,6, 1401,8
1991,8, 1409,6
2045,0, 1493,0
2089,3, 1662,9
2219,7, 2226,9
2315,9, 2449,2
2345,0, 2499,2
2354,4, 2524,5
2357,1, 2525,1
2391,5, 2497,0
2401,7, 2542,7
2353,3, 2513,7
2359,2, 2502,3
2357,0, 2495,6
2367,3, 2488,3
2357,0, 2484,4
2336,3, 2481,0
2358,9, 2494,5
2342,4, 2483,0
2339,1, 2483,4
2347,7, 2482,3
2352,5, 2488,3
2369,6, 2516,8
2368,5, 2519,2
2362,7, 2515,0
2356,5, 2512,8
2342,4, 2492,8
2349,5, 2480,6
2292,4, 2440,9
2315,5, 2420,0
1528,9, 998,2
1541,5, 1078,6
1226,8, 744,3
1142,3, 671,5
991,7, 640,9
879,8, 628,4
669,8, 610,0
606,4, 628,1
369,6, 688,3
338,1, 663,3
329,5, 665,5
322,2, 703,6
311,6, 700,2
307,0, 684,7
323,4, 697,8
357,6, 728,4
409,5, 752,7
427,0, 780,7
451,6, 790,6
437,8, 785,0
447,8, 787,9
439,4, 777,9
332,9, 778,2
222,2, 773,7
156,4, 778,5
136,8, 781,0
113,8, 774,3
43,7, 773,2
50,3, 789,1
0,1, 772,8
26,9, 783,6
5,9, 780,0
11,4, 782,5
28,5, 786,8
81,5, 829,0
207,6, 903,3
233,1, 918,0
245,4, 922,2
241,0, 932,8
271,3, 941,4
273,6, 947,0
254,8, 949,7
279,6, 954,6
243,2, 974,9
266,7, 971,3
203,8, 969,1
197,3, 973,1
132,8, 973,1
144,8, 972,8
105,6, 973,1
119,9, 972,3
96,9, 963,5
122,4, 965,7
146,4, 888,3
-16,8, 926,8
33,4, 927,6
6,2, 919,4
64,9, 920,9
55,4, 896,0
109,2, 895,2
78,4, 877,7
114,4, 877,1
98,2, 857,9
110,9, 845,2
26,5, 779,3
4,5, 770,7
29,6, 762,8
-24,5, 729,8
7,2, 720,3
11,2, 717,5
12,4, 717,4
6,1, 685,1
7,5, 684,3
64,7, 707,5
141,3, 780,8
225,0, 810,8
252,3, 823,6
246,9, 807,2
238,0, 799,1
246,4, 794,1
219,5, 802,1
203,3, 807,8
303,7, 839,0
344,1, 851,9
345,0, 855,8
334,3, 878,5
366,9, 907,3
417,0, 909,6
384,2, 914,7
379,5, 920,8
369,1, 929,4
329,1, 932,3
366,7, 929,9
328,4, 932,6
361,8, 937,8
366,3, 939,5
401,2, 945,4
356,7, 932,2
378,8, 937,9
355,0, 929,2
365,0, 921,5
312,9, 903,8
339,0, 907,2
350,1, 889,5
1377,1, 955,1
1410,2, 942,3
1443,1, 982,1
1441,7, 967,3
1432,2, 964,7
1426,0, 961,5
1424,8, 958,0
1428,4, 961,4
1441,7, 953,5
1439,7, 954,8
1431,0, 933,3
1420,5, 925,5
1418,6, 916,7
1454,1, 896,5
1446,9, 902,1
1452,6, 904,2
1648,4, 905,4
1717,2, 906,1
1745,8, 905,2
1832,0, 878,6
1832,4, 875,2
1823,1, 858,7
1822,2, 840,6
1828,7, 843,8
1830,5, 848,0
1834,3, 861,5
1837,0, 865,7
1831,0, 858,5
1832,8, 857,5
1831,8, 852,0
1827,2, 833,8
1830,4, 853,6
1827,7, 852,9
1830,8, 855,6
1822,1, 868,2
1811,2, 863,7
1769,1, 862,6
1621,3, 834,1
1320,1, 753,8
1319,7, 752,5
535,5, 418,8
-32,4, 100,3
-262,6, -32,0
-224,5, -20,2
-213,8, 6,3
-179,3, -12,7
-180,1, -13,6
-206,7, -49,0
-63,3, 63,8
260,4, 291,0
442,2, 439,4
607,8, 577,4
618,6, 583,3
636,9, 594,1
755,9, 688,7
937,2, 835,2
935,8, 834,9
900,5, 809,3
899,5, 808,5
884,2, 796,2
868,8, 781,4
863,6, 777,0
851,3, 774,3
853,1, 770,7
851,2, 763,4
848,8, 744,5
850,4, 750,3
855,6, 762,1
854,1, 757,8
851,8, 758,8
850,3, 759,7
835,6, 731,9
836,7, 734,8
837,4, 731,7
862,8, 752,3
1168,1, 982,5
1217,7, 1022,4
1283,4, 1077,8
1425,3, 1198,2
1349,6, 1134,1
1624,7, 1360,2
1638,2, 1386,7
1641,2, 1395,0
1635,1, 1376,2
1629,4, 1377,0
1619,0, 1365,0
1619,0, 1366,8
1614,9, 1365,9
1612,4, 1364,7
1612,7, 1369,6
1628,8, 1376,8
1629,9, 1387,2
1635,3, 1398,8
1647,4, 1400,1
1648,5, 1393,8
1648,7, 1392,4
1651,0, 1394,8
1655,7, 1397,2
1657,4, 1394,9
1676,4, 1400,8
1681,2, 1398,5
1575,8, 1327,3
1510,5, 1290,5
527,8, 777,8
73,3, 598,3
71,6, 594,7
66,0, 604,2
66,1, 606,3
60,5, 586,2
4,4, 592,0
-207,6, 558,1
-325,8, 541,1
-347,8, 535,1
-369,9, 480,8
-364,9, 465,5
-340,0, 468,7
-341,3, 444,3
-349,8, 421,1
-345,5, 414,3
-343,0, 413,6
-99,6, 487,1
-115,2, 489,1
-107,8, 568,1
-162,0, 581,7
-162,0, 581,7
-235,8, 494,1
-455,4, 411,1
784,6, 740,4
758,1, 714,3
743,8, 703,6
735,7, 697,6
740,5, 699,3
741,4, 698,3
740,1, 697,4
737,2, 693,8
732,9, 692,5
727,1, 685,6
711,1, 678,8
693,0, 675,0
710,5, 697,6
740,2, 707,9
778,7, 715,9
782,1, 719,0
792,7, 726,0
770,1, 859,4
772,1, 857,6
768,9, 868,7
742,0, 933,2
725,7, 970,7
607,6, 1232,4
601,9, 1249,1
620,7, 1270,2
628,1, 1272,1
636,9, 1275,0
636,4, 1276,0
628,5, 1274,7
630,6, 1276,2
645,0, 1286,2
640,0, 1281,8
635,1, 1277,4
637,0, 1277,5
640,7, 1276,6
615,0, 1262,4
641,9, 1273,0
623,5, 1270,3
627,0, 1271,0
626,9, 1272,0
637,4, 1273,2
647,1, 1272,8
650,0, 1270,3
647,4, 1266,9
645,0, 1267,5
546,5, 1291,4
555,8, 1287,7
305,9, 1342,7
238,5, 1362,3
57,1, 1420,8
54,1, 1392,4
-69,4, 1434,6
-93,6, 1479,7
-104,0, 1487,0
-103,9, 1484,3
-98,5, 1480,5
-93,9, 1480,6
-95,4, 1480,2
-79,0, 1474,0
-62,9, 1467,7
10,5, 1430,2
5,8, 1432,3
19,1, 1413,4
83,5, 1336,6
108,3, 1308,2
105,8, 1317,4
44,6, 1361,3
93,4, 1289,6
32,5, 1338,2
-57,6, 1399,1
-57,6, 1402,6
-41,1, 1404,5
-33,5, 1404,0
0,0, 1407,0
15,3, 1410,4
10,5, 1408,0
-2,4, 1400,1
-15,8, 1390,9
-14,7, 1387,7
9,8, 1362,0
10,8, 1347,4
10,1, 1343,0
8,4, 1336,9
-8,8, 1328,0
-41,0, 1298,1
-43,8, 1296,7
-44,8, 1291,1
-53,3, 1284,8
-48,3, 1284,1
-27,2, 1301,6
-23,9, 1297,5
-23,2, 1284,1
-22,3, 1245,7
-18,9, 1236,5
-1,1, 1228,4
19,8, 1210,9
37,2, 1194,2
19,8, 1167,8
37,1, 1164,1
27,5, 1151,7
37,2, 1119,5
42,1, 1112,0
50,8, 1062,2
57,4, 1063,3
44,6, 1015,9
61,2, 1021,9
58,9, 1021,1
33,7, 1022,8
53,9, 1021,7
53,1, 1019,4
53,3, 1023,5
79,0, 1026,8
68,8, 1028,3
89,7, 1025,1
94,6, 1029,5
118,7, 1019,4
107,3, 1019,2
125,8, 1024,0
136,6, 1026,5
110,5, 1045,0
124,9, 1042,5
111,3, 1102,6
133,5, 1086,3
156,4, 1140,3
185,7, 1237,5
211,4, 1268,3
219,6, 1271,9
220,5, 1277,9
263,2, 1277,9
269,0, 1288,5
283,8, 1286,9
280,1, 1289,2
298,5, 1281,0
269,0, 1296,0
286,9, 1306,2
221,5, 1341,9
237,0, 1337,1
181,3, 1338,8
164,5, 1339,4
149,7, 1329,1
147,2, 1325,4
145,7, 1323,3
149,0, 1325,4
152,3, 1327,8
188,9, 1328,9
214,5, 1331,1
228,6, 1330,1
227,0, 1327,1
236,0, 1319,6
230,9, 1319,7
209,0, 1319,5
224,6, 1316,6
230,5, 1310,7
247,7, 1291,8
251,2, 1286,5
253,2, 1285,8
279,4, 1276,7
262,8, 1270,7
259,4, 1254,6
259,3, 1243,4
258,0, 1236,1
238,3, 1226,0
248,5, 1226,8
249,7, 1222,6
280,2, 1222,4
404,2, 1193,6
613,6, 1159,9
600,8, 1160,1
657,8, 1153,0
752,0, 1143,5
811,7, 1126,1
902,6, 1093,8
955,2, 1089,4
949,4, 1078,1
942,7, 1071,5
934,6, 1056,7
936,1, 1048,0
948,4, 1055,4
990,3, 1076,9
1140,6, 1128,8
1191,2, 1146,0
1270,4, 1167,9
1277,3, 1167,0
1280,3, 1167,1
1269,7, 1161,8
1278,6, 1160,7
1283,3, 1158,0
1283,0, 1157,5
1281,3, 1155,1
1275,1, 1147,9
1275,1, 1147,4
1273,3, 1144,0
1271,6, 1138,1
1281,5, 1142,3
1296,7, 1147,6
1305,8, 1120,4
1354,1, 1111,5
1398,7, 1110,6
1445,3, 1111,6
1458,5, 1101,8
1481,0, 1101,0
1478,1, 1094,5
1473,2, 1078,9
1467,9, 1080,1
1164,1, 1053,5
1154,8, 1043,8
1164,0, 1052,4
808,0, 1007,8
664,1, 986,1
473,0, 952,6
464,6, 941,8
305,8, 903,9
60,4, 852,4
-124,4, 808,9
-127,6, 721,2
143,4, 668,7
274,2, 601,5
228,6, 599,9
247,9, 569,8
417,9, 501,6
455,8, 451,7
483,2, 447,0
420,6, 427,0
377,7, 385,4
416,0, 407,0
416,5, 409,5
386,5, 404,0
415,1, 414,8
485,1, 442,4
575,0, 513,6
585,5, 508,1
628,0, 558,0
635,6, 559,6
635,5, 560,6
709,7, 592,7
711,0, 594,3
722,9, 572,2
718,2, 574,3
714,3, 577,4
704,6, 568,4
708,7, 551,7
709,8, 529,7
708,9, 525,3
686,7, 502,5
689,4, 501,7
689,5, 515,5
687,2, 520,4
678,3, 509,3
675,5, 528,5
677,3, 518,2
676,2, 513,6
677,2, 520,3
678,0, 498,0
681,5, 493,1
682,7, 496,8
678,1, 468,6
678,6, 472,1
680,2, 481,4
681,5, 510,7
676,7, 518,6
676,2, 518,1
677,0, 510,3
660,7, 497,2
649,5, 487,1
639,3, 499,3
614,6, 486,3
607,2, 489,8
603,9, 473,0
506,0, 466,9
36,1, 592,4
-30,8, 647,6
-17,6, 650,5
24,0, 658,3
50,6, 677,4
69,1, 682,8
154,9, 729,6
281,1, 802,1
290,6, 810,6
319,6, 828,0
328,8, 841,4
342,8, 848,7
373,9, 842,8
380,2, 834,9
388,2, 816,3
401,1, 753,6
398,6, 746,7
398,1, 748,2
398,1, 748,9
410,4, 763,7
408,9, 766,2
404,5, 770,8
400,7, 766,4
404,8, 763,4
417,0, 756,2
426,5, 752,1
427,5, 753,1
425,2, 749,2
430,7, 749,6
432,7, 749,8
433,3, 755,0
433,3, 752,6
432,9, 754,5
435,5, 755,9
439,9, 754,9
439,6, 754,3
402,9, 755,2
401,9, 746,3
402,4, 742,4
396,5, 704,9
393,9, 699,5
388,8, 695,3
386,4, 693,4
371,2, 618,2
319,4, 578,2
316,8, 556,9
309,5, 541,6
301,1, 534,4
235,4, 464,3
197,3, 373,4
185,6, 335,4
126,3, 315,6
104,0, 317,0
86,1, 313,0
77,0, 311,8
87,0, 297,2
84,5, 282,1
90,8, 301,4
104,0, 308,8
104,0, 308,8
792,6, 334,8
752,3, 270,8
703,2, 187,7
708,1, 189,7
709,8, 173,3
767,7, 200,8
757,6, 184,2
854,1, 268,3
837,5, 248,0
820,9, 216,5
883,4, 269,5
868,6, 243,4
864,0, 235,7
931,4, 269,1
1045,1, 300,3
1048,3, 304,1
1116,2, 306,5
1328,2, 282,7
1431,2, 264,4
1464,9, 265,8
1487,8, 246,0
1492,6, 246,5
1520,7, 222,1
1521,5, 228,7
1518,0, 227,7
1536,5, 241,0
1541,8, 248,4
1528,1, 258,3
1532,7, 264,0
1540,6, 267,6
1550,8, 265,7
1547,3, 253,3
1548,8, 237,4
1550,3, 233,5
1559,1, 223,6
1572,4, 221,3
1568,8, 219,3
1562,9, 174,8
1563,4, 172,9
1590,4, 183,5
1588,5, 177,8
1582,2, 174,5
1580,5, 159,8
1581,7, 161,8
1588,1, 166,7
1603,9, 167,5
1650,1, 145,5
1747,6, 136,4
1848,9, 127,5
2187,9, 127,3
2460,4, 136,6
2582,6, 122,9
2685,0, 113,3
2845,1, 79,5
3000,6, 46,3
3073,1, 20,9
3073,6, 50,1
3090,2, 74,2
3054,3, 123,9
3052,1, 154,4
3036,2, 224,6
3016,0, 240,2
2952,8, 232,1
2945,8, 277,7
2943,7, 279,4
2921,4, 255,3
2927,9, 264,4
3192,3, 146,0
3104,3, 195,0
3116,8, 208,2
2989,7, 256,1
2999,0, 254,5
3036,8, 247,1
3186,0, 143,8
3102,0, 203,1
3127,9, 193,3
3000,1, 300,0
2945,7, 314,0
2718,9, 395,5
2694,1, 382,2
2588,2, 381,7
2594,8, 379,1
2485,5, 417,0
2455,6, 414,5
2402,5, 361,5
2400,1, 347,6
2391,2, 348,8
2378,5, 360,1
2392,6, 334,2
2419,4, 280,6
2436,7, 254,6
2402,3, 273,2
2406,8, 270,3
2442,7, 243,5
2417,3, 271,2
2419,1, 266,5
2426,6, 255,8
2426,4, 188,7
2382,9, 169,1
2333,1, 153,8
2221,8, 146,9
1344,0, 136,5
1412,3, 135,3
666,3, -11,8
240,0, -105,4
242,9, -91,2
901,2, -38,6
-147,0, -6,9
-177,9, -38,8
-184,3, -31,9
-197,3, -37,6
-204,7, -50,4
-220,3, -59,0
-221,8, -63,5
-219,1, -63,8
-75,9, 144,3
-80,5, 130,4
-55,2, 145,8
-58,8, 144,6
-65,1, 141,1
-45,6, 169,5
587,0, 368,4
507,1, 290,6
134,2, 215,2
-49,7, 177,4
-52,6, 177,1
-50,0, 177,8
-45,9, 167,5
-39,7, 161,8
-38,3, 160,5
1032,4, 419,1
517,5, 138,7
553,6, 171,2
587,7, 164,1
596,2, 149,0
602,2, 183,8
604,9, 189,3
629,3, 198,5
635,9, 178,0
608,4, 139,2
608,4, 149,5
627,2, 127,2
694,9, 187,3
882,5, 398,8
1058,1, 596,8
1208,9, 769,0
1210,1, 768,5
1259,8, 792,1
1251,3, 776,8
1238,3, 734,3
1239,6, 742,6
1226,2, 722,8
1219,0, 713,5
1204,8, 688,8
1204,4, 670,1
1194,7, 664,0
1196,7, 663,5
1201,2, 661,5
1197,7, 661,2
1219,9, 647,2
1380,1, 628,4
1518,0, 691,8
1508,0, 652,0
1503,0, 611,5
1505,4, 632,0
1503,7, 621,1
1503,0, 609,5
1502,8, 596,8
1508,1, 614,9
1518,4, 645,3
1519,9, 646,6
1522,0, 662,6
1522,3, 667,4
1518,1, 671,1
1511,8, 617,9
1514,1, 597,2
1513,5, 604,1
1508,3, 686,5
1488,0, 898,1
1464,1, 1093,1
1464,9, 1085,5
1459,2, 1099,5
1442,6, 1133,5
1440,9, 1131,7
1428,5, 1129,5
1424,0, 1124,8
1425,4, 1119,3
1422,2, 1114,2
1425,7, 1118,3
1427,4, 1120,0
1445,3, 1141,1
1432,2, 1125,7
1435,5, 1137,1
1433,3, 1135,3
1429,1, 1134,2
1445,1, 1138,3
1450,2, 1140,1
1450,2, 1139,4
1442,8, 1132,7
1437,1, 1131,8
1446,9, 1131,7
1444,6, 1127,2
1441,7, 1137,1
1424,7, 1132,2
1401,8, 1133,9
1297,5, 1125,5
1027,9, 1133,6
1054,8, 1137,6
1017,8, 1132,0
948,5, 1125,0
856,3, 1106,8
558,0, 1037,4
552,7, 1039,2
551,8, 1040,4
558,7, 1051,7
565,6, 1051,4
572,4, 1048,3
588,2, 1047,3
601,8, 1049,0
599,3, 1052,1
606,4, 1059,9
603,7, 1058,3
584,1, 1060,1
563,9, 1060,1
416,2, 1084,3
250,6, 1106,4
135,8, 1111,1
21,8, 1116,2
-148,2, 1119,6
-211,1, 1111,1
-219,3, 1110,6
348,4, 1019,6
410,7, 857,1
266,9, 809,3
270,0, 803,5
274,5, 794,2
271,7, 784,1
290,9, 745,0
297,3, 710,7
232,7, 698,8
224,7, 699,3
248,5, 739,5
271,8, 800,4
312,2, 826,9
333,0, 840,3
274,8, 820,5
331,4, 811,5
343,0, 808,8
386,5, 796,9
212,4, 775,9
179,8, 778,4
177,1, 773,4
204,0, 749,8
225,1, 707,8
235,0, 708,0
208,6, 703,4
368,7, 689,5
317,5, 684,9
233,9, 682,6
246,7, 685,4
240,1, 692,6
239,5, 693,0
362,2, 681,4
412,3, 715,7
854,6, 968,8
881,7, 982,9
894,3, 990,7
908,7, 1000,6
943,9, 1025,6
877,3, 976,9
866,6, 976,6
858,6, 970,3
882,8, 984,0
890,8, 980,1
933,3, 1006,0
958,4, 1022,4
1192,1, 1179,2
1297,0, 1248,3
1311,7, 1261,0
1309,3, 1253,3
1297,8, 1235,1
1303,9, 1241,4
1303,5, 1238,2
1304,6, 1246,0
1288,6, 1229,7
1290,0, 1229,9
1351,2, 1226,7
1354,4, 1225,2
1544,1, 1207,7
1719,3, 1186,6
1767,5, 1182,6
1791,9, 1181,4
1860,4, 1179,5
1863,0, 1174,8
1861,7, 1176,5
1862,6, 1178,6
1864,9, 1169,8
1864,0, 1157,1
1840,6, 1156,9
1813,9, 1175,7
1821,4, 1165,6
1831,1, 1156,9
1838,0, 1150,9
1862,1, 1128,9
1880,1, 1111,3
1894,5, 1069,9
1910,1, 1054,8
1928,3, 1068,9
1907,9, 1057,1
1899,1, 1075,6
1904,1, 1074,6
1929,7, 1060,4
1928,4, 1055,9
1937,4, 1053,2
1943,7, 1035,5
1948,2, 1025,9
1957,8, 1014,4
1941,7, 1020,7
1936,8, 1032,4
1894,2, 1108,1
1837,3, 1207,3
1799,7, 1271,0
1754,7, 1404,8
1755,3, 1416,0
1757,1, 1422,6
1749,1, 1422,0
1725,2, 1427,3
1717,4, 1427,8
1719,7, 1437,3
1737,3, 1448,0
1750,5, 1450,5
1745,6, 1448,6
1712,3, 1430,4
1718,3, 1425,8
1716,4, 1421,1
1712,4, 1421,8
1712,8, 1418,0
1711,0, 1413,9
1713,2, 1412,6
1750,3, 1419,8
1755,6, 1421,9
1723,7, 1421,2
1702,2, 1443,4
1697,1, 1431,7
1690,6, 1437,5
1743,8, 1415,6
1736,7, 1412,8
1724,2, 1402,0
1742,0, 1403,5
1725,1, 1396,6
1735,7, 1395,7
1741,9, 1408,8
1770,7, 1444,7
1786,0, 1466,0
835,1, 729,8
684,7, 626,7
530,0, 575,9
449,4, 530,4
450,0, 547,3
455,5, 550,0
420,6, 594,2
414,5, 583,9
402,6, 581,4
396,5, 564,3
385,3, 571,5
377,5, 556,5
365,4, 501,1
363,7, 496,5
363,3, 497,3
351,2, 462,2
332,8, 417,3
326,0, 405,6
302,8, 368,9
313,7, 404,7
312,9, 422,3
305,8, 410,8
203,7, 362,3
-19,7, 153,1
5,4, 123,5
43,1, 142,4
36,9, 98,7
-11,6, 93,4
6,5, 104,4
32,7, 109,9
25,3, 104,5
-120,1, 139,5
-135,1, 126,3
-119,1, 116,8
-110,7, 120,4
-122,2, 129,5
-120,4, 118,2
-101,0, 4,6
-135,3, 109,1
-127,4, 108,5
-127,4, 108,5
-31,5, 152,5
-32,3, 147,1
-33,3, 156,4
-150,4, 112,0
-108,1, 126,6
-43,7, 156,0
-8,6, 167,6
-34,7, 161,8
-34,7, 161,8
94,5, 623,8
77,9, 639,5
112,4, 625,4
77,6, 642,5
95,7, 638,6
92,6, 642,9
158,0, 631,9
133,5, 641,7
62,2, 671,7
5,9, 705,7
26,3, 711,8
88,0, 742,7
2,6, 724,7
21,2, 725,9
46,6, 728,5
-19,5, 728,0
11,3, 732,0
19,6, 755,7
81,2, 776,0
98,4, 791,4
112,5, 808,1
187,2, 838,8
149,1, 838,8
198,1, 857,2
201,3, 865,1
247,4, 877,0
232,8, 880,7
230,8, 883,8
259,5, 888,6
257,2, 884,6
245,4, 868,5
250,6, 877,4
237,6, 873,3
185,8, 925,4
184,7, 929,2
179,1, 935,7
206,5, 933,3
443,8, 973,6
585,2, 990,0
671,7, 999,3
663,5, 998,5
754,4, 1006,2
778,0, 1010,6
814,3, 1011,6
875,2, 1011,4
884,4, 1009,8
887,0, 1006,9
876,9, 1003,9
875,0, 1002,5
867,9, 996,0
865,4, 998,6
865,2, 999,1
865,5, 996,8
864,3, 992,9
862,7, 990,2
854,9, 985,1
850,6, 980,9
851,9, 981,1
843,2, 975,9
839,2, 972,9
820,8, 957,3
814,4, 950,6
814,6, 953,5
798,7, 943,4
789,3, 926,6
786,3, 923,4
784,4, 925,8
785,3, 924,1
790,4, 923,9
766,4, 888,6
748,4, 863,9
659,0, 740,5
549,2, 580,5
489,8, 497,6
300,2, 230,8
322,1, 230,2
324,8, 196,3
321,8, 189,5
351,1, 217,1
341,4, 188,9
358,3, 213,4
393,9, 260,4
478,3, 350,5
509,7, 375,6
553,5, 422,6
586,9, 453,4
596,4, 462,5
602,0, 455,9
628,0, 481,2
649,2, 484,8
446,1, 426,1
380,2, 411,2
340,7, 429,5
322,2, 436,6
321,3, 432,1
324,5, 416,3
325,6, 419,5
260,5, 359,9
257,5, 376,1
263,1, 369,6
311,3, 395,7
324,6, 409,8
356,1, 435,4
365,0, 442,2
354,2, 623,9
365,2, 737,0
375,4, 757,7
376,6, 809,5
379,4, 773,0
380,1, 801,3
373,1, 786,5
338,7, 780,4
298,9, 770,1
270,5, 770,4
259,2, 777,0
277,5, 769,4
263,5, 769,0
228,1, 767,5
245,4, 769,3
207,6, 811,5
166,8, 842,8
139,1, 911,8
173,3, 1010,9
167,9, 1072,7
174,4, 1060,2
158,0, 1063,9
120,3, 1065,5
137,8, 1063,9
126,4, 1066,4
133,3, 1064,1
149,5, 1080,2
155,6, 1108,9
177,1, 1118,5
158,3, 1120,1
177,1, 1121,6
178,1, 1123,8
169,2, 1122,0
188,6, 1118,9
167,6, 1113,2
181,6, 1111,5
163,1, 1114,5
179,9, 1111,3
114,5, 1115,3
122,5, 1123,6
105,8, 1146,4
117,2, 1185,5
99,2, 1225,1
97,8, 1218,9
88,0, 1216,6
38,1, 1222,3
51,4, 1219,4
45,6, 1217,0
62,4, 1215,3
45,4, 1225,2
38,3, 1229,8
45,8, 1226,3
37,7, 1236,2
54,2, 1231,1
63,8, 1229,4
92,7, 1222,2
46,5, 1229,3
60,6, 1225,6
48,5, 1226,7
63,7, 1222,6
51,0, 1214,7
51,6, 1209,4
50,9, 1207,5
67,9, 1220,0
106,9, 1300,4
171,2, 1425,4
157,2, 1489,7
164,4, 1518,0
181,3, 1531,0
186,6, 1516,5
186,4, 1539,3
195,8, 1537,2
234,3, 1540,8
245,0, 1547,3
248,4, 1550,3
241,8, 1555,8
207,2, 1550,3
183,4, 1550,8
161,5, 1552,9
179,8, 1537,7
214,2, 1529,5
436,6, 1512,4
834,3, 1483,4
1000,7, 1477,3
1373,1, 1446,3
1475,4, 1438,7
1555,3, 1431,0
1565,3, 1436,2
1542,5, 1431,8
1587,8, 1443,0
1556,1, 1406,1
1562,2, 1414,3
1560,7, 1406,3
1596,3, 1405,1
1590,6, 1405,5
1656,3, 1392,4
1660,6, 1391,8
1647,5, 1395,9
1692,4, 1404,0
1700,3, 1407,3
1699,2, 1406,7
1695,5, 1398,1
1696,0, 1398,4
1685,1, 1409,0
1688,1, 1410,3
1690,5, 1409,5
1689,7, 1404,4
1689,8, 1404,9
1700,7, 1393,6
1702,4, 1391,9
1701,0, 1389,2
1701,6, 1389,3
1723,1, 1401,9
1724,9, 1403,7
1722,8, 1402,9
1715,4, 1402,4
1719,8, 1415,0
1719,5, 1414,6
1718,4, 1415,1
1721,2, 1408,6
1729,0, 1404,3
1729,3, 1397,3
1722,1, 1392,3
1722,0, 1392,0
1707,0, 1382,2
1699,2, 1380,4
1709,2, 1386,4
1703,7, 1385,4
1709,6, 1388,6
1710,4, 1387,7
1709,5, 1387,