
302,5, -151,1
299,5, -147,6
290,0, -171,9
286,3, -173,5
237,1, -196,8
250,5, -186,2
247,7, -143,1
208,8, -200,0
207,9, -197,8
204,9, -194,3
203,5, -192,8
701,5, 85,9
1021,8, 303,5
1085,2, 351,3
1205,8, 469,2
1290,8, 549,6
1391,2, 642,4
1484,0, 698,2
1500,6, 706,7
1502,0, 697,6
1480,7, 663,2
1487,7, 656,9
1481,8, 641,6
1474,9, 615,9
1471,6, 572,4
1464,6, 543,1
1457,9, 551,5
1465,0, 552,2
1466,0, 552,7
1465,2, 551,3
1466,0, 550,3
1465,9, 551,9
1465,0, 552,4
1467,2, 556,8
1473,1, 562,5
1470,8, 561,6
1477,1, 551,4
1479,2, 548,8
1481,1, 555,1
1479,1, 548,7
1475,8, 568,9
1467,1, 596,7
1462,2, 658,4
1535,5, 1179,8
1534,6, 1274,0
1510,1, 1164,2
1465,6, 1828,9
1441,0, 2291,4
1431,5, 2393,2
1406,5, 2590,6
1377,8, 2802,0
1366,8, 2959,4
1355,6, 3004,7
1329,5, 3038,6
1321,4, 3051,7
1310,7, 3079,7
1332,2, 3057,2
1302,9, 3067,2
1294,5, 3006,6
1291,5, 2970,9
1271,9, 3097,2
1291,5, 3006,5
-91,5, 475,0
-198,3, 463,5
-182,6, 464,4
-173,4, 470,4
-170,1, 470,1
-161,8, 470,1
-102,3, 480,9
-108,3, 454,9
-93,1, 469,5
-70,0, 469,4
1,6, 499,2
165,5, 612,8
168,5, 613,4
147,1, 595,8
175,7, 613,7
162,3, 612,6
140,8, 613,6
127,8, 608,6
88,5, 585,9
192,8, 665,9
904,0, 1387,2
1023,9, 1552,7
1074,1, 1695,1
1102,8, 1761,0
1200,8, 2062,9
1232,1, 2132,4
1294,3, 2438,6
1327,2, 2549,7
1345,5, 2619,9
1354,6, 2601,7
1392,9, 2717,9
1426,1, 2747,2
1415,1, 3135,4
1431,5, 2990,6
1430,2, 2831,6
1464,5, 2465,0
1454,6, 2473,0
1526,8, 1989,9
1577,6, 1636,4
1602,1, 1458,0
1618,6, 1336,3
1610,7, 1299,2
1603,8, 1273,7
1602,4, 1275,1
1607,5, 1277,6
1614,1, 1277,0
1619,5, 1276,4
1624,2, 1275,4
1622,7, 1286,2
1649,1, 1399,2
1686,9, 1621,9
1718,2, 1745,8
1720,5, 1776,4
1735,8, 1821,0
1731,8, 1813,2
1728,6, 1787,7
1727,9, 1813,3
1665,6, 1443,3
1649,3, 1361,3
1643,9, 1331,0
1618,5, 1190,7
1620,0, 1189,4
1621,9, 1186,7
1619,6, 1180,8
1619,9, 1179,8
1618,2, 1177,8
1622,2, 1182,1
1618,4, 1175,6
1614,7, 1170,8
1614,7, 1170,8
1613,9, 1170,7
1620,6, 1176,0
1624,3, 1173,3
1628,9, 1159,8
1628,7, 1159,3
1625,7, 1166,1
1622,1, 1160,8
1608,0, 1143,6
1549,8, 1089,9
1556,4, 1098,9
1553,1, 1096,3
1561,3, 1106,4
1583,1, 1147,4
1576,3, 1142,8
1558,3, 1283,8
1563,9, 1317,9
1509,4, 1369,2
1500,0, 1395,1
1502,0, 1408,5
1483,3, 1390,4
1495,5, 1416,2
1513,3, 1436,9
1492,0, 1415,2
1441,5, 1385,2
1381,3, 1352,1
1343,5, 1333,2
1272,4, 1290,0
908,3, 1062,6
671,1, 911,4
601,9, 867,4
516,9, 812,2
458,0, 770,4
382,2, 693,9
391,5, 705,4
364,7, 685,0
335,2, 662,6
340,2, 667,5
343,1, 648,3
342,5, 650,9
350,8, 663,9
372,7, 687,2
362,3, 685,6
361,6, 686,8
363,6, 688,7
365,5, 683,8
366,0, 676,6
359,5, 677,4
360,3, 677,5
361,5, 681,6
367,0, 690,3
380,5, 699,5
386,3, 704,7
391,2, 708,1
412,7, 730,7
392,3, 712,9
419,7, 722,2
403,9, 708,4
416,2, 688,2
414,0, 687,0
419,7, 706,8
416,3, 704,2
415,6, 704,2
423,8, 710,3
449,8, 735,0
431,0, 730,2
466,3, 748,8
561,2, 873,2
733,0, 1048,1
820,2, 1137,7
927,1, 1246,9
1709,3, 2085,8
1803,7, 2199,3
1951,5, 2422,9
1919,7, 2415,7
1899,0, 2453,0
1903,9, 2455,4
1983,9, 2607,5
2082,0, 2845,0
2086,8, 2804,5
2103,4, 2823,7
2064,7, 2616,8
2105,6, 2718,9
2185,1, 2954,4
2185,5, 2930,0
2188,4, 2881,6
2222,7, 2908,0
2229,3, 2924,8
2296,5, 2932,6
2406,9, 2927,8
2460,0, 2950,7
2482,2, 2928,0
2485,1, 2934,0
2486,9, 2939,5
2485,4, 2942,0
2509,9, 2945,3
2492,6, 3086,6
2500,9, 3062,1
2519,6, 3004,1
2514,4, 3058,3
2502,9, 3021,4
2499,8, 3007,9
2503,7, 3019,6
2498,2, 2997,9
2494,1, 3001,1
2499,5, 2958,8
2498,5, 2975,7
2545,9, 3068,4
2571,4, 3080,0
2621,0, 2971,8
2643,9, 3063,9
2633,7, 3007,1
-0,2, 624,2
49,7, 649,3
51,7, 644,5
55,5, 644,2
23,9, 668,5
-35,4, 714,8
-67,4, 747,2
-99,4, 829,7
-138,2, 876,5
-330,6, 983,3
-353,9, 998,1
-438,9, 1026,5
-508,2, 1055,6
-557,6, 1035,5
-516,4, 1026,5
-347,9, 1005,1
-329,3, 1010,2
-32,0, 1085,7
-1,7, 1092,6
69,0, 1104,4
63,5, 1092,6
72,3, 1093,1
94,0, 1082,1
136,5, 943,4
195,9, 789,2
214,2, 831,5
222,3, 838,8
182,6, 841,1
112,1, 841,8
199,8, 863,9
197,9, 863,4
150,8, 1200,5
270,8, 1289,2
334,2, 1313,8
393,2, 1253,7
568,9, 1118,6
535,8, 1235,1
548,8, 1246,2
654,2, 1193,4
723,7, 1242,9
848,1, 1317,5
982,8, 1366,2
1106,1, 1389,6
1334,3, 1396,1
1451,1, 1404,5
1495,1, 1403,6
1518,8, 1401,5
1522,4, 1393,2
1498,5, 1365,9
1494,5, 1356,6
1501,7, 1354,6
1494,9, 1328,8
1490,5, 1324,5
1475,5, 1293,2
1478,8, 1308,9
1480,8, 1306,7
1482,4, 1297,9
1483,0, 1290,7
1489,5, 1287,3
1493,2, 1286,7
1487,2, 1286,0
1494,7, 1285,7
1504,1, 1287,7
1513,7, 1294,4
1519,1, 1298,4
1525,7, 1298,1
1538,1, 1295,4
1545,2, 1293,4
1550,3, 1294,4
1635,2, 1301,8
1862,0, 1325,9
1955,4, 1338,3
2077,3, 1353,4
2194,4, 1324,6
2203,1, 1334,7
2209,9, 1334,1
2227,1, 1363,3
2230,7, 1367,7
2231,0, 1365,6
2228,7, 1360,7
2240,0, 1360,7
2258,6, 1359,1
2281,1, 1385,8
2305,1, 1413,2
2343,4, 1572,7
2398,6, 1854,7
2436,1, 2180,3
2470,2, 2467,6
2493,2, 2615,7
2512,4, 2699,6
2525,0, 2730,6
2529,7, 2723,0
2590,9, 2990,4
2587,4, 3009,4
2590,7, 3032,2
2581,9, 3012,7
2581,7, 2994,5
2578,1, 3025,8
2577,3, 3001,2
2566,4, 2960,9
2555,5, 2970,1
2454,1, 2757,6
2416,1, 2756,5
2345,5, 2662,4
1742,4, 2064,7
1469,2, 1903,9
1068,2, 1482,8
862,2, 1285,4
800,4, 1311,4
124,3, 786,1
112,5, 802,9
127,4, 818,8
84,4, 780,9
66,0, 770,3
69,4, 772,7
67,9, 767,8
151,7, 821,7
142,9, 812,1
156,5, 820,3
159,3, 821,8
165,3, 825,2
154,8, 812,5
160,5, 813,4
104,5, 793,6
90,2, 786,4
79,1, 780,4
86,4, 778,9
193,0, 813,6
172,7, 810,1
181,8, 814,5
188,6, 823,7
187,6, 824,7
177,9, 820,4
212,3, 838,0
174,1, 829,7
189,4, 820,3
186,9, 817,1
177,2, 814,7
178,1, 815,0
179,9, 818,6
188,5, 819,3
246,5, 847,6
243,5, 845,9
235,9, 840,2
229,8, 837,7
210,8, 837,9
187,7, 843,2
193,1, 838,6
87,7, 874,4
58,2, 877,3
-128,0, 901,8
-398,1, 893,8
-336,6, 906,7
-329,0, 903,9
-273,3, 914,9
-323,5, 898,0
-338,5, 904,9
-232,3, 802,2
-157,7, 706,5
-43,8, 535,9
-37,9, 523,6
-174,1, 751,8
-169,5, 748,8
-144,7, 778,7
-99,2, 808,0
-341,3, 902,4
-293,5, 865,0
-378,1, 909,3
-383,8, 922,5
-356,5, 943,0
-348,5, 940,2
-132,7, 932,4
-125,9, 926,8
-252,9, 1003,4
-239,4, 994,3
-302,8, 1013,6
-222,9, 971,2
-82,8, 1058,3
138,3, 1142,0
151,6, 1149,1
165,9, 1160,8
177,7, 1162,8
175,7, 1161,7
162,2, 1153,2
196,0, 1135,6
346,3, 1004,1
439,9, 945,6
416,0, 1003,7
378,8, 1067,4
418,7, 1046,3
387,1, 1084,2
455,4, 1017,4
470,3, 1047,6
366,2, 1134,3
365,6, 1145,6
353,1, 1152,4
327,6, 1142,7
327,2, 1140,3
383,4, 1151,9
370,3, 1151,0
579,1, 1224,5
754,0, 1298,3
795,1, 1311,3
976,2, 1461,2
1593,8, 2009,6
1668,5, 2062,8
1929,8, 1188,1
1910,5, 1171,0
1910,5, 1171,0
2040,4, 1842,2
2127,4, 2155,4
2143,4, 2179,4
2324,9, 2156,9
2440,1, 2222,9
2424,0, 2343,7
3143,4, 914,3
2904,3, 918,3
2909,1, 926,0
2915,0, 937,2
2920,8, 932,1
2966,2, 904,9
2978,4, 897,4
2993,8, 880,4
3054,8, 856,0
3140,5, 814,9
3285,5, 758,4
3327,8, 736,4
3324,6, 713,6
3311,8, 703,2
3329,4, 691,8
3335,5, 690,9
3368,9, 677,8
3390,3, 671,4
3425,3, 649,3
3456,3, 621,4
3455,8, 620,2
3486,6, 602,4
3497,2, 597,0
3518,9, 588,2
3523,8, 586,2
3527,0, 582,4
3556,9, 529,3
3571,7, 488,1
3594,6, 461,2
3594,5, 457,3
3616,1, 444,1
-605,2, 92,6
-603,8, 77,9
-630,3, 68,8
-570,7, 46,3
-558,6, 27,8
-567,0, 23,3
-567,0, 23,3
-544,2, 2,3
-568,1, -34,9
-579,8, -50,7
-579,8, -50,7
-546,6, 3,6
-546,6, 3,6
-533,8, 34,4
-530,3, 42,6
-513,6, 60,1
-429,4, 114,6
-481,9, 54,8
-471,4, 71,9
-488,6, 56,4
-508,8, 42,0
-495,1, 51,4
-480,8, 64,0
-477,5, 51,1
-480,1, 56,3
-480,5, 35,3
-500,5, 28,0
-546,1, 14,1
-553,2, 10,5
-553,6, 10,1
-561,6, 14,9
-562,8, 14,3
-567,6, -1,8
-570,6, -16,1
-572,8, -29,9
-596,0, -52,1
-609,1, -49,1
-604,5, -44,9
-603,9, -43,0
-593,6, -32,5
-574,3, -17,9
-573,0, -16,5
-568,4, -1,4
-568,0, -0,4
-566,4, -4,5
-575,5, -28,6
-567,4, -19,7
-542,4, 2,6
-531,6, 13,6
-547,3, 6,9
-546,1, 6,8
-545,2, 4,9
-563,9, -21,6
-564,9, -23,2
-565,3, -26,7
-567,1, -26,7
-564,5, -26,9
-555,4, -17,3
-562,8, -19,8
-580,5, -30,7
-581,8, -30,6
-582,4, -31,6
-575,2, -29,2
-567,6, -26,4
-566,3, -25,0
-563,3, -23,2
-544,2, -5,0
-548,8, -6,8
-547,7, -5,4
-540,0, -4,1
-540,7, -5,9
-523,6, 3,1
-516,6, 7,5
-577,2, 44,2
-566,2, 62,1
-520,4, 109,9
-557,8, 66,3
-508,4, 135,1
-583,7, 45,6
-583,4, 49,9
-535,5, 132,4
-517,2, 155,8
-505,2, 145,7
-483,7, 167,2
-476,5, 169,3
-481,3, 167,3
-494,9, 130,2
-512,7, 96,1
-511,1, 98,5
-514,6, 111,1
-518,2, 112,7
-518,6, 132,0
-520,4, 140,9
-520,4, 151,1
-515,7, 161,4
-494,6, 188,4
-495,4, 179,6
-505,5, 160,3
-514,4, 139,1
-514,0, 138,7
-497,0, 168,1
-472,6, 216,3
-522,2, 141,5
-517,9, 141,0
-515,1, 132,9
-504,1, 147,2
-491,4, 160,9
-482,7, 170,7
-484,4, 170,7
-481,8, 179,3
-502,2, 169,8
-500,0, 171,6
-499,9, 171,2
-479,8, 193,2
-474,9, 197,5
-474,5, 196,8
-482,9, 151,5
-491,8, 139,1
-498,0, 127,5
-496,4, 128,1
-520,5, 111,6
-537,9, 91,2
-551,5, 72,1
-556,5, 66,7
-556,6, 66,9
-520,4, 113,1
-515,8, 118,0
-523,5, 29,6
-604,7, -17,0
-606,1, -18,7
-607,6, -20,2
-618,7, -32,9
-603,2, -21,4
-593,3, -15,5
-589,4, -13,3
-574,8, -4,2
-563,3, 0,2
-569,8, -2,1
-574,8, -5,8
-625,9, -35,6
-641,0, -47,7
-640,8, -47,2
1,1, 335,2
52,1, 441,6
158,9, 511,4
156,6, 543,0
201,3, 551,4
202,6, 550,6
352,7, 591,4
321,0, 569,6
125,3, 473,7
114,2, 472,6
110,7, 472,7
72,3, 455,5
68,9, 444,5
73,4, 452,2
58,1, 439,8
52,9, 437,4
56,5, 439,4
62,9, 442,4
68,9, 439,2
70,2, 445,1
93,1, 440,5
68,2, 431,6
1392,1, 271,0
1003,6, 404,2
1217,0, 341,4
648,0, 587,1
689,1, 569,9
536,0, 524,7
510,7, 502,7
464,9, 395,8
415,0, 385,4
170,0, 172,4
-36,8, 116,6
-40,9, 113,8
-81,5, 134,1
-138,9, 178,0
-114,2, 187,9
-114,2, 187,9
-124,4, 189,3
-131,6, 187,3
-124,3, 193,8
-113,0, 187,7
-137,3, 187,2
-84,2, 240,2
-30,7, 308,3
-45,5, 333,1
19,5, 405,0
-83,2, 409,9
-148,8, 415,0
-148,8, 415,0
-152,5, 410,6
-94,6, 366,2
-177,5, 357,6
-182,3, 313,8
-252,4, 307,1
-345,0, 258,3
-461,1, 221,6
-464,1, 218,3
-499,9, 234,3
-515,7, 362,1
-557,8, 321,3
-372,7, 721,0
-377,2, 710,7
-260,5, 985,2
-209,2, 1129,3
-241,6, 1126,9
-216,2, 1137,6
-196,3, 1143,6
-205,3, 1138,7
-114,4, 1160,9
-108,8, 1158,8
-64,7, 1164,0
-89,4, 1146,2
-6,5, 1171,8
28,6, 1174,8
54,6, 1181,1
67,9, 1184,2
109,1, 1197,3
54,2, 1182,2
98,3, 1194,7
103,3, 1198,2
125,9, 1208,0
87,2, 1201,9
91,2, 1202,0
66,1, 1196,4
-70,6, 1241,1
-63,8, 1256,6
-86,7, 1264,4
-58,1, 1280,6
-102,4, 1280,5
-156,9, 1268,2
-150,8, 1270,8
-151,9, 1270,5
-6,4, 1045,4
-64,3, 1169,8
-48,6, 1147,8
-56,8, 1193,7
-18,3, 1121,7
-67,7, 1203,5
-29,3, 1214,3
85,9, 1181,6
191,7, 1171,9
453,9, 1163,6
342,9, 1268,7
873,4, 1309,5
906,8, 1212,6
695,0, 1201,7
490,0, 1203,1
341,4, 1165,0
279,5, 1159,8
239,1, 1176,2
234,6, 1194,0
178,9, 1276,2
167,0, 1294,1
126,5, 1292,6
26,1, 1279,4
21,2, 1282,8
1,9, 1280,5
-13,4, 1279,5
-56,9, 1270,3
386,1, 1347,0
681,5, 1402,4
660,4, 1395,4
744,6, 1419,6
758,7, 1422,7
905,5, 1449,1
848,5, 1441,9
691,2, 1414,9
402,8, 1356,5
346,5, 1346,3
300,9, 1337,4
200,0, 1319,3
162,6, 1312,6
127,2, 1326,0
132,7, 1383,7
131,0, 1382,7
170,3, 1393,7
213,9, 1408,3
197,4, 1400,8
219,2, 1409,2
219,0, 1408,4
241,4, 1416,9
185,5, 1394,8
181,3, 1393,7
189,5, 1398,9
172,8, 1395,8
162,6, 1399,1
157,8, 1394,2
207,1, 1416,2
208,3, 1416,7
198,7, 1413,0
201,4, 1415,5
161,1, 1402,7
148,1, 1420,3
142,0, 1417,2
148,4, 1425,1
144,9, 1423,7
114,0, 1401,6
121,7, 1408,2
127,9, 1413,0
127,8, 1400,8
135,1, 1405,8
142,3, 1405,7
141,7, 1401,9
158,8, 1408,8
171,8, 1412,3
157,2, 1407,0
174,5, 1418,4
146,8, 1405,3
134,9, 1400,4
142,8, 1405,4
132,3, 1401,7
138,9, 1403,2
121,7, 1395,7
155,5, 1330,4
200,4, 1299,2
214,5, 1267,1
203,8, 1284,4
246,4, 1244,6
245,4, 1260,2
242,3, 1259,9
217,5, 1286,9
215,8, 1317,9
183,9, 1375,9
192,5, 1387,9
166,3, 1412,3
143,8, 1403,4
148,0, 1407,4
107,3, 1389,7
243,5, 1293,3
295,3, 1222,9
282,2, 1246,7
123,1, 1300,1
151,9, 1298,3
116,4, 1309,8
217,2, 1267,0
219,1, 1278,1
144,2, 1311,3
130,6, 1328,5
128,0, 1324,4
127,9, 1324,4
123,5, 1324,3
193,1, 1286,2
235,5, 1269,3
424,2, 1151,0
441,2, 1137,9
326,9, 1224,6
250,2, 1282,9
307,4, 1340,5
406,9, 1202,7
368,7, 1279,2
472,9, 947,0
448,8, 862,3
558,2, 880,0
606,0, 797,5
649,2, 873,6
641,3, 786,6
382,7, 688,8
238,8, 634,1
204,2, 481,9
175,8, 429,3
115,2, 356,7
-83,3, 395,0
-49,8, 388,4
-46,0, 402,1
-54,7, 400,2
-91,1, 388,5
-29,9, 386,3
-79,0, 386,7
-159,4, 397,2
-195,4, 372,6
-124,6, 408,5
-175,5, 410,9
-189,3, 412,7
-212,0, 416,2
-167,6, 427,5
-256,6, 400,0
-198,0, 402,2
-297,8, 375,7
-189,5, 398,2
-105,1, 435,0
-148,2, 422,2
-137,8, 415,2
-250,1, 377,9
-290,9, 191,1
-274,1, 134,2
-319,0, 161,2
-354,5, 182,7
-346,1, 171,7
-297,1, 120,1
-290,7, 120,5
-272,1, 120,7
-298,1, 107,5
-272,5, 112,6
-191,7, 68,8
-235,2, 86,1
-292,5, 102,4
-296,7, 101,2
63,5, 84,7
102,3, 87,8
114,1, 95,9
103,0, 94,5
-245,2, 142,4
-257,4, 152,1
-218,1, 208,2
-200,8, 230,2
-217,1, 220,6
-223,6, 212,8
-414,7, 74,1
-457,5, 42,5
-467,4, 40,5
-482,9, 38,4
-487,8, 37,8
-514,7, 34,5
-679,8, -116,2
-679,8, -116,2
-679,8, -116,2
-679,8, -116,2
-679,8, -116,2
-679,8, -116,2
-679,8, -116,2
-687,4, -141,2
-539,0, 383,6
-377,1, 958,6
-359,1, 911,9
-216,3, 1276,2
-193,7, 1286,4
-52,1, 1324,9
-115,3, 1305,1
-126,3, 1308,5
-181,8, 1307,0
-202,4, 1294,6
-211,6, 1293,0
-230,9, 1296,7
-229,8, 1297,0
-229,0, 1294,6
-215,5, 1293,2
-173,4, 1288,4
96,9, 1118,4
23,2, 1184,4
-25,8, 1226,9
36,2, 1200,7
44,5, 1250,4
64,4, 1262,8
57,2, 1289,7
116,6, 1209,3
204,7, 1167,8
239,0, 1231,4
350,4, 1321,1
411,2, 1297,7
395,6, 1317,4
250,4, 1375,5
152,7, 1346,0
162,0, 1338,3
161,2, 1338,0
78,4, 1321,5
69,1, 1323,2
77,9, 1330,5
75,5, 1326,0
88,0, 1322,2
90,3, 1318,7
92,6, 1320,2
102,6, 1318,9
115,4, 1322,2
106,9, 1324,7
106,0, 1327,4
96,9, 1323,5
112,1, 1326,4
92,5, 1319,7
105,5, 1322,1
121,0, 1322,7
103,5, 1322,7
101,0, 1334,8
84,5, 1327,8
83,9, 1331,4
85,1, 1333,3
162,0, 1340,5
149,4, 1340,2
123,6, 1343,4
108,0, 1327,9
98,1, 1326,7
90,3, 1320,6
104,2, 1306,2
203,9, 1244,8
332,6, 1168,9
278,1, 1205,5
335,5, 1167,1
201,0, 1307,6
267,3, 1249,2
298,3, 1222,5
193,3, 1284,7
126,4, 1309,5
72,1, 1316,4
74,2, 1316,0
85,8, 1318,0
94,4, 1312,2
80,8, 1323,6
82,4, 1323,3
81,4, 1326,8
112,3, 1327,6
101,2, 1323,0
68,5, 1312,4
78,7, 1314,3
63,6, 1310,4
65,8, 1306,8
100,1, 1309,4
96,6, 1307,5
89,4, 1305,8
116,6, 1306,6
122,6, 1308,9
117,4, 1306,9
137,1, 1318,8
129,5, 1312,6
153,4, 1316,9
150,3, 1315,1
163,5, 1319,1
133,4, 1320,9
82,1, 1308,1
139,6, 1318,5
126,2, 1312,9
154,8, 1313,9
184,8, 1314,5
194,8, 1313,9
187,2, 1312,1
178,0, 1310,2
179,9, 1315,5
144,9, 1310,4
132,0, 1306,9
119,8, 1302,9
133,9, 1305,4
124,1, 1301,8
132,1, 1302,1
138,3, 1302,6
116,6, 1295,3
117,6, 1295,4
119,6, 1297,6
112,6, 1295,3
128,7, 1301,7
124,0, 1303,3
113,7, 1302,2
79,6, 1295,8
60,0, 1289,5
61,5, 1290,0
71,1, 1292,2
60,6, 1290,3
57,9, 1289,1
46,5, 1287,5
44,0, 1284,8
52,3, 1266,9
95,9, 1242,9
123,1, 1229,6
85,0, 1250,6
293,5, 1141,4
263,4, 1159,8
179,7, 1210,7
318,4, 1133,7
243,8, 1181,9
139,3, 1239,9
124,9, 1292,6
86,7, 1257,8
213,1, 979,8
156,6, 889,7
156,7, 826,0
112,4, 917,0
219,1, 931,2
177,2, 1000,1
84,3, 1078,8
82,6, 1094,0
442,6, 737,8
454,4, 720,9
269,0, 908,1
130,3, 977,4
183,3, 881,4
196,0, 814,3
190,6, 899,2
303,3, 919,0
291,4, 966,8
455,8, 1024,3
546,9, 1139,3
556,8, 1174,7
557,9, 1264,4
698,1, 1283,8
747,9, 1291,2
753,5, 1292,1
813,2, 1299,4
809,2, 1299,7
825,4, 1301,4
741,3, 1291,7
734,9, 1291,0
701,5, 1288,9
742,5, 1301,1
740,9, 1300,7
735,9, 1305,1
706,1, 1358,7
641,4, 1354,9
561,3, 1359,1
483,2, 1354,6
476,0, 1350,8
458,0, 1352,9
530,5, 1371,9
522,0, 1369,4
503,1, 1361,5
503,2, 1342,1
507,7, 1342,0
484,7, 1337,9
429,7, 1328,7
288,4, 1305,5
281,0, 1305,1
248,9, 1297,4
241,3, 1296,2
190,7, 1282,9
176,7, 1281,8
144,5, 1274,3
139,1, 1278,0
128,0, 1279,6
109,7, 1269,2
96,1, 1262,4
82,5, 1259,8
81,1, 1261,8
78,3, 1261,3
68,5, 1258,8
54,7, 1255,0
32,1, 1249,0
49,6, 1115,1
-9,8, 1004,7
20,0, 868,7
-371,1, 836,9
-297,7, 851,3
-358,5, 835,8
-303,4, 849,9
-306,9, 869,8
-239,8, 887,6
-183,5, 909,0
-169,5, 915,8
19,1, 907,5
-107,7, 1104,4
4,9, 978,6
-11,8, 1097,0
78,1, 1072,9
114,0, 873,5
92,4, 781,1
40,0, 626,6
-104,1, 560,7
-115,7, 487,1
-254,0, 450,0
-187,5, 448,4
-254,3, 427,4
-236,5, 410,8
-316,4, 412,6
-194,0, 407,1
-142,7, 404,0
-149,1, 403,9
-170,3, 396,8
-265,0, 389,2
-213,0, 404,4
-136,3, 417,8
-217,9, 401,4
-146,9, 378,2
-224,6, 377,3
-250,2, 377,1
-178,7, 380,0
-159,4, 382,1
-157,0, 379,4
-152,1, 375,5
-155,5, 370,7
-173,3, 352,3
-176,2, 346,5
-231,5, 318,7
-400,2, 284,8
-306,0, 282,5
-241,9, 305,7
-338,6, 294,0
-300,7, 297,0
-239,4, 298,2
-242,9, 292,8
-249,0, 290,3
-237,3, 289,6
-235,8, 281,8
-240,5, 282,9
-258,1, 268,4
-248,1, 276,0
-249,3, 274,9
-260,5, 259,1
-262,9, 255,0
-284,1, 245,7
-311,3, 230,3
-294,7, 274,3
-235,8, 482,1
27,7, 886,6
52,7, 929,3
63,8, 945,1
117,2, 989,1
318,6, 951,7
243,8, 1067,0
281,7, 1021,4
338,0, 960,2
291,2, 1030,4
365,3, 914,8
350,0, 924,3
321,9, 974,2
263,0, 1040,1
231,3, 1071,7
173,8, 1080,0
170,7, 1053,4
142,3, 1056,9
153,7, 1052,1
153,6, 1048,8
115,3, 1054,6
123,2, 1051,3
149,8, 1096,9
153,3, 1104,9
131,7, 1177,6
83,6, 1175,0
88,9, 1184,2
95,7, 1194,0
67,9, 1191,2
67,1, 1193,6
46,1, 1184,7
50,1, 1179,4
74,0, 1184,3
69,6, 1187,8
88,3, 1190,1
91,9, 1192,6
112,2, 1196,8
115,9, 1197,9
125,0, 1203,8
110,8, 1204,9
114,4, 1209,2
152,3, 1224,0
142,9, 1222,0
176,3, 1177,3
188,4, 1162,6
196,3, 1157,8
180,8, 1191,1
140,4, 1217,0
169,5, 1221,1
155,8, 1216,5
147,2, 1222,0
129,5, 1220,6
120,3, 1217,8
114,5, 1221,4
114,5, 1220,1
156,0, 1230,6
169,9, 1235,3
181,3, 1197,2
271,6, 1068,7
242,6, 1117,0
378,2, 954,5
319,9, 1009,2
291,7, 1018,7
309,4, 996,8
275,9, 1038,7
300,7, 1125,0
413,8, 1015,4
428,7, 1025,2
490,9, 1002,1
677,6, 972,6
805,8, 887,8
742,6, 900,5
769,8, 888,4
805,4, 870,7
793,2, 869,6
799,1, 871,4
814,8, 872,3
844,0, 861,6
846,1, 845,0
827,3, 814,2
812,2, 804,7
776,4, 786,2
776,7, 784,8
731,6, 746,4
695,4, 717,6
689,2, 712,6
641,9, 669,6
616,1, 664,3
606,2, 651,0
575,3, 618,6
579,2, 623,2
573,9, 623,5
564,9, 606,8
560,8, 597,4
524,4, 559,4
522,3, 557,9
523,5, 555,0
522,7, 552,0
515,4, 530,7
514,4, 529,6
501,4, 516,8
501,1, 516,1
510,6, 515,6
512,7, 509,8
696,4, 505,5
731,9, 496,0
771,5, 488,1
789,3, 483,5
875,8, 461,1
967,1, 425,4
971,1, 425,1
976,9, 432,3
986,0, 432,9
991,1, 440,6
987,6, 437,1
969,5, 442,2
972,7, 433,7
791,9, 370,8
653,1, 321,7
566,4, 292,2
473,4, 253,2
444,2, 243,8
197,0, 141,4
204,8, 145,7
254,1, 170,5
235,2, 171,3
222,3, 161,6
273,7, 205,1
281,6, 211,9
265,3, 198,2
237,5, 174,4
271,3, 195,7
319,1, 224,8
332,2, 232,1
289,7, 216,3
288,2, 233,8
168,3, 221,7
175,5, 224,5
-95,4, 150,2
-200,1, 118,2
-370,7, 63,5
-315,5, 119,7
-275,8, 156,8
-283,3, 163,3
-296,6, 153,1
-275,3, 160,1
-263,2, 171,3
-270,5, 167,5
-300,9, 155,1
-294,7, 159,5
-313,1, 149,3
-335,2, 136,5
-319,3, 147,4
-273,7, 170,1
-259,1, 180,0
-198,2, 221,5
-167,7, 241,7
-161,8, 246,2
-138,7, 264,8
-95,9, 294,0
-89,8, 297,6
-62,1, 311,4
-60,3, 318,2
-57,4, 319,7
-41,0, 324,2
-52,0, 317,5
-57,6, 309,7
-56,1, 312,2
-66,1, 306,4
-76,9, 294,9
-80,9, 286,2
-87,2, 276,4
-93,3, 276,2
-103,0, 273,3
-104,4, 285,8
-114,8, 280,1
-180,3, 260,7
-236,7, 242,4
-245,7, 235,0
-369,7, 143,5
-407,7, 112,6
-402,7, 116,0
-400,7, 116,6
-405,8, 119,7
-411,4, 117,5
-416,9, 114,8
-388,1, 129,7
-380,6, 133,9
-375,2, 138,3
-367,5, 142,0
-355,7, 146,4
-354,1, 144,2
-373,2, 130,2
-380,4, 126,7
-401,2, 110,5
-435,0, 85,3
-433,9, 81,6
-440,5, 67,4
-439,3, 69,7
-484,7, 33,5
-505,6, 22,8
-505,0, 26,3
-532,6, -171,2
-559,4, -191,1
-582,1, -220,3
-577,6, -208,2
-492,4, -217,4
-544,6, -219,9
-594,5, -208,0
-578,6, -213,3
-560,4, -206,9
-578,3, -222,5
-592,8, -251,6
-598,6, -255,8
-586,9, -251,6
-580,2, -260,7
-562,9, -262,9
-556,1, -264,0
-479,0, -213,0
-28,3, 274,3
-175,1, -230,9
-140,5, -182,2
95,8, -179,9
292,0, -111,2
332,3, -109,2
363,9, -86,0
500,4, -21,6
479,2, -23,9
515,6, -8,4
565,8, 12,4
608,0, 19,5
578,5, 25,3
553,0, 117,3
529,6, 150,1
-10,6, 135,0
-19,5, 102,1
-13,9, 113,3
2,9, 124,4
-25,9, 155,4
8,2, 269,3
34,4, 319,9
36,7, 322,7
-72,0, 205,4
-145,5, 147,7
-154,8, 136,8
-150,9, 139,8
0,5, 262,8
28,5, 297,0
52,0, 304,1
73,5, 325,5
192,1, 382,1
243,7, 404,8
424,7, 476,9
446,3, 473,6
475,7, 512,2
470,5, 503,3
477,8, 509,3
455,4, 485,1
462,5, 486,7
524,2, 458,5
68,8, 276,0
55,8, 281,6
15,2, 269,8
-18,6, 276,6
41,8, 327,4
22,6, 307,6
57,7, 341,4
67,3, 338,9
64,3, 344,4
-204,7, 218,7
-254,9, 164,8
-335,7, 109,5
-26,9, 696,9
-36,6, 702,2
-20,8, 714,0
-16,1, 722,3
15,1, 519,4
-202,5, 319,4
-65,1, 310,8
-59,4, 273,2
-141,0, 221,8
-172,8, 208,6
-180,5, 206,1
-203,5, 196,2
-214,7, 189,1
-173,6, 204,6
-186,6, 196,4
-186,1, 184,8
-200,7, 177,8
-196,0, 195,3
-184,7, 193,9
-186,2, 190,5
-200,0, 174,8
-184,5, 167,2
-305,6, 142,9
-307,0, 147,9
-307,0, 147,9
-314,5, 114,9
-275,5, 127,4
-67,7, -19,5
-171,4, 35,7
-270,1, 38,5
-234,1, -15,7
-233,8, -14,1
-293,0, 44,9
-147,5, 354,8
-170,2, 599,9
-95,8, 823,3
37,2, 990,2
65,0, 1024,3
192,2, 1145,5
295,8, 1208,2
346,2, 1225,1
297,2, 1231,0
231,5, 1210,0
230,2, 1205,6
114,6, 1198,0
74,4, 1243,9
67,5, 1251,6
45,0, 1255,6
-5,4, 1263,0
-14,6, 1268,6
-50,3, 1272,6
-71,8, 1268,8
-102,1, 1261,0
-122,6, 1255,4
-149,8, 1245,9
-159,5, 1243,0
-148,1, 1251,2
-156,2, 1246,1
-162,8, 1240,1
-173,1, 1236,3
-194,3, 1230,5
-198,7, 1237,2
-180,7, 1236,1
-186,7, 1232,2
-205,8, 1012,9
-199,0, 955,2
-396,3, 835,0
-366,8, 846,9
-351,7, 849,6
-133,9, 922,5
-231,4, 895,0
-259,3, 887,7
-162,4, 949,2
-170,4, 1068,4
-210,6, 1159,2
-221,1, 1203,2
-195,2, 1265,2
-175,5, 1277,2
-97,8, 1297,4
-97,4, 1301,6
-142,5, 1297,9
-177,6, 1292,4
-184,4, 1290,1
-189,0, 1286,7
-197,7, 1286,2
-193,8, 1284,9
-199,8, 1280,8
-190,7, 1282,9
-175,3, 1280,4
-163,7, 1281,7
-173,5, 1271,7
-204,6, 1257,4
-198,0, 1261,7
-198,7, 1263,9
-188,1, 1286,6
-194,9, 1289,6
-204,4, 1285,9
-206,0, 1285,5
-232,4, 1273,7
-231,8, 1271,5
-203,5, 1277,6
-181,0, 1281,8
-179,1, 1280,8
-176,7, 1283,3
-174,0, 1283,0
-177,9, 1282,6
-201,3, 1276,1
-211,5, 1271,4
-206,3, 1271,2
-189,6, 1267,7
-166,6, 1263,1
-307,9, 964,7
-329,2, 834,2
-351,1, 881,0
-620,0, 65,9
-674,8, -133,2
-674,8, -133,2
-674,8, -133,2
-629,4, -185,5
-629,4, -185,5
-629,4, -185,5
-629,4, -185,5
-677,0, -205,0
-646,1, -193,0
-646,1, -193,0
-649,5, -175,6
-539,1, 43,2
-518,5, 61,1
-467,6, 146,4
-454,1, 171,1
-366,6, 225,1
-357,7, 231,3
101,2, 338,8
451,6, 505,5
435,2, 489,0
284,9, 301,3
316,1, 354,1
355,5, 417,0
359,4, 421,3
419,1, 447,1
422,6, 456,0
417,6, 455,2
425,4, 452,1
434,5, 443,6
437,7, 423,7
398,5, 356,4
391,5, 348,5
385,4, 343,2
387,0, 344,4
395,7, 349,0
419,3, 355,3
407,4, 352,5
410,2, 353,9
434,7, 361,7
447,9, 362,2
473,1, 371,4
508,8, 385,5
1077,7, 1627,8
1169,6, 2107,2
1217,2, 2314,8
1240,0, 2417,3
1294,5, 2732,2
1302,2, 2786,1
1303,1, 2895,8
1310,5, 3100,0
1311,2, 3119,6
1310,4, 3113,0
1302,9, 3063,6
1300,1, 3050,0
1286,8, 2988,7
1280,9, 2960,4
1289,6, 2968,9
1275,0, 2956,7
1243,0, 2856,0
1235,7, 2844,3
373,1, 1316,2
248,3, 987,7
10,5, 543,7
-125,3, 287,5
-160,7, 244,5
-102,5, 220,1
-116,0, 144,6
-83,3, 187,0
-122,5, 289,6
116,5, 636,3
141,8, 651,1
232,9, 744,3
232,5, 742,9
202,6, 714,1
-128,6, 553,8
-147,0, 557,4
-111,7, 805,9
44,5, 983,2
44,2, 1011,6
101,2, 1057,2
93,9, 1050,5
126,6, 1063,3
110,2, 1058,8
191,3, 1065,8
193,9, 1072,2
196,2, 1073,1
173,6, 1079,9
169,2, 1082,0
165,7, 1085,9
159,2, 1088,0
159,5, 1088,3
168,5, 1070,7
137,3, 1068,9
122,3, 1070,8
79,3, 1060,2
78,8, 965,5
-33,8, 925,9
-23,5, 919,9
-15,7, 922,7
29,3, 936,9
-33,6, 925,8
90,9, 956,7
149,4, 953,7
145,2, 952,8
117,9, 947,4
13,7, 924,5
59,9, 963,5
167,4, 1011,5
91,0, 970,9
649,8, 1146,9
745,7, 1169,5
867,9, 1190,3
866,0, 1180,3
875,2, 1169,6
875,6, 1169,9
876,2, 1159,5
869,8, 1153,2
1003,7, 1143,3
1081,2, 1111,8
1112,5, 1119,5
1150,1, 1089,4
1156,7, 1089,7
1172,9, 1094,3
1191,3, 1099,8
1229,2, 1105,5
1216,4, 1088,3
1158,1, 1066,1
500,2, 947,9
431,1, 909,3
99,1, 841,6
185,8, 858,4
-82,7, 792,1
-114,5, 787,0
-132,2, 784,8
-246,7, 725,2
-231,4, 748,7
-289,5, 682,3
-365,2, 679,7
-324,4, 692,8
-324,0, 683,1
-259,6, 654,3
-88,1, 684,4
950,1, 934,2
1197,1, 994,0
1490,5, 993,9
1466,7, 975,4
1545,9, 972,3
1545,5, 976,5
1545,1, 977,1
1526,5, 991,1
1534,2, 996,2
1536,9, 986,3
1533,8, 969,7
1553,1, 984,7
1557,4, 982,7
1560,4, 975,5
1550,6, 956,4
1553,2, 965,2
1533,7, 951,7
1534,3, 951,7
1530,4, 946,6
1551,7, 966,2
1578,8, 992,9
1548,7, 961,0
1521,2, 914,5
1520,2, 912,6
1514,7, 912,2
1506,1, 915,4
1506,3, 915,0
1504,9, 897,0
1513,1, 903,5
1524,5, 904,6
1524,8, 914,3
1527,7, 911,0
1529,6, 896,8
1529,3, 910,9
1522,3, 882,5
1518,6, 880,1
1459,0, 863,4
1455,8, 861,6
458,8, 990,6
-251,3, 1156,4
-308,0, 1138,4
-324,8, 1174,9
-285,0, 1171,7
-165,0, 1210,0
-135,6, 1225,1
-123,9, 1227,6
-99,6, 1238,6
-167,7, 1238,2
-338,4, 1208,8
-479,2, 1176,5
-442,3, 1184,0
-445,4, 1181,7
-400,9, 1196,5
-438,8, 1187,4
-382,3, 1196,6
-335,8, 1205,6
-385,7, 1197,4
-376,3, 1211,7
-505,0, 1166,4
-442,4, 1166,8
-428,5, 1164,6
-421,7, 1157,2
-405,7, 1162,2
-305,6, 1181,3
-267,8, 1195,6
-139,7, 1215,8
-152,7, 1216,1
-129,0, 1225,7
-65,8, 1233,8
-51,8, 1236,3
5,1, 1248,2
-10,7, 1247,3
-8,7, 1189,1
89,5, 1203,4
126,4, 816,8
115,8, 676,9
63,2, 1248,6
-14,2, 1296,2
-47,1, 1304,9
39,9, 758,4
53,9, 696,2
54,6, 699,7
48,7, 703,1
10,0, 992,4
1,8, 1753,8
4,4, 1784,9
312,0, 1385,8
355,2, 1349,4
410,3, 1268,0
402,5, 1265,8
72,1, 1299,2
68,9, 1299,6
76,1, 1300,1
105,6, 1300,7
112,5, 1300,1
137,6, 1298,3
166,9, 1303,5
161,9, 1275,0
208,8, 1226,6
249,8, 1043,2
180,7, 1159,9
202,2, 1135,0
140,8, 1221,7
145,1, 1229,0
131,1, 1159,2
277,5, 1018,9
270,9, 918,4
270,0, 880,9
207,6, 389,9
195,5, 375,7
205,9, 388,2
46,1, 239,1
88,2, 271,2
56,0, 223,3
5,1, 162,2
12,8, 159,1
-14,8, 158,6
-14,6, 146,9
-5,1, 143,8
3,0, 142,4
-1,0, 147,8
-29,8, 125,4
-263,2, -43,7
-401,1, -152,5
-418,5, -228,9
-350,8, -202,9
-372,1, -238,9
-383,4, -230,0
-385,8, -224,1
-379,3, -224,2
-369,5, -222,1
-358,6, -205,2
-340,5, -175,1
-373,5, -210,8
-394,6, -236,1
-409,6, -250,4
-444,7, -244,1
-336,4, -9,4
-293,0, 82,7
-294,5, 86,7
-324,3, 74,3
-325,9, 65,3
-317,6, 54,1
-279,0, 75,6
-319,4, 50,8
-308,4, 64,2
-291,9, 78,7
-311,0, 57,8
-320,1, 48,4
-236,9, 223,4
-3,3, 503,0
-105,9, 551,7
-262,3, 634,7
-34,4, 921,7
67,5, 968,4
162,7, 1255,9
327,3, 1441,3
236,1, 1487,4
220,6, 1518,4
227,3, 1534,8
96,1, 1520,4
25,4, 1501,7
79,0, 1535,0
46,5, 1519,4
55,6, 1528,2
4,0, 1328,4
100,1, 1128,0
132,7, 1258,2
122,3, 1312,8
96,5, 1526,2
112,9, 1454,0
143,8, 1268,5
137,2, 1331,9
115,5, 1540,0
81,2, 1535,8
88,6, 1491,6
-114,7, 1353,7
71,7, 960,0
30,8, 945,3
-34,4, 1064,6
9,5, 958,3
-40,5, 1095,0
130,8, 1221,1
153,4, 1063,5
124,0, 1218,9
140,4, 1229,2
145,8, 1224,5
142,6, 1209,6
155,3, 1036,8
136,7, 1205,1
148,4, 1095,1
155,4, 1133,6
54,1, 1130,8
62,2, 1125,6
72,0, 1060,5
49,5, 1029,5
66,5, 801,0
123,9, 717,5
184,6, 643,9
196,3, 599,7
172,6, 587,0
188,5, 592,6
181,4, 590,1
177,7, 586,0
175,3, 580,7
167,7, 575,8
170,1, 575,8
101,9, 529,5
-120,7, 440,7
-88,4, 472,8
-69,4, 473,9
-68,3, 467,7
-111,9, 415,5
-188,9, 300,2
110,0, 445,4
24,1, 402,3
53,8, 407,1
-88,9, 331,2
-117,6, 301,5
-120,3, 289,7
-235,3, 230,4
-178,9, 201,7
-221,7, 155,8
-258,0, 127,6
-375,3, -36,3
-379,0, -80,0
-350,0, -73,8
-373,1, -94,3
-508,8, -140,4
-608,0, -191,8
-531,4, -164,0
-531,4, -164,0
-155,0, 63,2
84,5, 204,2
74,2, 199,5
43,3, 174,9
-542,6, -152,8
-551,0, -169,5
-551,1, -171,0
-570,4, -205,1
-596,0, -193,9
-596,0, -193,9
-596,0, -193,9
-588,6, -103,1
-633,6, -122,9
-619,5, -112,2
-647,2, -123,9
-582,0, -84,6
-592,1, -87,4
-598,9, -112,0
-612,2, -120,4
-612,2, -120,4
-234,7, 989,9
-191,4, 1017,5
-204,4, 1051,6
-156,4, 1066,4
-149,5, 1063,5
-122,0, 1089,3
-90,3, 1092,5
-9,8, 1098,2
31,0, 1104,5
-10,5, 1104,3
-3,6, 1114,1
-0,9, 1116,6
-2,0, 1111,1
9,2, 1112,1
46,5, 1111,9
31,8, 1094,5
62,7, 1088,8
51,8, 1079,3
55,0, 1073,4
24,5, 1064,3
15,0, 1052,4
-22,9, 1048,7
2,7, 1044,3
3,8, 1049,3
-7,3, 1046,6
11,7, 1054,5
-35,3, 1040,4
-17,1, 1043,5
16,3, 1049,3
-47,3, 1035,3
18,8, 1048,3
13,6, 1048,1
28,6, 1051,5
6,6, 1046,5
56,1, 1064,1
41,8, 1065,2
68,4, 1075,6
63,8, 1070,3
116,0, 1010,1
425,4, 789,3
597,5, 667,8
524,5, 794,5
198,5, 1355,7
218,4, 1310,6
166,4, 1380,4
154,9, 1374,7
143,7, 1372,2
144,6, 1372,4
164,2, 1379,1
166,1, 1381,0
167,5, 1381,4
172,9, 1382,3
168,5, 1382,6
168,2, 1382,6
166,8, 1382,4
161,4, 1377,8
158,7, 1379,6
160,0, 1381,4
158,9, 1383,1
159,1, 1379,2
160,1, 1373,9
160,8, 1371,0
159,9, 1372,3
156,2, 1371,5
155,1, 1371,8
154,6, 1371,6
150,8, 1365,8
155,0, 1363,6
150,9, 1360,4
150,4, 1362,1
150,9, 1366,3
149,7, 1366,0
152,8, 1371,3
152,1, 1370,8
431,9, 1392,9
472,5, 1396,4
521,9, 1403,2
715,7, 1432,9
717,7, 1432,4
732,8, 1432,0
753,8, 1432,8
769,0, 1432,7
760,2, 1430,4
770,6, 1430,9
687,5, 1220,8
300,8, 695,5
158,2, 821,0
61,1, 1091,2
-63,9, 1212,7
7,0, 1059,2
7,0, 1045,5
-80,4, 1233,0
-103,4, 1278,8
-91,5, 1283,0
-87,0, 1244,5
-82,2, 1259,0
126,0, 1065,4
509,3, 818,8
699,1, 752,9
722,6, 737,7
793,8, 724,4
817,6, 717,1
842,0, 632,0
838,3, 619,4
817,9, 599,8
729,2, 492,1
739,1, 503,6
722,4, 477,2
723,1, 475,1
727,8, 479,4
726,1, 477,2
727,4, 476,1
727,9, 475,8
726,9, 475,1
715,5, 476,0
709,4, 474,1
702,5, 467,1
711,8, 472,9
713,4, 472,5
713,9, 463,8
719,9, 462,1
711,0, 448,9
709,5, 447,8
699,7, 444,3
699,8, 444,4
279,1, 266,9
246,9, 255,9
159,9, 203,5
135,0, 181,9
123,2, 173,6
130,8, 191,2
123,2, 184,4
116,1, 205,5
118,1, 212,0
119,3, 222,9
156,2, 255,4
160,0, 260,6
205,5, 302,1
218,5, 317,8
226,1, 333,3
227,1, 334,1
233,6, 333,1
249,5, 347,7
255,9, 351,2
279,4, 372,9
256,4, 349,7
239,2, 330,2
262,4, 356,7
188,9, 288,6
215,8, 310,0
191,5, 262,7
210,3, 290,3
168,3, 249,0
151,5, 231,2
182,3, 263,3
121,5, 210,0
128,6, 233,6
84,1, 217,3
-172,5, -18,2
-226,1, -83,3
-250,6, -74,2
-231,6, -84,5
-231,6, -84,5
-459,5, 272,8
-396,9, 336,6
-356,3, 356,0
-364,1, 337,9
-400,4, 281,2
-405,3, 273,1
-414,9, 267,4
-413,9, 268,0
-416,5, 266,4
-401,1, 274,2
-413,0, 229,2
-417,5, 222,2
-471,7, 149,0
-478,1, 124,8
-486,9, 102,7
-481,4, 110,2
-456,7, 109,6
-346,6, 74,3
-345,6, 113,7
-270,1, 60,7
-377,0, 95,6
-334,1, 77,7
-410,7, 133,5
-369,5, 184,4
-356,3, 207,4
-367,7, 212,9
-374,5, 208,5
-383,8, 208,7
-403,2, 193,7
-407,5, 189,1
-484,7, 130,8
-483,4, 131,6
-466,7, 133,3
-463,5, 134,3
-455,9, 140,2
-433,5, 190,2
-424,5, 216,4
-439,6, 208,5
-451,6, 195,5
-448,3, 189,5
-460,0, 183,1
-447,2, 197,3
-441,1, 203,2
-435,6, 221,8
-437,0, 254,3
-458,1, 301,8
-469,6, 332,0
-487,1, 336,5
-479,1, 345,9
-389,9, 393,4
-351,9, 413,2
-351,6, 412,2
-277,6, 454,7
-268,4, 466,8
-266,4, 468,2
-266,9, 472,1
-274,3, 463,4
-270,4, 464,6
-174,2, 480,6
64,3, 524,2
347,0, 620,0
389,8, 635,1
612,0, 712,6
602,3, 703,1
664,5, 765,7
607,0, 713,1
659,5, 757,8
625,5, 725,9
632,2, 728,6
633,2, 725,3
593,6, 689,2
566,6, 660,5
550,5, 649,0
508,6, 629,0
464,6, 591,5
495,8, 619,5
480,1, 609,0
450,2, 577,4
432,8, 554,6
440,6, 552,0
431,9, 538,9
435,5, 539,9
439,9, 545,7
442,4, 548,6
428,4, 535,0
329,2, 527,1
145,0, 522,4
26,8, 497,2
-84,6, 488,7
-5,2, 512,2
-140,2, 478,6
-188,4, 414,2
-182,4, 424,2
-179,0, 429,1
-169,7, 445,7
26,3, 483,9
505,1, 596,2
520,3, 599,0
739,3, 641,2
683,3, 630,0
988,7, 696,1
1145,3, 717,7
1148,5, 694,2
1146,2, 694,0
1158,6, 685,2
1156,2, 675,2
1158,1, 674,9
1159,5, 676,1
1154,5, 672,6
1099,3, 611,7
1099,2, 612,7
1097,1, 609,4
1114,7, 625,6
1093,5, 592,2
1077,8, 600,7
1079,9, 606,8
870,1, 558,0
846,3, 517,8
876,6, 491,3
749,4, 472,8
527,5, 440,1
440,3, 424,8
318,7, 406,5
304,3, 383,5
292,7, 370,7
315,6, 404,5
320,3, 392,2
321,6, 393,5
321,7, 383,6
329,2, 380,4
330,3, 384,0
331,1, 384,1
332,6, 385,0
335,0, 383,7
340,3, 389,9
358,7, 404,0
402,4, 418,8
389,4, 417,3
422,8, 428,4
434,3, 452,6
432,7, 450,1
349,9, 418,6
239,5, 348,1
367,1, 401,2
349,8, 397,9
386,3, 420,9
419,8, 463,1
432,0, 481,6
435,0, 495,7
442,0, 504,2
482,9, 525,0
530,5, 539,1
549,5, 572,5
543,5, 561,4
545,8, 564,9
548,7, 575,3
491,9, 584,1
341,1, 581,2
329,0, 581,1
312,5, 577,7
278,7, 575,7
-69,2, 526,3
-115,4, 499,7
-261,7, 462,6
-219,2, 493,5
-191,3, 502,1
-28,8, 574,1
58,9, 611,0
-23,5, 581,3
-1,4, 574,6
65,3, 587,5
36,9, 579,0
14,1, 559,3
-224,9, 473,0
-111,7, 506,6
-230,7, 462,1
-140,4, 481,3
-234,3, 451,0
-123,4, 486,6
-233,6, 453,2
-144,7, 486,3
-251,4, 436,5
-106,9, 490,9
-76,6, 440,0
-144,5, 421,1
-79,8, 426,0
-197,5, 399,4
-148,9, 408,0
-38,5, 444,1
-62,2, 411,5
-156,6, 379,3
-160,5, 377,1
-161,2, 383,7
-150,8, 404,9
-143,1, 408,1
-139,5, 408,4
-140,1, 412,2
-148,2, 423,0
-169,4, 420,0
-162,3, 424,2
-183,8, 392,6
-207,7, 377,6
-212,0, 376,2
-215,5, 386,4
-214,3, 382,6
-257,8, 356,0
-299,2, 345,9
-300,3, 337,2
-368,8, 263,9
-352,8, 268,5
-321,9, 301,0
-276,2, 257,6
-243,6, 301,1
-79,8, 367,8
14,8, 438,3
181,9, 523,9
265,3, 575,2
422,1, 654,6
572,0, 735,4
598,3, 749,7
711,9, 801,4
753,8, 815,5
789,3, 823,0
768,6, 777,8
749,0, 756,8
715,8, 700,8
719,6, 698,0
725,2, 706,4
762,6, 711,9
801,0, 724,2
824,2, 715,5
836,0, 719,2
852,0, 719,2
857,2, 719,8
865,3, 719,9
905,9, 726,4
905,5, 724,5
913,7, 726,3
917,3, 726,5
958,4, 723,8
998,4, 778,0
1078,8, 868,7
1208,6, 1011,0
1219,6, 1043,7
1372,0, 1352,8
1618,0, 1823,0
1790,9, 2186,6
1865,5, 2301,6
1867,1, 2301,5
1963,3, 2432,6
1920,1, 2369,6
2031,9, 2524,2
2076,8, 2596,1
2119,2, 2627,9
2138,2, 2652,0
2172,4, 2703,7
2172,3, 2704,5
2164,2, 2714,5
2150,1, 2768,4
1578,4, 2192,2
1493,3, 2176,5
887,6, 1740,9
952,1, 1830,9
501,6, 1405,5
309,4, 1250,0
17,8, 1008,1
-16,2, 979,7
-180,6, 839,9
-204,0, 825,2
-240,2, 806,6
-235,9, 802,2
-142,7, 854,6
-109,4, 862,7
-64,0, 873,1
28,6, 896,4
74,1, 910,7
94,0, 923,5
113,2, 934,6
118,1, 923,1
170,9, 940,8
162,2, 934,3
175,7, 944,8
0,0, 952,2
5,3, 994,3
19,2, 994,3
-51,9, 1063,0
-218,1, 1066,8
-380,9, 1080,5
-405,0, 1085,0
-405,7, 1108,1
-430,9, 1079,8
-363,5, 1094,3
-347,9, 1086,2
-375,8, 1079,7
-404,6, 1072,6
-386,5, 1087,6
-305,7, 1115,3
-259,5, 1129,1
-189,2, 1146,6
-165,8, 1150,0
-84,4, 1161,4
-23,9, 1179,1
-29,9, 1178,4
-23,2, 1180,7
-54,9, 1173,0
4,0, 1184,3
-36,1, 1177,9
19,7, 1195,5
-20,2, 1185,4
31,2, 1200,4
17,1, 1196,4
25,2, 1193,4
-12,7, 1179,9
-11,8, 1177,9
9,2, 1180,8
-34,2, 1170,7
-18,8, 1173,7
-8,8, 1174,8
40,1, 1183,9
135,0, 1222,2
50,9, 1194,0
48,5, 1154,1
-196,3, 965,1
-195,6, 965,3
-0,3, 919,5
40,5, 987,8
-120,5, 977,8
-184,0, 953,8
-223,5, 1060,7
-184,8, 1114,7
-29,3, 1136,8
-62,6, 1128,0
-138,3, 1113,9
-102,1, 1119,8
67,5, 1147,5
112,6, 1165,3
81,1, 1157,1
43,7, 1157,4
12,6, 1151,1
48,1, 1161,2
-2,7, 1148,9
29,1, 1152,2
-40,0, 1140,1
22,5, 1146,7
56,1, 1138,8
-0,8, 1132,7
33,0, 1136,6
-58,6, 1124,3
-30,9, 1129,0
49,8, 1141,4
-13,8, 1128,3
40,5, 1134,8
-9,1, 1125,5
-18,2, 1116,6
-66,4, 1114,5
-39,9, 1119,3
-69,2, 1111,6
-31,5, 1115,6
-57,4, 1112,5
-19,6, 1113,2
-72,3, 1112,6
-2,8, 1111,2
40,6, 1124,1
23,1, 1121,8
29,0, 1119,5
-38,7, 1110,7
-14,5, 1106,6
45,8, 1107,8
35,1, 1107,2
39,6, 1110,0
-100,1, 1097,5
-15,3, 1109,8
-52,3, 1108,8
-14,2, 1113,2
-43,8, 1109,4
-12,3, 1110,0
-81,3, 1099,9
-95,9, 1098,7
-96,3, 1102,2
-21,6, 1121,9
87,1, 982,8
204,2, 931,8
87,6, 595,2
89,0, 526,6
119,5, 511,0
219,6, 574,4
16,4, 382,8
17,0, 374,4
31,8, 362,5
34,1, 374,9
41,3, 369,2
36,7, 378,6
31,0, 389,2
33,7, 391,0
50,0, 401,8
97,5, 426,3
136,6, 444,7
170,5, 459,6
204,3, 465,5
208,3, 473,0
251,3, 495,6
290,0, 523,5
342,8, 576,0
408,4, 625,2
410,8, 633,1
398,0, 621,2
361,2, 602,0
301,4, 570,5
384,0, 624,9
267,3, 576,4
159,0, 569,3
50,5, 478,1
30,2, 467,1
41,5, 485,5
107,1, 537,3
119,5, 546,7
131,1, 529,8
300,5, 278,0
356,9, 250,4
578,3, 446,1
805,7, 559,9
949,2, 609,6
1240,5, 703,0
1590,6, 710,5
1536,3, 720,5
1371,8, 789,3
1687,5, 786,5
1680,3, 855,7
1940,7, 881,4
2058,7, 888,5
2172,6, 918,5
2217,4, 892,2
2285,8, 906,3
2323,6, 837,3
2308,7, 865,3
2196,9, 822,2
2164,3, 838,0
1868,4, 789,6
1785,0, 780,4
1564,5, 742,0
884,3, 613,5
783,9, 639,4
654,1, 618,2
652,5, 617,1
654,6, 616,6
670,0, 631,0
656,6, 616,3
667,9, 627,1
661,0, 618,8
661,9, 618,9
649,9, 606,3
633,2, 590,6
651,2, 627,5
621,8, 597,2
637,2, 615,2
632,5, 610,3
621,8, 588,2
626,0, 587,5
637,2, 580,4
637,0, 584,3
642,2, 584,5
654,0, 602,3
652,0, 584,0
644,4, 583,2
622,8, 577,6
596,7, 568,7
362,8, 483,4
93,6, 391,1
276,3, 1771,6
-229,8, 544,9
-258,9, 522,8
-414,0, 100,3
-428,1, 93,2
-440,0, 62,6
-470,9, 27,0
-466,3, 29,0
-428,0, 73,5
-510,1, 31,7
-478,5, 43,7
-515,0, 26,1
-454,6, 82,8
-378,7, 103,0
-85,7, 294,1
-283,9, 228,7
-295,9, 256,7
-328,0, 234,4
-254,0, 296,1
-238,7, 310,3
-169,5, 373,3
-155,1, 388,9
-154,6, 397,7
-151,8, 400,7
-147,4, 402,3
-147,2, 403,3
-167,9, 351,2
-166,0, 345,1
-168,4, 342,6
-182,8, 333,2
-201,3, 304,2
-238,4, 282,3
-221,6, 300,8
-237,3, 292,7
-300,7, 333,1
-307,7, 333,0
-301,6, 328,7
-283,0, 334,1
-254,4, 363,8
-248,9, 368,6
-249,2, 402,2
-252,8, 407,7
-254,6, 422,5
-256,9, 431,3
-308,8, 443,0
-384,6, 337,1
-432,6, 723,5
-393,4, 764,0
-413,0, 752,3
-420,4, 758,6
-411,6, 768,3
-442,3, 753,4
-425,8, 755,8
-420,1, 777,6
-424,8, 780,5
251,1, 786,4
419,8, 780,4
670,4, 790,9
683,8, 780,6
666,8, 776,1
735,1, 780,2
824,8, 760,0
842,9, 742,3
869,7, 729,4
1113,9, 643,4
1161,5, 634,6
1586,1, 553,8
1548,0, 557,2
1702,4, 542,9
2315,3, 508,4
2346,9, 511,4
2535,9, 516,4
2649,6, 520,8
2665,6, 505,7
2669,0, 502,7
2833,8, 431,6
2869,3, 400,6
2978,7, 319,8
2976,1, 323,3
2980,5, 320,5
2979,2, 327,4
3015,0, 306,9
3059,6, 291,6
3079,9, 284,6
3104,7, 289,6
3097,5, 298,8
3077,0, 310,4
3069,2, 316,2
3052,9, 327,6
3041,9, 331,5
3032,0, 336,8
3035,1, 329,7
3028,3, 329,5
3022,7, 324,1
2926,8, 311,4
2748,7, 231,2
2543,2, 86,4
2461,5, -93,1
2471,1, -42,1
2461,8, -30,6
2462,0, -64,9
2461,8, -54,0
2465,0, -34,5
2469,8, -59,0
2473,5, -75,8
2500,0, -114,1
2507,7, -111,3
2506,2, -69,8
2523,7, -97,8
2542,6, -88,4
2571,6, -93,1
2814,1, -94,5
2899,5, -120,4
3475,9, -216,7
3651,4, -269,0
3662,8, -284,7
3499,3, -259,0
1336,9, -269,2
1373,8, -223,1
1383,9, -226,4
1391,6, -199,0
1375,6, -212,4
1365,6, -198,9
1355,6, -192,8
1350,9, -185,8
1328,8, -184,4
1286,7, -183,6
1294,5, -195,4
1288,3, -196,3
1286,3, -197,2
1327,8, -224,6
1343,1, -233,1
1375,1, -247,1
1395,6, -254,7
1399,3, -255,9
1407,1, -259,8
1407,2, -260,1
1396,8, -249,8
1398,0, -250,9
1399,4, -252,0
1399,4, -252,0
1390,1, -244,1
1396,9, -268,2
1398,7, -274,7
1400,1, -279,4
1400,9, -282,3
1400,9, -282,3
1400,9, -282,3
1402,2, -282,1
2071,9, -169,9
2079,1, -169,8
2210,6, -150,5
2254,8, -142,9
2316,9, -114,9
2581,0, 243,2
2596,5, 354,2
2601,9, 329,6
2578,1, 426,2
2528,4, 701,2
2493,5, 863,1
2447,5, 1354,5
2388,1, 1675,4
2382,5, 1955,0
2371,6, 2070,1
2352,7, 2922,6
2375,6, 2815,1
2318,9, 2653,3
2249,2, 2522,5
1836,3, 1648,9
1836,7, 1653,9
1814,5, 1589,8
2396,4, 2891,4
2430,5, 2936,7
2451,9, 2983,4
-663,5, -20,1
-625,8, 440,0
-602,4, 457,1
-582,4, 466,5
-623,1, 455,1
-631,3, 454,0
-624,3, 416,9
-636,3, 433,7
-583,9, 466,0
-570,1, 469,9
-570,1, 469,9
-506,8, -76,7
-462,3, -130,3
-446,9, -140,9
-437,7, -133,9
-450,3, -187,1
-450,3, -187,1
-450,3, -187,1
-450,3, -187,1
-615,9, -90,1
-380,0, 78,6
-346,1, 94,5
-295,4, 112,8
76,2, 261,1
279,5, 351,6
527,7, 487,5
576,2, 505,3
527,1, 473,2
554,3, 493,2
639,4, 537,0
612,8, 522,1
692,9, 556,3
693,4, 540,1
665,8, 527,3
683,7, 528,2
669,0, 525,4
585,8, 510,4
90,7, 446,4
-203,0, 378,5
-218,0, 384,4
-260,3, 382,2
-226,8, 394,6
-225,6, 386,9
-214,8, 396,2
-250,5, 396,4
-242,3, 410,6
-167,3, 459,6
-154,7, 467,3
-82,0, 507,7
-83,8, 497,7
-68,2, 495,9
-69,9, 492,5
-69,7, 492,6
-58,6, 964,0
-42,8, 998,1
-29,8, 1049,7
22,1, 1121,3
62,1, 1143,0
18,7, 1131,4
45,1, 1138,1
97,4, 1159,5
50,1, 1155,3
64,3, 1156,7
83,0, 1157,1
39,4, 1146,1
112,2, 1165,0
40,1, 1147,4
35,9, 1145,0
-12,2, 1133,5
36,0, 1141,2
21,0, 1137,9
-15,8, 1124,2
16,4, 1131,9
1,7, 1126,7
32,9, 1132,0
35,3, 1132,7
-16,1, 1121,0
114,5, 1164,8
160,8, 1109,2
190,1, 1076,3
127,6, 1089,4
290,1, 1035,7
307,9, 1014,8
312,0, 983,3
331,0, 971,1
352,3, 953,6
338,1, 953,7
311,5, 934,4
299,8, 930,2
309,6, 932,9
334,7, 938,6
305,9, 917,5
308,2, 923,4
225,2, 954,9
169,4, 971,5
3,5, 1059,5
-30,8, 1078,3
-137,8, 1182,2
-248,2, 1231,1
-254,7, 1231,7
-235,0, 1235,3
-211,5, 1245,2
-224,3, 1238,2
-168,3, 1235,3
-171,5, 1229,5
-152,6, 1226,3
-119,1, 1231,2
-78,7, 1237,0
-183,6, 1262,5
-224,0, 1267,1
-228,9, 1266,7
-367,3, 1264,4
-397,5, 1263,4
-389,1, 1264,3
-346,7, 1256,5
-321,7, 1269,3
-288,8, 1274,4
-267,9, 1277,5
-250,3, 1279,6
-227,0, 1281,8
-214,7, 1284,3
-165,1, 1291,9
-131,1, 1299,1
-124,0, 1297,6
-63,3, 1304,7
-59,7, 1301,0
-17,2, 1306,1
29,2, 1313,0
39,6, 1317,2
10,7, 1309,9
9,2, 1313,8
6,6, 1311,1
9,1, 1304,8
-9,4, 1301,7
7,8, 1306,8
-1,5, 1304,2
19,9, 1311,3
-23,6, 1281,4
-65,4, 1263,0
-82,5, 1256,0
-72,9, 1256,8
-74,5, 1256,1
-28,3, 1260,1
-56,8, 1253,9
-58,7, 1254,3
-57,8, 1251,7
-47,0, 1247,0
20,6, 1243,2
12,3, 1236,3
34,4, 1234,1
21,2, 1229,1
58,9, 1208,5
80,5, 1203,6
48,4, 1198,6
111,0, 1210,4
87,9, 1204,7
79,7, 1196,0
52,9, 1193,1
91,7, 1194,2
74,5, 1192,1
96,3, 1197,2
60,9, 1187,8
138,7, 1123,9
104,7, 1145,4
366,6, 982,2
366,9, 982,2
382,2, 979,3
297,4, 1069,9
326,3, 1153,0
433,5, 1096,4
744,4, 1042,9
826,9, 1018,0
1037,7, 964,0
1039,8, 967,8
1235,8, 895,7
1878,0, 631,2
1899,2, 615,1
1918,9, 601,1
1938,3, 592,0
1936,8, 588,7
1928,4, 559,0
1941,6, 535,9
1951,7, 502,5
1948,7, 505,4
1947,7, 501,0
1954,1, 478,8
1958,6, 469,7
1969,9, 448,4
1977,7, 435,0
2011,7, 383,4
2026,1, 369,5
2027,0, 359,8
2029,6, 301,8
2030,1, 304,2
2033,5, 309,7
2057,4, 280,8
2085,0, 271,9
2073,6, 286,4
2201,3, 237,0
2365,2, 205,0
2421,2, 197,2
2513,2, 180,3
2675,1, 153,5
2612,2, 195,0
2640,6, 189,9
2659,9, 183,5
2635,4, 199,7
2636,0, 207,3
2631,3, 195,9
2639,2, 193,0
2643,8, 191,4
2648,3, 191,5
2644,4, 191,3
2652,9, 192,2
2633,9, 196,5
2648,3, 195,0
2642,6, 182,2
2607,7, 181,0
2450,0, 105,8
2372,4, 76,3
2391,7, 96,2
2347,8, 67,6
2196,4, -32,7
2219,2, -21,0
2213,3, -28,7
2216,7, -40,3
2181,1, -41,5
2183,3, -33,9
1984,4, -48,4
1939,6, -52,8
112,5, -247,1
128,7, -228,9
122,9, -235,5
120,3, -238,3
97,9, -241,4
93,9, -237,2
92,5, -236,7
93,9, -238,7
94,0, -238,8
97,0, -237,9
112,5, -233,2
112,5, -233,2
-655,5, -38,7
-655,5, -38,7
-655,5, -38,7
-657,0, -5,4
-657,7, 9,2
-657,7, 9,2
-642,3, -85,3
-642,3, -85,3
-642,3, -85,3
-638,4, -79,9
-592,9, -16,3
-570,4, 4,6
-240,3, 161,3
-280,4, 138,5
-70,5, 225,8
179,9, 320,2
454,5, 433,9
585,7, 485,5
536,6, 464,8
541,8, 465,1
671,8, 533,3
668,1, 531,1
813,4, 654,2
833,9, 679,9
844,1, 690,5
860,5, 708,7
866,4, 701,1
867,9, 701,5
866,3, 715,4
864,5, 728,9
810,9, 761,7
565,2, 800,5
500,0, 820,4
168,3, 978,3
53,2, 1013,8
-119,4, 1105,1
-132,1, 1121,4
-125,3, 1120,5
27,5, 854,3
61,6, 871,4
63,2, 907,9
90,0, 809,2
74,2, 852,1
91,5, 843,9
72,4, 900,6
82,6, 893,7
80,7, 901,8
83,5, 908,4
88,6, 1086,9
45,2, 1054,3
61,1, 1059,8
80,9, 1075,3
88,6, 1070,2
75,3, 1049,3
43,2, 1028,7
38,2, 1003,0
419,6, 988,1
861,4, 997,6
1118,1, 1014,4
1229,0, 1019,9
1515,5, 987,5
1667,4, 1004,4
1710,7, 1002,2
1801,2, 984,4
1908,7, 961,5
1908,7, 965,3
1928,7, 945,4
1932,5, 942,2
1942,9, 936,2
1949,1, 928,9
1959,0, 916,8
1905,6, 920,0
1658,3, 922,6
1530,5, 939,0
1316,0, 962,8
873,5, 1004,4
262,8, 1038,9
-69,8, 1056,6
-486,2, 1133,4
-486,2, 1133,4
-469,4, 1138,9
-473,3, 1136,5
-472,6, 1136,7
-469,4, 1135,0
-461,1, 1135,8
-450,5, 1153,5
-474,4, 1133,7
-460,0, 1135,0
-461,0, 1141,9
-583,6, 1212,9
-598,0, 1236,9
-598,0, 1236,9
-598,0, 1236,9
-520,1, 1220,6
-541,7, 1220,9
-566,1, 1219,8
-573,7, 1220,5
466,2, 1268,9
621,7, 1277,2
993,1, 1286,4
1034,8, 1281,0
1797,0, 1232,8
1857,6, 1259,5
1978,1, 1200,5
2196,0, 1106,1
2236,2, 1094,7
2426,5, 1002,1
2482,2, 976,2
2550,1, 919,8
2526,3, 926,5
2486,4, 984,8
2455,0, 1027,5
2440,9, 963,3
2447,1, 970,0
2443,7, 959,9
2431,2, 936,0
2436,9, 953,1
2378,4, 944,0
2318,0, 956,9
2315,7, 942,1
2026,8, 963,6
1596,7, 988,4
1085,6, 999,2
1322,4, 998,0
1229,5, 1003,8
835,5, 1020,9
577,0, 1052,8
-31,9, 1113,8
-96,9, 1100,7
-85,9, 1111,4
-80,5, 1105,8
22,0, 1134,7
21,9, 1130,5
29,0, 1140,5
-206,9, 1102,4
-342,2, 1083,6
-343,2, 1085,9
-343,2, 1085,9
-236,5, 1055,2
-472,3, 1040,7
-460,0, 1047,9
-445,5, 1044,5
-254,0, 1048,5
-267,1, 1033,0
-272,2, 1008,8
-272,6, 976,0
54,8, 635,8
467,8, 702,1
674,2, 681,2
798,6, 730,3
865,4, 740,7
888,6, 734,6
986,7, 725,1
1227,1, 716,3
1321,3, 702,2
1421,1, 695,6
1569,2, 678,9
1616,8, 686,6
1691,6, 749,0
1687,9, 752,7
1704,5, 746,8
1707,5, 749,0
1708,8, 754,7
1718,3, 745,9
1724,7, 730,5
1725,7, 721,9
1734,6, 702,8
1997,8, 849,1
2212,8, 923,7
2529,3, 1040,9
2584,8, 1091,9
2624,2, 1104,2
2790,0, 1189,6
2798,3, 1226,1
2858,6, 1258,2
2864,3, 1256,6
2880,0, 1262,7
2924,6, 1273,0
2915,0, 1259,0
2902,4, 1231,8
2912,0, 1234,1
2912,8, 1231,0
2887,6, 1231,2
2855,7, 1205,5
2875,7, 1234,3
2885,2, 1237,1
2869,9, 1222,2
2862,6, 1219,4
2866,8, 1225,7
2861,5, 1228,7
2831,4, 1220,7
2803,8, 1248,3
2859,6, 1240,1
2867,6, 1238,7
2830,4, 1221,4
2866,7, 1236,9
2873,9, 1238,2
2900,3, 1241,3
2917,5, 1234,1
2913,1, 1242,8
2914,0, 1243,3
2914,3, 1242,1
2908,4, 1237,6
2909,3, 1242,7
2894,0, 1230,5
2856,8, 1209,6
2660,2, 1227,9
2702,2, 1195,5
2523,6, 1192,2
2499,3, 1204,5
2266,2, 1208,6
1718,4, 1099,5
974,8, 960,1
-371,4, 662,7
-349,5, 671,5
-343,4, 681,2
-340,8, 685,5
-340,8, 685,5
-153,4, 1614,6
-86,8, 881,9
-101,8, 909,2
-92,9, 888,8
-132,0, 883,0
-142,2, 883,8
-73,7, 882,9
43,9, 950,4
15,4, 931,8
14,9, 933,7
36,5, 943,9
58,6, 942,8
77,6, 958,3
86,5, 956,7
111,9, 972,6
107,6, 967,8
138,9, 980,6
139,0, 966,1
185,9, 983,5
134,8, 960,0
34,5, 1025,2
22,8, 1031,6
230,6, 1075,3
212,0, 1075,5
219,4, 1075,7
219,6, 1074,5
218,3, 1074,2
218,3, 1074,2
-196,7, 1026,7
-342,5, 996,7
-444,8, 980,1
-424,4, 991,2
-393,3, 1001,2
-387,3, 1005,1
-386,7, 994,4
-388,6, 990,8
-381,5, 1001,8
-357,2, 1016,2
-334,4, 1009,3
-329,7, 1009,5
-326,7, 1008,1
-309,0, 1013,1
-301,2, 1014,0
-321,9, 1024,3
-155,1, 1083,4
-135,8, 1089,3
-99,3, 1080,6
-146,1, 1064,6
-171,9, 1058,1
-114,6, 1070,0
65,1, 1068,5
354,0, 1116,8
393,9, 1100,0
447,4, 1075,2
500,5, 1068,6
613,5, 1002,2
704,2, 1011,0
663,3, 1017,0
741,0, 983,1
778,3, 970,2
810,0, 960,5
823,3, 959,9
826,9, 951,5
838,5, 925,6
856,1, 924,2
1912,3, 1122,7
1869,0, 1195,9
1890,0, 1166,2
1898,0, 1148,7
1872,7, 1105,8
1865,3, 1095,7
1875,6, 1095,9
1863,8, 1097,2
1873,4, 1100,0
1906,6, 1111,1
3379,8, 966,5
3399,2, 963,2
3398,6, 971,5
3414,3, 967,3
3510,5, 964,3
3556,5, 940,4
3579,1, 929,4
3600,3, 915,8
3596,5, 915,7
3587,2, 930,7
3583,1, 921,5
3579,6, 929,4
3578,0, 933,4
3579,5, 932,8
3548,3, 948,9
3533,1, 956,8
3531,1, 956,8
3538,2, 943,2
3531,4, 946,9
3541,3, 935,3
3442,7, 939,2
3375,8, 948,0
2867,1, 1037,7
2535,5, 1087,0
2487,9, 1096,4
2364,1, 965,2
2343,4, 994,0
2291,0, 1112,8
2291,0, 1090,3
2299,1, 1052,8
2270,9, 1101,1
2249,0, 1076,6
2234,2, 1060,7
2229,6, 1086,7
890,8, 906,5
820,9, 907,2
718,5, 847,6
70,2, 760,5
-113,0, 750,1
-120,1, 748,0
-80,7, 749,8
-55,4, 767,6
-85,2, 807,3
-99,7, 810,7
-100,3, 810,0
-38,5, 817,9
-25,2, 807,6
-69,9, 733,2
-13,4, 760,1
-0,4, 752,7
4,8, 765,3
9,9, 776,7
14,2, 775,5
-5,9, 750,8
-20,8, 732,5
-13,2, 741,1
27,8, 780,3
51,7, 796,2
54,0, 793,4
52,4, 788,3
54,9, 794,2
92,0, 813,5
70,4, 806,5
125,1, 839,9
137,6, 815,2
123,8, 806,2
134,3, 812,0
116,9, 816,3
113,9, 815,8
154,3, 834,6
119,6, 807,9
146,3, 830,8
130,6, 834,3
155,5, 850,5
72,3, 806,7
94,0, 823,1
64,5, 795,4
92,6, 811,5
53,4, 781,5
86,6, 806,6
48,5, 788,0
-55,2, 889,8
-244,4, 945,7
-245,2, 944,2
-527,8, 976,5
-651,6, 990,6
-349,4, 1030,8
-458,7, 915,7
-424,9, 927,0
-427,4, 926,6
-477,7, 917,3
-455,5, 916,2
-429,2, 916,1
-437,0, 923,7
-425,9, 921,5
-430,5, 930,1
-440,9, 930,1
-444,9, 928,9
-432,2, 924,4
-437,4, 893,9
-474,0, 853,3
-483,1, 881,0
-449,3, 910,3
-455,8, 922,3
-449,8, 915,9
-404,8, 879,9
-395,3, 880,6
-426,5, 846,9
-478,8, 833,1
-476,1, 844,2
-474,9, 849,1
-374,2, 1183,9
-359,5, 1196,9
-331,6, 1241,0
-347,6, 1213,9
-342,0, 1214,1
-353,7, 1230,2
-378,7, 1225,3
-337,7, 1232,6
-308,5, 1232,2
-284,8, 1235,4
-282,0, 1236,1
-244,5, 1248,7
-221,9, 1236,9
-235,3, 1227,9
-266,9, 1241,6
-177,7, 1257,0
-123,0, 1269,1
-237,0, 1254,2
-262,0, 1250,2
-156,7, 1267,0
-273,9, 1233,8
-237,8, 1239,0
-125,7, 1192,2
-144,4, 973,7
-187,7, 1069,7
-190,0, 1069,6
-142,9, 1136,2
54,9, 1048,1
176,8, 1190,3
464,9, 1173,4
559,7, 1142,1
765,0, 1195,4
698,0, 1161,4
704,7, 1161,3
711,9, 1162,2
763,1, 1164,4
986,0, 1214,1
850,4, 1172,2
875,4, 1183,1
715,5, 1101,9
531,2, 998,5
419,1, 934,7
327,0, 823,4
66,7, 698,9
-64,8, 638,3
-138,9, 597,6
-219,1, 560,1
-259,6, 539,6
-180,7, 540,8
-218,9, 539,2
-90,7, 607,4
-94,0, 614,3
-32,8, 638,6
-95,0, 619,4
-31,1, 645,6
-80,5, 631,6
0,2, 669,4
-64,9, 646,2
2,1, 664,3
-96,2, 625,4
67,6, 678,3
108,9, 690,4
58,2, 670,6
78,2, 677,2
-45,9, 624,5
-13,3, 629,4
126,4, 680,4
122,8, 663,1
111,6, 656,2
509,9, 768,9
1081,1, 936,9
1176,2, 958,0
1201,6, 951,1
1260,3, 955,4
1170,7, 897,9
1343,1, 871,7
1344,6, 852,6
1346,5, 814,3
1310,2, 761,1
1302,5, 752,2
1314,4, 753,8
1326,3, 757,0
1366,5, 791,0
1366,6, 796,4
1366,2, 798,4
1366,7, 786,1
1368,1, 795,8
1373,2, 801,1
1375,1, 801,0
1362,3, 800,9
1372,3, 777,7
1355,8, 785,8
1376,9, 794,8
1375,4, 789,0
1360,9, 772,7
1296,1, 683,0
1579,5, 1198,4
1522,9, 1066,6
1541,3, 984,2
1555,4, 997,3
1653,5, 1242,7
1626,0, 1171,6
1612,9, 1105,4
964,7, 2670,1
990,5, 2696,3
983,3, 2702,1
985,7, 2708,8
588,2, 2059,9
1086,9, 2766,8
1219,3, 2866,0
1271,6, 2839,8
1365,7, 2756,7
1327,5, 2766,8
1371,7, 2733,5
1536,3, 2802,8
1569,2, 2780,7
1591,6, 2955,7
1538,2, 2908,1
1494,1, 2808,2
821,8, 1715,1
587,8, 1351,7
652,4, 1449,8
577,2, 1286,0
353,3, 892,8
337,5, 851,9
313,9, 817,4
235,7, 775,1
303,8, 811,1
268,7, 813,7
395,3, 993,4
513,1, 1201,4
656,6, 1471,4
734,2, 1628,8
880,8, 1974,0
975,9, 2425,4
1007,9, 2479,4
1078,7, 2587,3
1082,7, 2712,1
1089,6, 2785,3
1082,2, 2778,8
1089,5, 2748,3
1096,6, 2705,0
1075,7, 2708,5
1085,4, 2703,0
1076,0, 2741,6
1063,8, 2737,8
1080,5, 2783,7
1060,3, 2719,3
982,9, 2434,5
882,2, 2206,9
634,5, 1749,3
622,5, 1725,6
624,1, 1745,0
117,0, 876,3
144,8, 867,0
145,5, 866,7
-212,6, 407,2
-259,4, 348,2
-238,1, 339,8
-179,2, 392,2
58,7, 351,1
59,4, 370,4
66,9, 386,2
67,4, 371,6
44,6, 367,2
28,9, 363,4
15,2, 356,1
-7,6, 342,9
8,3, 363,2
32,4, 370,7
14,2, 357,9
23,1, 361,1
23,5, 361,2
-13,4, 335,3
-31,4, 315,2
-23,9, 324,2
-23,2, 323,7
-20,1, 329,7
19,2, 360,9
11,8, 360,8
29,9, 373,3
36,9, 380,5
45,4, 388,7
515,1, 988,0
568,2, 1166,5
582,0, 1199,1
592,4, 1248,4
597,0, 1259,2
689,0, 1917,3
684,7, 2135,4
743,0, 2152,9
713,9, 2169,8
685,9, 2166,8
606,7, 2201,7
544,7, 2246,8
490,1, 2276,7
533,2, 2254,4
456,5, 2324,4
471,3, 2312,9
536,0, 2370,3
506,1, 2349,6
285,8, 2202,0
175,4, 1857,8
-24,8, 1429,6
-221,2, 1127,2
-210,9, 1112,3
-202,5, 948,5
-278,6, 854,8
-561,2, 525,2
-571,6, 522,0
-571,1, 525,8
-571,1, 526,1
580,3, 1205,9
657,6, 1299,5
831,6, 1450,8
923,4, 1546,8
1374,7, 1859,1
1378,2, 1885,0
1404,0, 1947,3
1659,1, 2183,3
1891,6, 2405,2
2246,1, 2783,4
2199,8, 2720,7
2224,2, 2738,6
2390,7, 2862,1
2393,8, 2848,5
2393,0, 2836,4
2396,2, 2803,8
2397,5, 2804,1
2423,1, 2843,6
2443,8, 2847,9
2450,8, 2860,1
2434,2, 2859,6
2448,9, 2852,7
2388,0, 2817,3
2321,0, 2738,4
2128,8, 2490,8
1440,7, 1622,7
680,4, 925,6
196,4, 559,0
353,2, 682,6
-355,9, 166,7
-342,2, 180,2
-345,2, 177,7
-381,0, 152,1
-375,4, 156,1
-337,7, 177,1
-279,4, 219,0
-224,6, 254,0
-182,4, 280,8
-179,4, 286,5
-245,0, 216,6
-260,1, 206,0
-307,9, 153,3
-301,1, 161,8
-283,6, 186,6
-299,8, 165,5
-315,9, 71,2
-335,4, 76,1
-131,4, -26,1
-31,2, -86,7
-9,3, -103,4
37,7, -143,3
188,2, -114,2
303,3, -100,9
367,7, -82,1
375,4, -81,2
815,5, 36,8
803,3, -19,8
817,5, 30,0
802,3, -13,1
806,4, 2,1
782,1, -115,7
800,3, -123,3
814,0, -125,3
768,2, 275,0
734,2, 260,4
721,1, 277,0
719,9, 290,7
722,3, 277,8
709,0, 279,9
729,2, 335,3
719,4, 328,3
747,0, 370,7
794,0, 429,9
802,5, 437,9
786,7, 428,6
801,3, 446,9
767,2, 399,5
755,4, 381,3
740,4, 361,1
769,2, 402,4
742,1, 374,8
688,7, 326,1
705,6, 333,2
481,9, 372,9
624,4, 379,8
562,8, 380,9
388,4, 412,3
270,4, 494,6
124,2, 563,5
35,3, 621,3
-329,0, 904,8
-371,8, 896,3
-336,1, 910,8
-20,3, 1012,9
-5,3, 1017,3
16,2, 1020,4
17,1, 1022,1
26,2, 1038,7
41,1, 1045,9
26,2, 1041,1
14,9, 1034,5
-57,7, 1005,1
-94,1, 984,5
-153,2, 943,8
-142,2, 955,0
-130,3, 964,0
-126,0, 971,0
-111,3, 978,3
-112,1, 978,1
115,5, 1067,8
154,3, 1081,6
158,3, 1093,7
151,8, 1083,3
147,0, 1083,8
139,0, 1074,2
151,1, 1076,9
153,8, 1068,3
158,4, 1065,1
160,0, 1064,6
164,2, 1064,3
172,5, 1065,3
183,5, 1067,2
201,3, 1071,7
204,0, 1080,6
185,4, 1072,1
187,3, 1063,0
177,5, 1052,5
190,4, 1057,5
177,2, 1068,2
159,7, 1076,6
183,0, 1087,9
192,9, 1080,9
183,6, 1079,6
189,0, 1080,0
176,8, 1084,5
178,0, 1083,6
164,8, 1079,7
146,7, 1067,7
162,0, 1071,0
148,1, 1060,4
182,2, 1014,3
273,8, 1002,8
378,9, 1002,5
522,1, 1007,6
702,7, 998,4
721,7, 995,6
786,6, 981,4
809,4, 958,4
783,8, 929,3
745,7, 893,6
646,8, 815,1
582,5, 756,8
578,9, 751,0
588,9, 749,5
581,1, 742,3
589,2, 749,8
660,5, 775,9
717,2, 798,5
921,0, 911,8
976,5, 942,6
2232,7, 1923,9
2162,1, 1686,9
2172,8, 1569,1
2171,7, 1471,2
2194,3, 1421,4
2195,9, 1412,7
2216,0, 1427,1
2190,2, 1389,6
2206,7, 1398,5
2227,9, 1399,5
2237,9, 1398,2
2250,3, 1397,8
2259,4, 1345,5
2306,1, 1332,5
2640,2, 1203,0
2864,5, 1317,4
2889,6, 1335,5
3157,0, 1304,5
3299,3, 1301,9
3434,0, 1289,6
3660,6, 1279,3
3640,0, 1223,8
3614,9, 1211,4
3620,0, 1198,3
3613,7, 1204,5
3620,8, 1199,9
3639,5, 1196,3
3623,4, 1172,2
3626,8, 1165,9
3559,1, 1184,3
3548,7, 1179,3
3571,0, 1193,7
3472,8, 1208,9
3472,1, 1215,3
3469,2, 1214,7
3431,4, 1242,4
3502,9, 1196,0
3416,5, 1251,1
3368,0, 1303,5
3292,2, 1302,3
3289,4, 1329,7
3270,2, 1347,4
3295,5, 1354,4
3176,7, 1341,1
3081,1, 1330,3
3043,0, 1327,1
2947,1, 1322,9
2826,4, 1312,3
2877,9, 1315,7
2914,0, 1315,9
3036,3, 1302,1
3062,3, 1284,0
3106,7, 1285,5
3139,8, 1277,5
2914,8, 1287,0
3073,5, 1283,4
3109,9, 1291,3
2958,1, 1278,0
2924,6, 1278,6
2881,2, 1289,3
2822,6, 1271,1
2882,7, 1284,1
2959,0, 1242,5
3097,4, 1211,1
3126,4, 1185,4
3194,6, 1124,4
3142,2, 1170,9
2753,6, 1141,1
2478,7, 1163,1
1783,2, 1222,6
1337,2, 1239,1
154,8, 1093,2
144,1, 1064,1
150,0, 1064,1
142,5, 1063,9
64,6, 1030,9
57,5, 1027,9
59,6, 1028,5
88,7, 1037,3
108,9, 1021,4
104,2, 1018,9
90,6, 1021,9
91,1, 1027,7
-51,5, 1137,5
-44,6, 1166,0
-37,3, 1165,9
-36,0, 1161,4
-27,6, 1149,6
-18,0, 1155,2
94,6, 1190,8
132,1, 1078,1
233,3, 851,3
232,0, 899,2
131,8, 1202,3
124,7, 1202,2
106,3, 1178,7
128,6, 1182,4
130,6, 1180,8
233,2, 1033,0
151,7, 1151,0
240,9, 1001,4
190,1, 1091,1
208,0, 1062,1
195,3, 1087,9
39,0, 1131,5
27,3, 1145,3
20,1, 1144,3
80,5, 1155,1
31,2, 1150,5
100,5, 1162,8
117,8, 1164,5
116,1, 1164,3
110,4, 1165,3
58,7, 1151,5
95,9, 1162,3
35,4, 1123,0
103,0, 1144,5
127,2, 1152,9
126,2, 1152,8
-19,8, 1382,6
39,6, 1237,5
119,8, 1113,6
143,6, 1117,4
162,4, 1133,3
172,3, 1142,4
161,2, 1136,2
143,6, 1128,4
143,6, 1128,4
334,5, 1188,7
334,5, 1188,7
130,6, 1134,5
130,6, 1134,5
700,4, 931,6
799,6, 856,1
820,7, 800,0
825,5, 783,8
830,8, 759,3
883,0, 720,5
857,7, 650,3
831,3, 632,8
609,6, 640,2
531,6, 571,3
442,6, 600,8
202,7, 563,2
111,1, 531,4
28,8, 443,2
26,7, 439,2
-78,3, 371,6
-116,0, 340,4
-158,8, 316,4
-146,1, 341,4
-144,6, 345,8
-134,2, 351,7
-131,6, 353,5
-123,7, 366,2
-136,5, 354,9
-182,1, 300,2
-189,8, 291,8
-199,4, 292,1
-193,9, 292,1
-192,6, 291,5
-279,1, 210,5
-281,8, 207,1
-284,4, 196,0
-282,8, 194,9
-275,4, 192,4
-248,2, 222,0
-206,4, 267,6
-188,3, 300,4
-196,1, 296,0
-194,0, 298,1
-197,4, 295,4
-401,9, 103,5
-456,0, 71,2
-413,0, -50,1
-490,3, -131,0
-542,6, -142,1
-549,3, -150,3
-464,1, -140,6
-426,8, -134,7
-409,8, -124,8
-413,7, -130,1
-557,5, -158,9
-596,5, -198,2
-600,4, -198,6
-623,3, -229,9
-632,5, -243,5
-622,7, -212,1
-583,0, -194,5
-608,4, -203,9
-610,8, -221,9
-275,5, 448,6
-155,5, 572,4
805,7, 2239,7
690,1, 2189,1
698,2, 2186,8
726,8, 2178,8
734,9, 2242,3
735,8, 2223,0
783,9, 2264,8
659,0, 2366,2
655,9, 2436,6
590,6, 2445,1
602,5, 2450,5
604,1, 2470,5
564,0, 2474,1
567,5, 2496,1
545,6, 2485,9
522,9, 2484,8
544,0, 2505,5
530,6, 2459,1
534,3, 2474,0
548,9, 2492,0
557,2, 2510,2
563,5, 2497,3
581,8, 2521,1
481,4, 345,6
496,6, 407,4
438,7, 352,9
485,1, 396,0
473,8, 378,0
496,0, 398,9
505,4, 402,2
515,1, 409,1
539,9, 420,3
578,7, 450,2
605,3, 468,0
579,8, 438,4
617,3, 461,6
617,6, 460,5
580,7, 428,6
585,8, 430,2
568,0, 430,4
579,4, 445,8
570,9, 444,8
577,8, 444,0
588,7, 458,4
601,8, 466,1
620,0, 481,5
571,9, 409,7
521,4, 329,0
567,7, 393,4
408,4, 133,8
351,3, -22,1
293,3, -180,4
287,2, -196,8
270,1, -242,9
327,8, -246,4
285,1, -198,3
843,4, 419,6
843,4, 419,6
397,3, 65,9
254,1, -58,3
570,8, -41,0
943,2, 54,7
943,0, 57,4
854,6, 51,9
907,5, 103,8
1090,5, 320,0
1050,7, 239,4
976,7, 147,9
996,8, 146,8
1016,7, 143,8
988,4, 100,6
956,5, 14,7
896,7, -93,0
856,2, -168,5
854,9, -166,2
845,8, -157,8
847,0, -161,9
854,8, -176,9
856,6, -162,6
853,1, -148,5
817,5, -119,3
812,9, -119,1
722,8, -155,1
667,6, -160,9
660,7, -164,6
602,7, -161,0
569,2, -129,9
586,0, -97,0
568,0, -59,6
565,3, -52,9
594,4, -41,4
604,1, -17,3
607,9, -14,1
614,8, -21,7
615,8, -18,8
601,1, -11,7
608,9, -25,3
582,0, -59,3
534,5, -96,0
530,8, -97,3
528,2, -94,7
531,2, -94,5
537,9, -89,6
552,2, -87,5
568,8, -85,6
568,2, -83,8
545,5, -65,5
582,0, -28,1
604,1, 15,0
584,2, -1,4
608,0, 26,2
590,8, 25,0
592,1, 27,3
603,0, 62,8
654,4, 141,8
674,2, 172,9
674,4, 182,8
683,2, 193,1
695,7, 210,0
727,6, 252,7
743,3, 257,6
1086,6, 724,6
1108,7, 952,7
1151,1, 980,5
1158,6, 973,3
1154,7, 970,8
1186,9, 927,6
1170,6, 904,4
1168,2, 903,5
1156,0, 873,5
1150,2, 860,7
1166,1, 839,6
1166,0, 836,2
1147,2, 840,9
1169,0, 851,4
1179,3, 863,1
1158,3, 861,2
1153,2, 858,2
1152,0, 858,9
1153,3, 862,4
1150,8, 859,4
1081,0, 822,5
959,0, 582,7
926,0, 543,4
918,2, 520,9
876,9, 430,8
783,4, 236,6
725,1, 121,0
626,5, -149,4
628,3, -161,9
626,7, -175,5
640,9, -148,7
696,6, -51,0
699,6, -56,3
743,0, 14,1
756,2, 29,2
759,6, 33,9
763,3, 42,3
744,5, 35,1
627,5, -23,4
611,5, -35,9
604,7, -41,1
583,8, -51,8
301,0, -215,1
305,1, -214,1
315,0, -157,7
327,1, -172,2
314,7, -185,0
320,7, -180,4
306,9, -216,7
305,8, -211,2
303,3, -206,6
613,2, -52,7
619,5, -50,0
641,5, -40,5
671,3, -212,5
675,2, -208,3
753,7, -95,7
766,9, -11