Listening for gaze data, press any key to exit...
320,0, 170,7
320,7, 176,1
331,4, 196,3
312,3, 282,0
332,6, 287,3
372,2, 308,5
374,5, 323,8
439,6, 371,9
449,0, 384,0
441,5, 388,4
445,7, 390,5
471,9, 399,8
463,6, 395,3
476,3, 398,8
468,6, 397,3
462,9, 400,1
470,0, 407,6
524,7, 449,2
486,7, 444,9
511,0, 451,6
495,8, 461,9
485,3, 450,1
512,4, 489,2
497,2, 490,0
488,7, 485,8
444,1, 458,5
440,7, 457,7
497,8, 489,0
448,2, 470,8
474,0, 502,2
503,1, 498,4
485,6, 489,8
465,4, 470,4
453,2, 470,6
455,2, 460,6
475,3, 478,3
513,4, 524,2
510,6, 520,9
509,4, 521,9
513,6, 531,2
502,0, 517,1
479,6, 489,8
477,6, 486,6
489,8, 501,4
491,5, 498,3
478,0, 480,3
472,3, 475,3
455,6, 456,7
465,9, 467,0
454,6, 472,9
538,3, 529,8
838,0, 844,4
817,7, 819,3
881,5, 909,0
966,8, 1072,8
1557,8, 2928,4
1563,4, 2914,6
1575,0, 2916,2
1570,7, 2917,5
1574,4, 2949,5
1578,7, 2938,1
1578,9, 3077,0
1570,0, 3086,1
841,0, 1539,0
763,3, 1405,2
574,2, 1133,2
565,3, 1100,1
226,0, 695,3
251,7, 689,3
262,3, 669,2
238,1, 581,2
251,0, 565,2
231,3, 549,0
228,7, 549,4
244,5, 566,5
316,6, 586,0
329,2, 591,4
307,2, 593,1
256,2, 561,3
261,8, 561,7
255,9, 555,8
241,8, 549,6
239,8, 553,3
329,9, 602,1
310,1, 592,6
323,3, 611,8
330,9, 616,4
346,0, 623,1
336,7, 618,9
376,3, 642,5
469,6, 700,1
580,5, 768,8
765,8, 945,3
874,5, 1060,5
995,5, 1181,2
1236,2, 1450,9
1561,6, 1854,7
1534,8, 1785,5
2471,4, 2820,7
2420,7, 2791,3
2362,0, 2738,3
2352,0, 2720,6
2345,8, 2710,4
2301,7, 2689,3
2302,0, 2673,1
2302,3, 2672,6
2280,6, 2670,9
2315,2, 2692,6
2362,3, 2720,3
2461,7, 2802,6
2459,9, 2794,2
2478,3, 2809,9
2478,9, 2835,0
2496,9, 2841,7
2456,6, 2837,1
2466,7, 2834,6
2454,7, 2848,9
2512,4, 2970,2
2547,6, 3026,9
2362,8, 2799,1
802,1, 1084,8
-44,6, 552,5
-227,0, 423,6
-204,5, 442,7
-203,1, 422,1
-168,2, 453,5
-156,7, 458,2
-138,3, 455,1
-211,0, 385,0
-200,3, 394,6
-190,8, 399,6
-73,4, 461,6
-38,9, 484,2
-119,5, 525,1
-119,1, 527,8
-105,2, 526,2
-222,6, 527,1
-271,2, 522,1
-286,9, 515,6
-289,9, 524,6
-291,0, 515,3
-291,2, 514,3
227,1, 601,3
163,7, 542,6
258,3, 475,5
280,0, 471,8
299,0, 481,2
356,2, 519,7
396,7, 536,2
392,9, 526,4
403,5, 534,9
345,3, 489,6
329,2, 477,7
324,0, 471,8
320,5, 464,1
333,5, 448,2
360,1, 490,1
363,1, 493,5
399,1, 514,3
416,6, 527,2
412,9, 523,6
471,5, 581,9
448,3, 563,5
456,4, 560,0
460,9, 561,3
466,1, 558,2
468,7, 555,3
469,0, 554,5
456,5, 552,3
462,4, 554,6
460,1, 550,4
422,8, 530,8
426,7, 531,2
423,1, 520,7
420,2, 517,0
423,8, 519,8
424,3, 528,8
424,9, 528,3
425,4, 523,3
437,4, 542,4
431,3, 532,4
434,8, 534,7
445,0, 534,2
466,2, 546,1
468,4, 547,4
474,6, 551,1
476,3, 558,3
475,5, 560,0
456,6, 564,3
231,3, 604,0
-142,2, 613,6
-545,9, 603,3
-548,7, 606,9
-534,9, 591,7
-555,6, 584,3
-567,7, 588,1
-556,5, 571,8
-551,7, 564,0
-549,9, 565,7
-546,1, 554,6
-568,6, 460,6
-349,5, 330,9
-368,4, 298,1
-369,7, 293,2
-405,2, 258,5
-687,2, 213,4
-687,6, 178,4
-687,6, 178,4
-687,6, 178,4
-687,6, 178,4
-15,7, 538,5
80,2, 606,1
263,7, 706,0
442,0, 813,5
694,7, 1015,4
940,0, 1262,1
1098,9, 1438,5
1231,9, 1572,3
1442,5, 1755,2
1719,0, 2089,3
1712,8, 2231,0
2319,9, 2656,9
2348,5, 2665,3
2402,1, 2714,6
2405,5, 2719,5
2425,8, 2755,5
2462,0, 2834,4
2469,1, 2866,7
2471,6, 2879,6
2070,0, 2686,3
2053,6, 2680,2
1856,2, 2569,6
1899,4, 2601,4
2421,1, 2879,1
2381,8, 2757,1
2310,6, 2616,7
1728,1, 1789,3
1352,2, 1277,0
1213,4, 1093,6
500,7, 248,7
456,2, 219,5
287,0, 129,5
245,7, 110,1
261,0, 129,7
358,7, 221,5
229,2, 147,0
242,2, 164,4
289,2, 207,7
273,5, 200,8
305,3, 235,7
324,1, 260,3
332,9, 313,8
334,0, 326,2
275,1, 326,6
-143,3, 348,0
-209,6, 355,1
-206,4, 373,9
-212,0, 354,0
-248,2, 329,9
-202,1, 360,1
-164,9, 369,5
-158,0, 367,9
518,8, 384,9
716,4, 373,6
773,6, 369,8
745,3, 371,3
905,8, 358,2
1373,9, 320,4
1410,5, 313,5
1450,1, 305,8
1457,0, 292,0
1483,7, 256,3
1437,3, 218,0
1442,2, 214,2
1446,2, 209,7
1436,5, 177,9
1419,0, 102,0
1412,3, 87,3
1385,7, 59,3
1320,8, 12,6
1296,1, 3,6
1196,9, -43,2
1083,8, -71,1
607,9, -190,5
525,8, -211,4
423,6, -245,9
418,6, -248,0
405,8, -270,0
404,9, -264,9
398,7, -271,7
396,9, -270,4
185,5, -278,0
185,5, -278,0
206,1, -226,5
233,7, -213,9
246,2, -222,2
233,4, -210,5
262,7, -218,2
395,1, -209,7
581,0, -205,7
630,5, -197,6
635,3, -198,7
796,3, -152,9
918,4, -122,8
941,9, -145,1
980,7, -119,8
1056,8, -165,6
1062,8, -136,9
1094,6, -186,8
1104,6, -209,7
1139,5, -207,1
1157,6, -197,6
1186,9, -187,6
1221,8, -188,2
1246,4, -180,3
1241,9, -168,9
1246,9, -165,7
1257,6, -175,6
1399,3, -140,1
1384,0, -133,6
1386,7, -128,0
1417,0, -125,5
1415,2, -127,7
1471,7, -146,1
1514,2, -149,8
1517,7, -139,0
1575,1, -144,9
1603,4, -147,9
1619,7, -152,7
1686,1, -181,7
1698,1, -183,0
1705,3, -187,7
1733,9, -202,7
1772,7, -219,8
1846,5, -238,5
1869,9, -237,8
1879,9, -237,3
1836,0, -234,5
3078,6, -50,5
2572,9, 100,2
2262,6, 143,0
2087,3, 121,9
1138,7, -12,9
1047,1, -24,2
857,7, 2,0
701,2, 17,0
329,1, -98,5
324,0, -5,6
336,7, -154,0
261,0, -47,5
70,2, -4,5
-63,1, -45,8
-63,1, -45,8
-667,2, -194,9
-635,2, -189,9
-652,4, -191,0
-614,2, -156,1
-623,4, -176,9
-628,0, -174,3
-612,0, -167,2
-625,3, -174,0
-597,4, -152,7
-558,1, -134,0
-533,7, -118,8
-568,7, -135,9
-587,2, -138,0
-578,4, -134,4
-582,0, -154,8
-557,1, -150,2
-569,0, -154,3
-607,2, -168,0
-593,1, -140,2
73,9, 836,3
147,6, 896,8
254,9, 995,8
234,0, 1029,1
255,8, 1064,5
242,3, 1073,9
243,6, 1068,8
572,5, 1205,4
605,9, 1217,0
561,7, 1210,5
603,8, 1220,7
478,2, 1182,2
464,0, 1174,6
353,1, 1142,2
448,2, 1170,6
448,0, 1176,1
251,0, 1107,5
314,9, 1129,6
375,1, 1151,7
255,0, 1106,8
309,5, 1124,7
392,9, 997,7
466,3, 962,4
481,5, 966,7
463,5, 896,3
467,8, 995,2
501,4, 1011,3
526,4, 922,5
557,9, 854,4
454,9, 737,4
469,8, 748,9
537,3, 755,3
470,6, 708,5
485,6, 712,7
442,0, 684,9
385,1, 652,9
348,5, 633,3
339,9, 629,0
354,7, 642,1
358,2, 646,6
358,4, 650,1
375,9, 663,4
384,6, 673,2
371,6, 678,3
-257,8, 717,0
-197,3, 751,3
-193,8, 746,8
-218,9, 732,5
-237,7, 725,6
-227,5, 715,6
-261,3, 682,1
-249,9, 649,4
-346,1, 580,9
-385,0, 533,9
-381,2, 525,0
-382,2, 523,2
-405,6, 490,6
-453,9, 482,4
-420,6, 492,2
-370,1, 493,8
-390,7, 440,7
-466,0, 393,1
-490,8, 382,5
-478,3, 386,5
-478,9, 388,4
-478,3, 388,7
-477,3, 386,7
-473,4, 381,8
-471,6, 379,6
-461,4, 387,3
-431,1, 412,6
-422,1, 419,4
-379,7, 505,0
-347,2, 526,6
-371,1, 514,2
-382,4, 508,5
-459,8, 472,3
-426,8, 483,7
-460,7, 459,0
-192,5, 595,3
-154,3, 604,4
-150,7, 635,0
-137,1, 611,8
-139,0, 623,8
-143,3, 622,2
-167,3, 599,6
-158,5, 601,3
-142,7, 615,0
-145,4, 612,8
-156,1, 605,9
-160,4, 603,0
-122,6, 614,1
-88,0, 624,8
-131,4, 616,0
-165,6, 594,4
-178,4, 587,8
-170,6, 577,6
-166,7, 576,8
-187,6, 574,7
-185,1, 574,0
-179,8, 574,5
-2,7, 605,1
74,5, 891,9
79,7, 905,2
209,9, 668,9
186,5, 725,4
153,4, 740,4
30,9, 802,7
-91,9, 878,5
-158,6, 859,8
-159,2, 857,9
-159,8, 839,6
-151,9, 862,9
-147,5, 863,0
-147,7, 862,6
-148,8, 866,6
-152,4, 871,5
-151,0, 866,0
-166,1, 863,6
-162,1, 862,9
-155,2, 858,8
-140,1, 855,7
-194,3, 799,5
-221,9, 704,9
-156,0, 525,9
-148,9, 465,8
-143,8, 463,4
-174,2, 452,7
-198,6, 444,4
-164,3, 459,0
-163,0, 443,4
-128,6, 456,4
-120,3, 458,5
-128,6, 454,1
-150,6, 473,5
-143,2, 473,5
-146,0, 471,0
-130,3, 472,8
-119,5, 474,4
-88,7, 479,0
-105,6, 471,1
-210,9, 435,7
-187,9, 442,3
-199,1, 441,3
-189,1, 443,7
-227,9, 431,2
-270,1, 419,3
-238,6, 436,1
-256,5, 447,4
-225,3, 456,2
-203,9, 462,9
-231,2, 444,0
-219,1, 448,1
-223,2, 448,1
-218,3, 426,1
-182,9, 433,6
-202,3, 433,6
-196,6, 434,8
-264,4, 419,2
-242,8, 426,1
124,7, 476,5
76,4, 457,3
490,9, 478,3
515,5, 507,5
490,8, 481,0
475,7, 465,8
472,5, 459,2
429,4, 414,5
414,6, 394,1
489,3, 414,3
508,8, 412,2
580,4, 406,3
773,1, 410,7
1024,6, 413,0
1139,9, 373,8
1225,3, 297,1
1289,1, 283,0
1287,0, 235,2
1304,1, -7,5
1301,9, 1,6
1304,4, -30,5
1316,2, -125,0
1326,0, -131,3
1370,2, -134,4
1383,4, -141,2
1384,5, -159,8
1388,9, -168,1
1401,5, -186,8
1426,3, -200,9
1416,7, -197,3
1452,8, -205,0
1463,6, -209,7
1477,0, -214,2
1488,1, -223,7
1494,0, -225,8
1507,1, -237,9
1517,5, -238,7
1520,7, -241,3
1520,4, -243,3
1520,5, -244,0
1521,5, -242,6
1524,1, -239,7
1544,7, -234,1
-26,9, -23,7
-26,9, -23,7
-56,6, -55,4
-60,3, -59,4
-59,6, -59,5
-58,8, -59,0
-57,3, -57,8
-20,8, -38,7
-21,1, -39,0
-13,8, -34,4
-43,2, -56,1
-48,0, -59,4
-76,8, -68,0
-94,1, -67,0
-118,5, -62,1
-194,2, -61,1
-169,3, -61,0
-130,1, -53,8
-79,5, -48,8
-66,7, -37,5
-93,6, 28,2
-21,4, 48,6
-13,9, 56,7
18,3, 94,0
37,7, 106,9
86,2, 167,0
113,7, 187,6
169,3, 249,4
201,4, 236,7
206,8, 248,2
221,2, 281,8
232,4, 261,6
243,3, 286,1
246,1, 283,0
265,6, 312,1
281,8, 332,5
307,2, 331,9
301,8, 342,2
306,1, 359,5
320,5, 350,1
322,4, 373,4
321,8, 382,8
306,8, 357,8
300,4, 345,8
299,4, 343,3
290,7, 324,3
294,7, 335,1
291,3, 316,9
294,1, 326,6
293,4, 326,5
284,4, 296,7
285,1, 369,4
200,3, 297,4
-150,0, 291,3
-337,3, 256,9
-315,5, 262,8
-278,7, 267,6
-294,7, 254,6
-283,7, 262,8
-301,2, 244,7
-344,6, 230,6
-564,0, 250,7
-564,0, 250,7
-553,1, 251,8
-452,0, 261,8
-412,2, 290,5
-344,4, 367,8
-265,0, 443,2
-263,5, 445,5
-264,1, 448,6
-273,1, 441,2
-212,1, 479,7
-220,9, 476,8
-227,6, 470,2
-230,2, 474,2
-234,8, 470,1
-285,7, 474,2
-289,3, 468,5
-303,5, 449,8
-287,1, 457,3
-296,6, 453,2
-315,4, 445,0
-317,9, 444,5
-318,8, 444,4
-311,0, 453,0
-310,4, 452,9
-310,6, 455,0
-312,5, 453,9
-293,7, 455,8
-296,9, 453,8
-287,0, 455,7
-325,3, 446,8
-329,2, 446,7
-332,5, 446,4
-337,4, 445,7
-346,7, 442,4
-329,6, 446,9
-266,5, 459,7
-272,6, 454,6
-277,0, 459,7
-274,5, 460,4
-275,5, 461,3
-276,6, 463,9
-276,4, 463,4
-276,3, 461,2
-180,0, 439,2
781,3, 232,3
929,2, 164,6
1040,1, 111,7
1087,6, 66,1
1108,9, 22,0
1147,5, -71,1
1150,9, -117,6
1177,2, -153,6
1191,7, -169,1
1272,3, -189,4
1246,3, -183,4
1355,9, -148,9
1402,6, -146,7
1504,3, -118,4
1489,4, -126,8
1489,5, -128,1
1510,6, -134,4
1513,2, -143,6
1533,7, -154,4
1541,8, -167,6
1545,9, -171,4
1551,2, -179,4
1556,4, -184,0
1561,5, -188,8
1559,6, -192,5
1556,7, -198,9
-107,4, 104,7
-160,2, 77,2
-140,1, 91,1
-134,5, 93,4
-100,0, 110,5
-116,7, 101,2
-172,2, 60,1
-347,4, 96,0
-400,5, 134,2
-374,1, 353,4
-337,2, 446,1
-330,4, 447,0
-330,4, 447,0
-325,8, 449,6
-342,5, 411,9
-344,2, 403,3
-254,7, 467,3
-198,8, 499,8
-168,4, 515,5
-129,1, 542,4
-114,6, 554,9
-126,2, 552,9
-126,1, 556,2
-174,6, 510,5
-174,8, 510,8
-171,0, 523,2
-167,1, 544,9
-162,1, 543,3
-115,9, 535,0
-111,1, 535,4
-110,6, 535,6
-111,6, 543,9
-108,4, 550,6
-107,2, 551,7
-106,7, 549,4
-100,9, 541,0
-127,9, 589,4
-139,6, 610,3
-139,6, 610,3
-16,3, 615,4
-16,1, 595,6
-16,1, 595,6
81,8, 614,9
82,1, 614,1
78,8, 612,5
78,6, 612,4
46,4, 624,0
31,0, 624,6
28,1, 620,9
27,9, 619,9
-56,2, 582,2
-57,2, 578,0
-86,5, 562,0
-91,1, 567,6
-75,1, 584,3
-72,0, 572,2
-78,4, 554,1
-93,3, 546,6
-102,5, 534,8
-106,5, 519,0
-92,5, 513,5
-144,3, 489,8
-129,1, 500,8
-163,1, 481,6
-156,1, 478,0
-110,1, 500,2
-96,5, 493,1
-143,1, 481,0
-110,3, 487,6
65,3, 460,2
295,4, 500,2
399,2, 525,9
720,3, 557,8
885,4, 527,0
885,1, 520,6
872,6, 473,2
883,6, 449,4
900,0, 420,5
935,2, 403,3
987,9, 389,5
974,0, 398,2
1014,5, 398,8
1056,2, 417,8
1111,7, 410,8
1258,2, 413,3
1366,4, 415,3
1777,2, 379,2
3473,7, 196,5
2976,4, 259,1
2924,0, 247,8
2793,2, 227,8
2751,1, 206,8
2735,2, 209,7
2700,3, 202,9
2659,3, 239,1
2618,6, 267,1
2623,0, 254,3
2601,2, 260,1
2594,2, 256,6
2588,7, 252,6
2443,8, -188,2
2443,8, -188,2
2443,8, -188,2
-552,6, -42,9
-587,1, -59,2
-536,8, -55,7
-549,7, -25,9
-543,0, -31,5
-548,5, -28,0
-538,8, -24,1
-516,1, 10,6
-444,1, 52,0
-398,6, 77,8
-418,1, 63,2
-441,5, 46,0
-18,4, 1179,5
-18,4, 1179,5
-217,0, 1287,3
-343,7, 832,8
-328,9, 453,2
-326,7, 466,5
-311,0, 417,6
-221,2, 454,0
-131,6, 484,3
-139,2, 482,9
-93,2, 486,1
186,8, 587,7
253,5, 612,8
318,4, 624,1
477,0, 661,3
680,3, 715,6
685,8, 706,5
706,8, 702,3
666,4, 674,9
656,7, 656,9
652,6, 634,8
556,4, 564,7
553,8, 561,3
568,6, 563,9
509,2, 528,0
491,4, 516,1
427,0, 465,2
421,7, 461,6
470,0, 493,7
454,1, 480,5
426,7, 460,4
460,4, 482,0
464,7, 484,7
448,6, 475,5
482,2, 499,9
459,0, 484,4
495,8, 508,7
462,1, 483,6
396,2, 456,2
350,8, 500,7
324,1, 512,7
323,4, 498,6
222,3, 534,4
-122,0, 559,5
-93,3, 580,8
-117,6, 653,7
-90,2, 682,1
18,1, 703,7
6,0, 699,0
-18,2, 694,2
13,2, 696,2
28,7, 721,7
4,8, 712,5
1,4, 711,7
-33,8, 775,6
3,9, 901,0
-10,2, 878,4
-15,7, 893,6
-84,3, 868,9
-63,4, 887,5
328,3, 764,6
328,0, 775,9
430,0, 875,8
422,4, 909,3
327,8, 1108,0
322,0, 1125,7
299,9, 1153,6
239,1, 1215,9
183,7, 1274,0
60,2, 1303,3
47,7, 1302,0
79,2, 1307,2
57,2, 1312,4
46,3, 1298,5
44,5, 1299,7
-29,0, 1301,8
-17,4, 1297,1
-21,3, 1302,7
-0,7, 1299,2
-0,4, 1299,4
4,7, 1301,0
1,5, 1299,5
6,0, 1308,8
24,9, 1297,2
62,1, 1281,7
91,3, 1257,5
143,1, 1227,7
130,0, 1244,1
68,6, 1306,0
106,3, 1267,3
150,1, 1214,1
79,2, 1280,3
73,5, 1303,4
107,9, 1308,7
106,0, 1308,0
85,9, 1300,9
88,9, 1302,9
80,1, 1299,2
80,5, 1303,9
24,8, 1312,0
9,0, 1324,0
-29,9, 1386,5
-39,0, 1433,3
-50,2, 1442,5
-70,1, 1432,9
-68,8, 1440,1
-77,3, 1436,0
-94,9, 1428,8
-108,4, 1457,1
-63,9, 1443,9
-69,3, 1449,3
-49,6, 1442,7
-34,3, 1457,4
-102,0, 1433,8
-92,1, 1444,5
-110,6, 1434,1
-117,4, 1462,7
-124,3, 1462,2
-135,8, 1468,9
-135,8, 1469,2
-170,1, 1467,6
-123,3, 1261,4
-190,0, 1359,3
-108,7, 1126,6
-174,3, 1271,0
-190,7, 1285,8
-258,8, 1420,1
-269,9, 1434,6
-270,4, 1415,0
-276,3, 1441,8
-232,6, 1426,7
-223,6, 1424,3
-244,8, 1419,5
-247,8, 1420,3
-231,6, 1421,3
-266,1, 1438,4
-275,4, 1428,9
-263,6, 1429,5
-212,6, 1424,8
-180,6, 1452,7
-171,0, 1428,2
-75,0, 1214,1
-19,7, 1090,0
-30,0, 1121,0
-44,7, 1135,1
-187,6, 1358,1
-142,2, 1375,4
200,5, 1263,1
199,8, 1274,6
258,1, 1252,9
470,9, 1185,2
488,9, 1191,1
534,0, 1198,9
546,8, 1197,2
542,9, 1195,0
539,3, 1195,0
546,9, 1195,4
508,1, 1196,8
492,9, 1185,4
498,5, 1170,1
485,3, 1165,6
514,3, 1019,1
521,9, 947,3
474,0, 790,3
463,2, 781,4
451,3, 769,3
427,7, 743,3
435,2, 751,9
471,3, 721,1
575,1, 696,1
680,8, 689,8
725,2, 675,1
794,9, 678,7
918,2, 719,9
913,5, 714,6
880,8, 686,7
915,3, 709,7
925,1, 707,8
914,4, 697,9
928,1, 701,6
934,9, 703,2
916,6, 690,0
913,9, 685,4
914,4, 682,2
914,3, 676,2
901,2, 663,9
898,4, 668,5
862,4, 641,7
766,3, 621,3
707,9, 595,7
631,2, 557,9
583,5, 524,7
385,0, 417,0
367,4, 422,9
380,4, 417,6
377,0, 414,3
302,5, 362,5
272,2, 353,5
300,4, 368,0
356,2, 394,4
356,4, 390,6
311,9, 525,1
340,0, 495,5
132,6, 715,9
-62,5, 872,9
-7,8, 802,7
-68,9, 877,9
-57,7, 856,9
-51,4, 905,4
-42,3, 921,7
-26,3, 942,8
17,0, 960,0
36,0, 965,4
58,9, 970,9
49,4, 968,9
79,5, 975,7
64,8, 973,1
84,6, 981,0
63,7, 966,9
74,0, 969,6
55,3, 960,1
61,5, 965,0
42,8, 953,1
52,6, 958,6
-82,3, 1110,0
-101,5, 1147,5
-266,1, 1285,5
-325,5, 1279,3
-350,5, 1270,2
-269,5, 1270,8
-277,2, 1266,1
-286,5, 1252,4
-288,8, 1238,1
-285,5, 1218,8
-191,4, 1212,2
-203,6, 1227,7
-359,7, 1210,9
72,8, 916,6
112,8, 1021,6
281,5, 817,3
756,5, 242,1
-24,2, 1297,5
-24,2, 1297,5
-24,2, 1297,5
-245,7, 1271,8
-237,8, 1278,6
-221,5, 1287,8
-170,9, 1321,6
-130,0, 1367,7
-141,8, 1348,7
43,0, 1404,7
43,0, 1404,7
2,9, 1348,1
8,4, 1349,8
63,5, 1374,1
70,2, 1377,6
69,7, 1381,7
68,9, 1385,7
61,3, 1386,8
66,9, 1375,8
98,6, 1348,4
107,6, 1351,3
113,0, 1354,3
101,2, 1363,1
98,8, 1362,8
85,9, 1361,4
64,6, 1360,9
53,9, 1368,3
52,9, 1370,3
43,1, 1373,3
42,8, 1367,2
40,7, 1363,6
41,6, 1360,2
42,3, 1359,5
29,9, 1355,6
30,3, 1349,4
25,9, 1349,9
17,9, 1357,2
16,9, 1357,9
21,8, 1358,0
29,5, 1360,9
25,5, 1365,1
40,4, 1361,3
34,1, 1364,1
54,2, 1358,3
71,5, 1248,5
94,8, 1116,9
68,5, 1188,6
101,8, 1001,4
97,9, 1016,4
106,8, 1172,0
109,5, 1023,8
92,5, 1070,4
1169,8, 1124,7
1055,2, 1104,9
1062,2, 1111,2
1083,0, 1113,7
1101,1, 1108,7
1105,2, 1106,9
1109,5, 1103,0
1112,3, 1100,7
1118,1, 1072,1
1112,3, 1063,9
1154,0, 1028,4
1189,1, 966,4
1200,8, 938,3
1207,2, 926,1
1212,6, 918,9
1220,9, 904,7
1251,2, 866,9
1263,7, 855,7
1278,0, 844,0
1377,4, 814,3
1584,3, 749,2
1661,8, 724,7
1715,3, 763,3
1744,9, 754,9
1776,0, 744,5
1798,3, 709,2
1840,0, 695,7
1869,3, 699,9
1881,2, 704,3
1912,3, 688,4
2010,8, 611,6
2077,6, 560,0
2083,4, 555,8
2104,5, 551,8
2131,3, 541,7
2213,1, 529,9
2219,7, 529,1
2268,5, 518,0
2296,1, 505,9
2332,2, 482,0
2360,9, 470,4
2358,3, 475,7
2375,7, 486,5
2448,0, 488,2
2356,2, 484,0
2344,0, 494,5
1992,6, 441,1
1986,7, 455,1
1982,0, 457,2
1974,9, 451,6
1996,5, 524,6
2005,6, 567,8
2022,6, 614,4
2023,1, 603,4
2028,5, 543,3
2137,3, 512,0
2239,9, 490,8
2333,4, 441,9
2390,2, 437,5
2747,9, 416,3
2534,0, 503,1
2534,0, 503,1
3398,4, 196,8
3498,4, 153,5
3596,3, 99,3
3867,6, -63,8
3856,3, -98,3
3849,6, -118,9
3501,4, -62,2
3326,9, -15,6
2711,5, -63,2
2591,4, -34,9
2283,6, 4,4
2088,8, 37,0
2199,8, 25,5
2253,7, 29,0
2245,9, 26,3
1853,6, 118,9
1849,1, 130,5
1834,3, 92,9
1834,0, 105,0
1751,1, 168,3
1726,9, 160,2
1270,8, 221,4
1010,0, 239,8
530,5, 272,1
681,0, 253,8
763,1, 242,3
-61,4, 178,3
107,6, 266,4
98,9, 245,1
72,4, 239,0
140,7, 289,3
165,7, 304,3
138,6, 296,9
-109,5, 265,1
-159,2, 400,1
-122,2, 402,1
-138,1, 413,2
-145,1, 418,1
-147,0, 384,1
-160,0, 367,4
-154,0, 347,0
-151,4, 338,1
-462,3, 73,7
-96,4, 1085,1
-291,3, 546,2
-462,3, 73,7
-468,3, 27,1
-484,0, 25,4
-663,7, -193,9
-60,3, 1055,6
-46,9, 1063,0
-42,1, 1068,9
-44,3, 1069,5
-433,3, 39,8
-436,3, 28,7
-432,7, 24,6
-475,5, -4,1
-454,4, -1,3
-443,6, 10,1
-604,0, -6,4
-670,8, -13,4
-670,8, -13,4
-610,3, 24,0
-610,3, 24,0
-610,3, 24,0
-640,9, 19,6
-673,5, 4,9
-669,9, 0,5
-664,7, 1,1
-664,7, 1,1
-669,9, -6,2
-669,1, -18,8
-511,2, -81,8
-411,0, -121,8
-340,2, -83,4
-56,4, 80,4
0,8, 74,9
75,1, 124,3
289,3, 234,8
487,6, 264,8
579,7, 285,1
737,1, 327,9
803,4, 342,7
869,5, 354,0
970,7, 378,2
1094,4, 396,2
1344,2, 441,6
1462,2, 457,0
1531,7, 474,7
1539,4, 476,8
1602,0, 494,7
1661,5, 498,8
1684,9, 504,3
1689,5, 504,6
1720,8, 505,4
1768,1, 501,2
1790,2, 504,2
1794,2, 506,9
1833,5, 520,2
1862,6, 528,2
1898,8, 544,1
1938,5, 554,2
1961,5, 560,6
2021,4, 575,7
2029,8, 578,9
2062,1, 592,6
2165,7, 619,7
2287,8, 626,8
2863,8, 622,8
3515,5, 577,9
3821,6, 803,5
3854,5, 802,8
3858,2, 811,7
3858,2, 811,7
3448,8, 977,0
3411,8, 1040,4
3276,1, 1049,9
3405,3, 1077,0
3357,2, 1085,3
3432,9, 1097,8
3217,2, 1124,3
3261,6, 1125,5
3235,8, 1161,7
3205,8, 1157,6
3228,1, 1158,2
3328,0, 1151,1
3294,7, 1149,8
3373,0, 1115,1
3291,2, 1126,3
3312,5, 1132,3
3202,7, 1156,4
3025,8, 1185,6
2665,7, 1232,4
2644,0, 1239,3
2479,5, 1255,5
2202,4, 1285,2
2119,7, 1303,9
2067,1, 1302,9
2058,9, 1299,1
2044,8, 1309,7
2033,0, 1299,4
2034,7, 1308,4
2025,3, 1284,6
2025,1, 1278,8
2035,4, 1290,4
2035,5, 1287,9
2034,7, 1284,5
2036,9, 1303,0
2037,4, 1315,0
1976,8, 1297,4
1707,2, 1223,0
1651,1, 1243,9
1506,8, 1272,1
442,8, 1244,4
439,5, 1227,5
420,5, 1226,9
432,6, 1226,7
407,5, 1216,5
399,8, 1221,4
398,1, 1221,4
390,7, 1227,9
112,6, 1217,6
14,2, 1216,1
-215,6, 1212,6
-225,4, 1227,3
-230,3, 1231,2
-327,7, 1243,5
-393,7, 1223,4
-354,1, 1243,5
-328,1, 1246,2
-323,3, 1247,6
-319,9, 1221,8
-325,1, 1205,2
-321,3, 1191,5
-322,2, 1196,5
-17,3, 1250,5
68,8, 1273,9
69,4, 1274,3
83,3, 1277,4
3,9, 1400,3
168,6, 1448,6
170,2, 1442,7
188,7, 1449,0
231,1, 1475,9
232,5, 1480,1
86,3, 1459,7
14,5, 1441,3
-51,9, 1429,3
-6,3, 1442,7
-78,5, 1418,0
-45,7, 1430,0
-61,1, 1423,4
-1,6, 1451,8
12,7, 1456,5
-32,6, 1442,9
-32,0, 1443,6
-17,8, 1448,4
-52,7, 1437,7
-94,3, 1425,9
-52,8, 1440,0
-39,2, 1442,8
-88,2, 1423,2
-76,7, 1427,1
-82,3, 1425,7
-31,4, 1443,3
22,3, 1462,2
-106,6, 1436,4
-98,2, 1438,5
-144,3, 1436,0
-74,8, 1463,4
-265,5, 1465,0
-235,8, 1479,9
-211,8, 1489,5
-160,4, 1510,9
-257,4, 1494,4
-312,4, 1480,3
-309,4, 1484,1
-337,5, 1474,4
-339,8, 1476,2
-315,9, 1451,0
-315,1, 1444,2
-186,8, 1423,7
-97,5, 1413,1
94,5, 1395,4
184,1, 1386,7
178,5, 1387,0
457,5, 1363,0
499,7, 1360,8
525,0, 1359,3
581,9, 1357,0
602,2, 1346,2
633,1, 1333,6
693,0, 1307,3
808,4, 1263,2
852,0, 1242,1
878,4, 1227,3
929,0, 1201,9
977,8, 1176,7
1007,0, 1166,7
1017,0, 1162,1
1026,7, 1157,9
1048,2, 1153,0
1076,2, 1154,6
1226,0, 1099,1
1269,9, 1079,3
1395,6, 1025,7
1465,0, 996,0
1474,9, 994,6
1506,2, 983,1
1538,6, 968,4
1558,4, 959,8
1573,2, 954,9
1589,5, 940,2
1592,1, 932,8
1470,7, 876,2
1166,4, 747,4
1000,0, 669,7
935,7, 635,1
923,4, 628,7
895,4, 607,8
892,2, 606,2
892,0, 608,3
1886,3, 667,6
2137,4, 615,2
2202,9, 599,8
2238,2, 597,2
2352,5, 576,6
2458,5, 558,1
2669,0, 523,1
2680,0, 522,2
2746,9, 496,3
2750,7, 494,6
2759,3, 491,0
2809,6, 470,4
2806,6, 472,2
2852,2, 456,8
3080,9, 409,7
3412,9, 338,3
3316,1, 353,3
3609,6, 260,0
3695,9, 285,8
3741,2, 301,6
3757,2, 286,4
3709,7, 314,6
3751,2, 280,3
3783,9, 288,7
3873,3, 282,5
3644,4, 385,0
3662,8, 346,9
3652,5, 340,7
3687,1, 334,7
3662,7, 328,6
3472,6, 324,9
3454,5, 312,7
3326,2, 211,2
2961,3, 308,0
2643,3, 357,5
2622,3, 353,4
2507,6, 358,8
2216,9, 396,8
1988,7, 431,7
1990,8, 403,7
2002,6, 291,1
2015,0, 275,3
2016,5, 269,9
2025,6, 244,8
2049,5, 195,4
2051,6, 190,2
2049,7, 176,3
2022,4, 181,0
1952,4, 182,4
1473,6, 98,8
1466,3, 101,1
1335,7, 93,9
1318,0, 93,4
1267,8, 122,6
1269,5, 148,6
1270,2, 154,7
1279,2, 167,6
1276,8, 163,6
1278,6, 165,4
1267,2, 151,2
1252,3, 129,7
1251,7, 124,5
1238,1, 95,5
1237,0, 81,2
1232,4, 70,8
1232,2, 67,0
1233,4, 71,0
1233,6, 71,7
1235,0, 77,3
1235,7, 74,0
1238,5, 72,7
1239,3, 73,2
1236,1, 59,6
1235,8, 61,3
1234,8, 62,4
1154,3, 38,5
1053,5, 22,5
1060,6, 25,0
1191,6, 46,0
1179,1, 52,1
1123,1, 47,9
919,6, 8,7
481,5, -58,0
234,0, -81,0
234,5, -77,1
297,2, -4,1
401,2, 134,1
430,0, 171,1
481,0, 249,0
483,7, 252,8
467,2, 224,3
336,8, 238,4
221,6, 244,3
143,3, 263,4
85,2, 255,1
-326,1, 199,0
-347,1, 158,4
-331,2, 154,2
-324,2, 152,3
-324,2, 152,3
-404,0, 57,6
-357,8, 276,5
-326,1, 350,4
-378,2, 94,2
-399,3, 54,6
-400,5, 51,7
-312,6, 122,7
-312,4, 113,4
-324,9, 110,6
-314,2, 111,1
-297,2, 142,7
-293,1, 153,2
-290,8, 159,8
-307,9, 132,4
-318,6, 129,9
-309,0, 139,8
-307,8, 130,4
-280,6, 123,0
64,3, 39,3
131,6, 54,2
503,5, 102,1
799,6, 108,1
770,6, 110,4
935,3, 126,6
1250,8, 173,9
1205,0, 161,5
1455,1, 186,0
1630,6, 178,1
1715,3, 110,6
1731,5, -5,2
1747,8, -86,2
1750,4, -73,7
1751,5, -93,2
1778,5, -152,5
1793,1, -191,4
1795,9, -189,6
1803,9, -189,1
1779,4, -199,6
3028,0, -256,3
3028,0, -256,3
3000,8, -234,1
2878,8, -177,1
2849,3, -167,2
2812,1, -154,1
2608,6, -147,9
2038,3, -88,3
2105,6, -104,8
1564,1, -112,3
1424,7, -94,2
1089,1, -5,5
-219,8, 2738,0
272,2, -151,8
272,2, -151,8
272,2, -151,8
272,2, -151,8
174,9, -2,5
180,0, -13,9
174,5, -38,8
74,9, -183,2
8,7, -264,1
12,8, -259,8
21,4, -261,5
157,2, -284,6
130,2, -277,3
863,1, 127,3
1009,1, 206,3
1230,3, 325,3
1244,9, 333,3
1255,1, 341,1
1272,9, 351,8
1294,1, 355,8
1282,0, 348,9
1307,6, 334,4
1327,2, 315,9
1337,7, 299,0
1363,4, 265,5
1373,8, 265,5
1386,2, 263,0
1390,9, 260,3
1406,7, 254,6
1417,8, 246,0
1428,8, 243,2
1442,8, 250,1
1448,9, 254,8
1468,0, 274,5
1770,0, 762,8
1787,1, 806,8
1814,3, 856,8
1844,4, 911,3
1852,0, 929,3
1855,5, 937,7
1858,1, 947,2
1840,0, 1008,7
1758,9, 1338,6
1757,3, 1350,5
1735,8, 1358,4
1729,7, 1382,7
1732,4, 1382,6
1717,7, 1365,7
1725,1, 1380,9
1739,6, 1386,1
1750,3, 1398,9
1749,1, 1409,8
1694,0, 1407,2
1565,2, 1409,4
1536,0, 1412,6
1490,8, 1418,3
1492,1, 1418,9
1497,1, 1426,5
1496,7, 1423,7
1495,0, 1421,0
1489,7, 1419,6
1481,5, 1405,4
1507,0, 1415,8
1508,9, 1419,7
1490,5, 1420,1
1504,4, 1421,5
1267,4, 1399,6
954,8, 1355,7
951,1, 1361,6
737,9, 1328,2
323,8, 1260,7
39,9, 1207,4
49,8, 1204,6
-30,2, 1191,6
-124,6, 1152,1
-98,6, 1160,2
-73,2, 1173,2
-125,9, 1156,7
-95,4, 1169,8
-116,9, 1161,0
-56,5, 1176,6
77,2, 1194,3
75,3, 1179,4
112,0, 1179,6
109,7, 1181,4
135,0, 1208,8
74,6, 1196,6
114,3, 1206,4
108,0, 1211,0
66,1, 1193,0
80,8, 1198,6
76,8, 1196,3
77,3, 1193,9
90,4, 1195,9
150,1, 1216,9
203,2, 1235,2
166,5, 1217,5
151,1, 1211,0
80,2, 1167,5
46,7, 1147,3
18,1, 1141,8
-48,0, 1004,6
-169,7, 877,6
-206,1, 863,4
-242,7, 868,3
-208,5, 897,0
-166,7, 906,6
-162,9, 896,8
-141,0, 919,2
-67,8, 946,5
-102,3, 618,4
-132,6, 462,7
-35,7, 754,7
35,9, 1005,2
84,2, 1103,1
32,5, 1200,2
92,0, 1216,6
55,9, 1201,8
14,5, 1188,3
24,1, 1190,0
14,9, 1188,1
98,5, 1214,6
67,8, 1210,4
57,4, 1206,2
91,4, 1214,4
6,3, 1187,4
42,6, 1196,4
18,5, 1194,3
26,6, 1192,7
-34,3, 1185,7
-8,2, 1193,2
3,4, 1184,1
-58,0, 1208,4
-64,4, 1219,2
-58,6, 1224,1
-16,3, 1223,2
41,2, 1289,1
-25,6, 1271,3
14,4, 1283,9
-64,6, 1267,6
-58,8, 1266,9
-72,7, 1264,8
-49,7, 1267,3
-107,8, 1263,9
-79,7, 1262,7
-128,2, 1252,6
-65,3, 1264,9
-114,5, 1259,6
-73,6, 1267,1
-88,1, 1269,0
-58,7, 1274,4
-1,4, 1283,3
-14,6, 1280,8
7,4, 1282,5
-85,8, 1265,1
-52,8, 1267,4
-48,0, 1266,8
-5,8, 1273,9
49,4, 1277,1
27,8, 1274,9
22,2, 1274,8
50,1, 1279,6
-6,9, 1274,3
-24,5, 1264,7
-23,7, 1265,6
-120,1, 1254,4
-28,8, 1267,0
43,7, 1249,1
199,1, 1229,7
353,1, 1196,2
411,9, 1187,8
571,2, 1167,7
645,4, 1150,2
677,5, 1145,4
743,3, 1149,5
789,0, 1119,5
821,4, 1116,3
897,9, 1115,9
918,8, 1117,2
942,7, 1122,6
974,7, 1117,2
966,2, 1113,2
1041,8, 1082,5
1078,7, 1071,2
1093,5, 1058,7
1091,1, 1020,3
1104,3, 996,1
1141,4, 961,7
1167,3, 941,8
1191,4, 941,8
1224,8, 934,4
1281,6, 925,1
1268,7, 924,7
1322,0, 912,1
1339,9, 905,7
1397,8, 890,2
1476,8, 877,0
1519,8, 877,6
1529,0, 876,7
1552,3, 860,2
1562,2, 849,3
1617,9, 825,1
1669,8, 802,9
1689,0, 796,6
1770,2, 775,6
1788,9, 773,7
1818,1, 777,7
1844,6, 768,1
1895,0, 752,8
1896,9, 755,6
1934,6, 756,1
1983,9, 745,3
1993,2, 748,8
1988,1, 745,8
2042,0, 742,3
2121,7, 715,1
2181,1, 689,0
2207,1, 681,5
2211,0, 643,9
2214,6, 645,4
1829,6, 616,3
1848,4, 615,4
1569,8, 581,3
1315,4, 549,4
1044,9, 511,9
1002,5, 502,5
932,1, 492,2
904,6, 475,2
846,2, 442,6
859,1, 469,7
850,2, 456,7
821,6, 411,7
782,7, 399,3
815,1, 417,4
791,7, 392,3
745,8, 398,3
497,4, 347,0
287,0, 305,5
302,5, 317,3
259,0, 301,8
253,3, 302,5
267,2, 310,3
240,3, 302,8
217,9, 293,0
225,6, 286,0
246,9, 303,6
227,0, 303,3
252,8, 318,8
246,5, 319,6
289,2, 341,5
293,1, 349,8
297,6, 352,2
400,7, 420,1
378,7, 401,4
373,0, 396,8
392,0, 407,3
383,1, 387,9
399,2, 403,9
394,3, 390,2
345,7, 362,9
373,0, 382,0
348,9, 368,2
344,0, 363,5
371,4, 382,6
337,3, 362,0
357,2, 371,9
335,4, 360,5
310,1, 345,5
338,9, 363,5
302,0, 341,9
277,6, 328,1
336,5, 361,3
301,4, 338,5
283,9, 322,1
340,5, 350,2
293,9, 350,3
298,6, 360,0
10,9, 342,4
-175,6, 400,0
-391,6, 446,9
-422,1, 448,7
-431,4, 407,7
-432,6, 393,8
-444,2, 393,0
-448,3, 359,6
-445,9, 343,6
-445,1, 343,0
-642,3, -57,9
-637,9, -91,4
-636,0, -106,4
-667,3, -174,9
-667,3, -174,9
-667,3, -174,9
-665,3, -199,7
-664,4, -210,6
-664,4, -210,6
-664,4, -210,6
-441,5, 553,4
-227,3, 807,4
-259,4, 784,3
-234,8, 825,8
-255,7, 803,3
-232,7, 837,4
-227,5, 843,0
-210,2, 872,0
-205,1, 874,5
-157,2, 887,4
-166,4, 889,0
-174,0, 887,0
-237,1, 868,5
-203,9, 882,2
-201,9, 882,4
-222,1, 877,0
-148,2, 906,9
-147,7, 910,7
-168,0, 887,4
-166,4, 889,9
-153,3, 891,3
-139,8, 905,2
-130,4, 914,7
-99,9, 930,2
-115,1, 819,7
-137,2, 816,4
-162,6, 864,3
-128,0, 780,3
-113,7, 784,1
-68,6, 748,1
-63,9, 804,6
-7,6, 827,0
77,1, 849,5
66,2, 889,0
39,4, 794,1
66,5, 762,9
71,6, 765,0
53,8, 816,9
65,8, 814,4
84,0, 799,7
107,1, 780,7
106,9, 780,9
83,4, 786,0
72,3, 784,9
61,2, 779,7
15,8, 749,4
-154,0, 703,8
-184,6, 683,5
-268,6, 649,5
-278,5, 641,1
-282,8, 637,4
-278,7, 638,5
-70,5, 700,6
105,7, 667,3
123,1, 654,8
124,0, 654,2
377,9, 648,9
677,6, 635,9
656,5, 606,8
641,2, 587,7
617,3, 562,9
595,1, 534,2
570,4, 478,3
543,8, 431,7
594,7, 366,2
591,1, 357,4
601,4, 349,5
645,3, 328,8
855,5, 240,5
896,5, 228,5
874,4, 242,2
1071,9, 186,6
1096,4, 180,0
1111,4, 157,1
1143,9, 137,3
1165,6, 107,4
1171,0, 98,5
1224,9, 15,9
1241,7, 1,5
1281,0, -5,1
1345,8, -31,1
1376,9, -42,0
1522,3, -99,8
1583,0, -121,9
1648,9, -143,6
1689,5, -156,5
1726,9, -173,5
1770,7, -193,4
1766,2, -196,2
1798,7, -226,0
1813,7, -237,9
1810,8, -240,7
1806,9, -240,6
1829,0, -246,7
1801,6, -240,7
1801,2, -241,5
1842,0, -253,2
1900,0, -265,5
2015,6, -267,9
2120,4, -253,6
2120,0, -254,0
2124,0, -255,6
2131,6, -256,5
2133,2, -256,9
2134,0, -252,8
2135,0, -251,2
2136,9, -244,0
2144,4, -240,3
2152,4, -234,6
2161,1, -209,3
2166,5, -218,6
2099,0, -154,1
2066,8, -122,4
1725,2, 222,3
1458,1, 407,2
1329,4, 457,2
1211,3, 487,9
1138,4, 485,0
927,3, 547,0
371,7, 460,5
398,7, 471,5
97,0, 420,2
94,5, 472,9
109,9, 484,9
38,8, 463,3
28,4, 450,4
21,1, 451,3
41,9, 467,0
92,8, 500,8
75,3, 485,3
112,2, 515,6
132,0, 528,0
143,0, 526,1
132,7, 515,8
141,1, 515,2
174,6, 540,0
175,5, 536,4
204,8, 555,3
215,4, 568,1
255,9, 605,7
227,3, 579,5
227,3, 580,0
239,4, 593,1
251,7, 599,5
237,1, 583,2
236,1, 581,7
232,9, 590,4
235,5, 588,6
238,9, 589,8
234,3, 591,7
227,5, 590,3
184,2, 586,6
111,6, 578,4
-387,8, 495,2
-440,1, 470,4
-432,4, 472,6
-437,2, 461,0
-438,7, 449,3
-421,4, 453,6
-413,9, 456,8
-464,1, 333,8
-433,1, 348,7
-423,4, 335,3
-428,6, 337,9
-429,4, 311,3
-428,1, 307,6
-428,9, 307,4
-463,5, 288,0
-486,3, 276,1
-497,8, 264,4
-483,3, 257,0
-449,2, 228,6
-397,8, 233,4
-397,8, 226,6
-486,9, 347,9
-448,7, 306,6
-447,0, 299,3
-447,5, 295,5
-450,6, 295,4
-450,1, 300,0
-447,5, 304,1
-445,5, 304,3
-444,3, 304,7
-466,6, 308,1
-464,4, 315,0
-464,8, 314,7
-458,1, 319,8
-458,1, 319,8
199,7, 631,8
441,8, 719,5
416,3, 705,2
407,5, 700,4
371,6, 684,0
361,8, 680,5
312,5, 654,6
269,6, 629,1
276,1, 632,3
241,9, 618,4
229,9, 614,9
231,2, 603,5
233,0, 605,0
261,3, 609,4
295,7, 642,2
662,3, 693,6
1371,2, 835,8
1515,4, 879,4
1557,6, 891,6
1576,0, 895,4
1598,9, 900,0
1770,7, 939,4
1793,1, 926,3
1827,4, 904,7
1867,5, 924,0
1885,8, 931,6
1893,1, 932,8
1901,0, 932,6
1924,4, 932,0
1952,3, 934,9
1993,6, 936,2
2010,2, 942,1
2018,3, 940,8
2062,3, 946,1
2115,7, 944,0
2228,4, 940,1
2361,6, 936,9
2461,8, 939,1
2848,1, 965,1
3165,4, 981,1
3249,1, 987,7
3280,6, 984,9
3373,9, 991,4
3612,5, 985,6
3675,9, 993,6
3669,2, 1015,5
3652,6, 1036,4
3638,3, 1046,1
3424,8, 1110,5
3400,2, 1117,3
3411,5, 1112,8
3432,2, 1107,0
3448,0, 1116,3
3445,7, 1115,7
3461,2, 1128,8
3466,8, 1137,6
3470,2, 1143,9
3488,7, 1145,2
3495,5, 1142,4
3497,0, 1137,0
3499,5, 1139,6
3500,4, 1161,3
3497,7, 1173,0
3496,9, 1169,1
3470,8, 1160,2
3460,8, 1163,1
3447,3, 1161,8
3423,7, 1157,7
3430,3, 1159,2
3431,0, 1163,9
3439,7, 1164,8
3434,7, 1167,5
3439,1, 1171,5
3450,4, 1173,6
3443,0, 1174,5
3441,0, 1174,7
3436,5, 1163,6
3432,7, 1163,4
3425,7, 1164,9
3415,1, 1208,3
3043,1, 1272,8
2212,4, 1377,4
2159,4, 1376,9
1688,6, 1382,8
1260,4, 1357,3
979,9, 1370,7
928,5, 1359,7
925,1, 1354,6
919,2, 1345,6
929,7, 1373,2
926,8, 1359,0
927,7, 1372,4
864,8, 1327,5
889,9, 1341,4
879,1, 1335,8
683,1, 1316,8
295,1, 1276,1
64,0, 1264,1
111,7, 1250,5
87,1, 1248,9
24,2, 1240,6
-403,2, 1161,9
-448,6, 1077,4
-463,8, 1079,0
-465,7, 1082,7
-60,1, 1214,7
17,1, 1242,5
19,9, 1242,5
30,2, 1243,3
37,6, 1235,6
49,6, 1232,5
31,3, 1230,0
51,5, 1243,5
36,2, 1244,5
35,5, 1244,9
58,1, 1251,2
56,1, 1250,7
61,8, 1249,6
54,5, 1248,1
50,0, 1245,8
42,0, 1242,7
85,6, 1251,9
136,0, 1267,4
104,8, 1258,4
137,0, 1264,3
119,6, 1264,9
106,9, 1263,1
46,2, 1236,9
58,1, 1244,6
40,5, 1234,5
40,3, 1229,5
27,7, 1223,3
92,7, 1244,7
52,9, 1233,4
50,3, 1231,6
67,0, 1242,1
56,0, 1250,7
9,0, 1237,9
-58,2, 1278,9
-55,6, 1256,0
-127,9, 1324,5
-145,1, 1359,8
-201,2, 1371,2
-270,3, 1409,1
-275,5, 1414,0
-248,3, 1416,8
-234,2, 1425,8
-178,2, 1429,5
39,6, 1448,4
34,7, 1448,1
51,4, 1437,9
58,5, 1419,3
59,8, 1427,6
62,9, 1430,2
61,8, 1421,4
53,0, 1420,5
62,6, 1413,5
70,1, 1419,5
54,7, 1403,9
49,2, 1417,3
51,5, 1417,0
64,3, 1430,2
70,0, 1442,4
76,7, 1446,9
-22,7, 1437,1
8,4, 1441,4
-53,3, 1416,2
-91,9, 1404,0
-89,4, 1398,9
-64,2, 1408,0
-57,6, 1409,6
85,6, 1397,9
185,8, 1410,6
437,8, 1349,4
492,0, 1332,0
647,7, 1288,6
668,1, 1260,1
723,0, 1207,6
715,6, 1200,7
715,3, 1177,3
719,2, 1128,8
761,5, 1085,9
776,7, 1080,0
849,4, 1076,7
867,9, 1070,3
892,3, 1062,2
925,0, 1047,2
943,7, 1045,0
1088,9, 1026,1
1157,7, 1012,1
1252,6, 978,0
1290,2, 973,2
1310,1, 967,1
1367,0, 943,5
1377,9, 939,2
1406,3, 928,1
1427,6, 920,0
1460,7, 896,9
1470,7, 894,8
1481,8, 882,4
1521,9, 852,6
1604,5, 819,9
1640,3, 806,1
1654,0, 804,2
1681,2, 798,1
1731,4, 781,2
1748,2, 775,2
1781,1, 765,4
1842,2, 739,8
1880,5, 724,2
1922,0, 711,1
1954,0, 727,3
2099,5, 776,7
2152,4, 757,7
2569,4, 561,0
2605,3, 545,2
2768,6, 463,2
2801,0, 460,0
2771,7, 471,6
2820,2, 456,0
2869,4, 441,1
2903,6, 427,2
2918,0, 420,7
2917,7, 423,5
2939,4, 437,6
2939,6, 437,2
2938,9, 447,4
2940,0, 458,4
2943,6, 467,7
2946,7, 471,6
2950,7, 462,1
2983,8, 442,3
3031,5, 412,0
3108,0, 369,2
3122,9, 326,8
3158,5, 297,5
3194,3, 271,8
3216,1, 310,7
3176,2, 358,1
3085,1, 413,5
3041,6, 442,0
3108,3, 537,8
3076,5, 534,6
3107,9, 537,3
3190,3, 546,5
3273,3, 552,3
3264,5, 499,4
3254,4, 488,3
3279,1, 417,6
3260,9, 348,8
3389,5, 279,5
3342,0, 276,1
3295,0, 222,4
3254,6, 244,0
3126,2, 297,6
2925,3, 429,9
2090,7, 806,2
1977,5, 832,5
1819,5, 821,4
1685,2, 739,5
1536,8, 635,8
1483,6, 603,1
1494,4, 618,5
1538,5, 679,4
1531,4, 672,9
1520,2, 653,5
1458,1, 588,9
1455,8, 589,4
1380,1, 531,1
1275,1, 485,5
1061,4, 419,0
912,0, 420,7
811,3, 447,0
738,8, 454,8
746,6, 476,9
765,1, 512,3
753,8, 510,1
761,3, 513,8
738,6, 502,6
698,7, 459,5
675,8, 425,9
672,8, 419,5
670,6, 411,4
653,8, 391,2
655,1, 392,9
662,2, 396,1
654,9, 393,6
655,6, 396,2
658,1, 405,5
661,3, 410,2
664,4, 411,7
727,5, 479,3
991,6, 718,4
1161,6, 874,2
1278,7, 986,6
1435,0, 1136,2
1750,6, 1471,8
1754,2, 1466,5
1781,7, 1491,4
1790,6, 1446,3
1793,3, 1444,6
1787,6, 1447,1
1792,9, 1431,3
1792,7, 1431,0
1784,9, 1429,4
1729,5, 1443,4
1708,6, 1452,4
1698,7, 1458,7
1645,8, 1481,6
1649,2, 1457,9
1643,0, 1456,7
1626,8, 1464,0
1610,0, 1478,1
1604,6, 1484,1
1618,0, 1496,4
1621,7, 1494,2
1635,5, 1480,1
1616,3, 1478,0
1634,4, 1478,0
1621,7, 1470,9
1572,3, 1481,1
1543,3, 1449,3
1373,0, 1395,5
1009,1, 1321,0
509,4, 1210,3
470,3, 1195,7
405,6, 1172,9
359,9, 1161,3
299,6, 1118,1
241,2, 1091,3
144,7, 1051,0
85,5, 1037,0
7,6, 1015,4
24,8, 1036,3
76,3, 1072,8
91,4, 1059,1
85,0, 1071,4
86,3, 1074,5
118,0, 1085,2
114,7, 1084,2
130,8, 1107,0
176,5, 1137,0
-53,1, 1189,7
-121,0, 1191,5
-112,1, 1194,8
-153,5, 1198,1
-118,9, 1214,0
-193,2, 1217,7
-153,7, 1233,6
-166,1, 1231,8
-157,0, 1233,4
-162,2, 1232,8
-118,6, 1237,8
-50,5, 1258,0
-152,6, 1251,3
-167,2, 1250,5
-329,7, 1229,8
-386,2, 1209,5
-439,8, 1194,4
-434,1, 1193,1
-388,6, 1184,2
-381,7, 1174,7
-391,7, 1180,1
-292,1, 1211,3
-253,2, 1217,6
-237,4, 1234,1
-240,6, 1240,1
-223,9, 1250,8
-219,7, 1251,2
-225,2, 1246,6
-245,3, 1208,1
-152,7, 1219,6
-39,3, 1240,9
133,0, 1287,3
145,1, 1288,9
193,6, 1293,0
198,3, 1289,5
209,0, 1289,1
209,4, 1289,3
233,1, 1297,8
298,1, 1307,8
386,9, 1314,4
378,1, 1319,6
585,3, 1346,2
693,7, 1350,1
761,8, 1341,0
856,4, 1337,3
894,7, 1343,4
915,8, 1337,5
933,7, 1334,1
948,8, 1345,8
959,5, 1350,2
1019,8, 1350,2
1030,6, 1343,4
1041,2, 1342,8
1078,7, 1338,1
1094,8, 1339,5
1119,3, 1338,5
1152,1, 1330,4
1173,0, 1333,9
1183,1, 1336,1
1194,2, 1332,9
1218,0, 1326,2
1238,3, 1313,9
1458,8, 1380,4
1467,6, 1379,8
1462,4, 1376,6
1469,3, 1355,8
1476,1, 1348,0
1484,7, 1358,5
1499,3, 1371,2
1505,0, 1355,6
1495,9, 1339,4
1520,8, 1348,5
1531,2, 1362,0
1561,7, 1368,8
1583,0, 1364,2
1567,0, 1349,0
1579,3, 1356,4
1583,3, 1349,2
1591,7, 1357,7
1604,2, 1365,8
1603,9, 1365,0
1613,9, 1365,2
1612,2, 1368,3
1611,9, 1367,2
1613,0, 1364,7
1628,4, 1362,3
1636,0, 1359,2
1634,5, 1355,0
1633,8, 1346,8
1636,2, 1345,2
1626,1, 1331,6
1608,9, 1328,5
1548,2, 1281,5
1369,0, 1173,6
1337,3, 1152,7
1279,1, 1120,7
1082,8, 999,9
1081,8, 997,1
1085,1, 996,2
1070,9, 985,4
1067,6, 968,2
1069,9, 968,8
1070,4, 968,6
1082,6, 983,2
1076,3, 977,0
1090,1, 990,0
1094,9, 996,0
1093,2, 989,7
1097,3, 986,9
1098,4, 985,3
1097,9, 988,9
1102,8, 993,0
1102,1, 993,6
1103,6, 990,6
1102,9, 987,2
1101,2, 988,3
1095,5, 987,8
1094,5, 985,7
1012,0, 914,4
1010,7, 908,0
841,9, 748,2
808,3, 719,5
778,3, 694,8
698,4, 627,5
705,4, 634,3
731,6, 648,4
707,4, 634,5
725,4, 647,9
722,6, 638,6
722,6, 616,9
723,6, 616,1
730,0, 626,4
731,2, 632,6
733,4, 631,7
734,2, 631,2
726,9, 634,1
725,3, 650,2
719,5, 644,1
518,6, 674,2
-461,4, 815,8
-497,5, 910,8
-501,4, 914,9
-501,6, 894,3
-535,0, 854,7
-517,3, 838,8
-538,9, 808,0
-528,3, 808,0
-536,5, 797,9
-551,3, 783,9
-49,4, 916,4
48,3, 958,8
50,8, 963,1
58,4, 960,2
-607,4, 772,3
-582,8, 779,2
-581,8, 750,7
-598,2, 722,3
-598,9, 712,4
-611,2, 687,2
-637,1, 651,5
-552,2, 661,9
-526,9, 673,5
-531,5, 651,9
-515,5, 687,5
-542,0, 685,8
-515,0, 666,8
-513,6, 629,6
-547,2, 634,4
-531,6, 652,9
-500,8, 665,1
-493,8, 667,3
-492,2, 667,8
-182,4, 648,1
-6,8, 641,3
40,9, 623,1
26,4, 606,0
24,7, 595,8
85,2, 598,4
318,1, 648,6
327,6, 648,7
361,3, 656,9
509,9, 679,1
648,5, 708,6
577,7, 685,0
765,4, 702,2
859,9, 709,9
915,5, 709,2
936,8, 668,1
927,8, 669,0
938,4, 656,7
962,1, 650,7
995,2, 629,9
2779,5, 260,6
379,8, 762,6
-26,6, 535,0
-16,9, 538,6
-12,6, 540,2
-177,0, 435,0
-416,2, 276,9
-411,0, 250,8
-423,4, 255,1
-429,0, 262,4
-498,9, 970,4
-530,3, 1287,8
-593,0, 1368,6
-620,1, 1403,5
-620,1, 1403,5
-467,5, 712,2
-161,2, 738,5
-113,1, 687,3
-74,9, 702,0
-98,9, 690,8
-59,4, 694,1
-54,4, 716,4
-66,8, 711,6
-74,1, 687,2
-93,6, 643,1
-114,8, 620,9
-76,8, 617,6
-54,6, 618,6
-50,6, 621,5
-38,2, 628,5
-15,2, 634,3
-18,9, 619,6
-78,4, 577,6
-123,3, 527,1
-135,2, 475,6
-152,0, 337,7
-148,2, 280,5
-174,6, 270,5
-175,7, 274,4
-170,1, 277,8
200,0, 1301,7
168,4, 1302,6
154,5, 1303,0
-247,5, 232,4
-260,8, 221,1
-261,1, 218,8
-242,0, 246,6
-251,3, 228,0
-266,1, 201,2
155,8, 1114,3
238,5, 1313,3
-301,1, 193,1
-285,2, 194,8
-278,2, 195,5
346,7, -8,8
360,0, -13,6
323,9, -52,2
329,9, -58,6
351,0, -67,0
526,9, -82,1
493,0, -87,5
559,9, -94,5
595,3, -148,3
617,3, -158,1
639,1, -169,5
660,7, -185,6
657,7, -235,7
659,5, -243,5
661,7, -251,5
667,4, -248,6
665,7, -247,4
678,8, -239,4
709,6, -200,4
718,5, -192,4
732,8, -173,3
737,3, -169,8
780,8, -108,1
784,1, -103,8
780,6, -109,9
787,4, -112,3
785,5, -116,6
770,5, -124,8
760,1, -124,1
707,8, -79,8
640,6, 73,6
602,6, 131,5
577,2, 122,0
560,0, 194,3
534,5, 167,4
535,2, 170,7
557,5, 178,7
518,8, 170,4
443,7, 147,6
381,3, 228,1
365,7, 384,1
364,7, 404,5
361,1, 585,7
281,3, 535,7
290,7, 537,6
321,7, 544,5
297,6, 549,6
290,7, 540,9
255,7, 581,5
250,5, 596,5
214,8, 678,2
171,1, 757,7
121,2, 930,4
11,7, 1023,2
10,4, 1088,5
24,4, 1152,6
54,9, 1184,0
89,4, 1224,0
151,0, 1288,4
144,7, 1279,1
144,3, 1275,1
322,0, 1264,9
686,4, 1235,4
935,7, 1222,1
987,9, 1209,9
1164,6, 1184,5
1324,6, 1163,6
1557,6, 1119,9
1744,4, 1080,6
2164,1, 992,7
2374,5, 946,4
2410,3, 938,9
2724,8, 909,6
3034,2, 887,0
3033,5, 890,2
2998,0, 907,0
3018,1, 892,5
3026,9, 887,4
3027,5, 886,6
3030,3, 885,7
3041,5, 884,2
3206,3, 826,8
3181,3, 834,3
3245,9, 813,0
3264,2, 804,5
3315,3, 773,7
3320,9, 774,9
2941,5, 801,9
2835,0, 808,4
2814,9, 810,1
2738,7, 814,9
2643,8, 819,4
2586,9, 815,8
2325,8, 811,0
1823,5, 789,2
1858,2, 788,7
1541,3, 749,2
1427,2, 737,4
1318,8, 720,7
1072,6, 988,3
-71,7, 404,7
301,5, 592,1
69,7, 464,1
108,3, 480,3
231,6, 543,7
-372,5, 298,3
-229,8, 336,6
-365,2, 299,2
-333,3, 306,4
-511,7, 561,0
-564,1, 622,5
-487,3, 426,0
-476,8, 455,7
-478,3, 442,0
-473,1, 446,3
-494,4, 448,5
-544,5, 633,2
-486,9, 742,2
-469,4, 739,5
-483,8, 728,3
-487,3, 726,2
-487,3, 726,2
-561,3, 726,2
-585,3, 725,6
-582,3, 730,3
-569,6, 743,4
-571,1, 751,3
-577,1, 746,0
-575,5, 740,8
-561,9, 746,1
-556,0, 742,4
-461,8, 737,7
-452,7, 753,9
-444,0, 763,5
-526,7, 736,0
-402,6, 721,0
-255,0, 737,5
208,3, 815,9
215,0, 824,2
598,5, 868,3
721,9, 875,9
871,9, 876,6
1152,8, 901,6
1228,8, 896,1
1303,4, 893,6
1554,8, 870,3
1551,4, 865,0
1560,1, 871,8
1561,9, 878,2
1561,6, 873,8
1563,1, 878,8
1566,4, 904,5
1557,9, 1149,4
1570,3, 1238,1
1569,0, 1235,5
1571,4, 1270,3
1569,3, 1257,7
1581,4, 1354,0
1589,5, 1399,2
1589,4, 1398,9
1586,6, 1404,5
1593,2, 1404,6
1594,3, 1408,1
1583,3, 1389,1
1580,8, 1390,8
1583,8, 1392,2
1584,5, 1395,4
1589,9, 1401,4
1605,2, 1412,9
1600,1, 1410,7
1617,8, 1412,2
1665,9, 1413,9
1679,5, 1416,3
1683,5, 1427,0
1713,0, 1425,4
1768,1, 1454,2
1758,7, 1445,9
1766,4, 1445,1
1787,3, 1444,8
1781,5, 1432,6
1777,2, 1420,2
1780,5, 1411,9
1782,6, 1433,4
1784,2, 1433,9
1779,7, 1433,2
1774,6, 1430,0
1761,2, 1422,9
1767,8, 1426,7
1730,2, 1380,3
1470,4, 1049,1
1259,8, 812,4
1091,7, 662,2
1087,5, 653,0
1024,4, 605,3
962,9, 561,2
982,6, 622,6
964,6, 580,3
961,2, 570,8
965,0, 566,9
965,6, 565,4
971,5, 570,9
973,2, 569,0
974,1, 568,4
974,3, 569,0
975,7, 570,2
969,4, 564,7
967,0, 559,2
967,2, 559,6
966,4, 556,8
963,7, 548,4
983,2, 586,7
981,8, 579,1
1000,7, 648,8
1227,2, 1491,0
1333,6, 2780,2
1349,7, 2632,8
1348,3, 2680,2
1352,8, 2625,0
1352,0, 2765,2
1352,3, 2822,0
1353,9, 2821,8
1895,1, 3146,9
1895,1, 3146,9
2012,2, 3113,0
2131,4, 3078,4
2156,3, 3075,4
2215,1, 3072,2
2193,1, 3089,5
2263,9, 3081,1
2357,4, 3086,5
2407,2, 3091,1
2493,7, 3071,6
2492,8, 3070,4
2462,8, 3081,0
2459,2, 3081,9
2375,6, 2975,6
1959,7, 2406,8
1697,3, 2155,3
1664,0, 2071,3
1780,8, 2206,5
1599,5, 2015,0
1411,1, 1790,7
86,2, 685,1
-454,3, 460,1
-435,3, 479,6
-424,7, 487,8
-446,3, 470,7
-452,1, 465,4
-400,9, 501,0
-403,6, 499,5
-419,0, 489,1
-452,9, 463,5
-453,9, 457,8
-567,4, 744,8
-565,1, 753,9
-561,7, 756,1
-563,8, 748,8
-565,4, 745,2
-565,4, 745,2
-551,8, 752,2
-544,0, 750,0
-538,8, 751,4
-541,0, 737,0
-547,7, 806,6
-540,7, 815,7
-542,0, 818,5
-544,4, 817,4
-604,9, 656,8
-604,9, 656,8
-600,0, 667,8
-580,4, 682,7
-584,6, 696,1
-578,1, 694,9
-582,2, 690,6
-554,1, 805,3
-513,3, 793,2
-536,2, 790,0
-566,8, 783,3
-576,6, 771,8
-606,2, 752,8
-640,4, 732,5
-572,4, 731,4
-561,9, 712,7
-572,6, 703,5
-607,5, 676,9
-664,0, 623,9
-649,7, 632,1
-634,0, 643,6
-630,2, 649,1
-624,6, 654,6
-636,1, 640,1
-627,2, 637,0
-651,2, 628,3
-667,4, 623,0
-649,6, 615,6
-631,7, 618,8
-511,4, 732,6
-475,3, 756,2
-413,1, 784,2
-414,3, 779,8
-397,1, 797,8
-391,8, 805,4
-383,5, 806,9
-381,7, 794,9
-382,3, 789,7
-367,6, 819,0
-357,6, 780,0
-360,2, 767,4
-362,3, 765,6
-166,0, 642,8
-170,4, 627,3
-164,2, 621,9
-166,4, 619,3
-209,9, 596,2
-225,6, 588,6
-227,9, 589,9
-227,9, 589,9
-208,3, 593,3
-171,3, 592,5
-181,0, 581,2
-191,2, 586,5
-193,0, 592,0
-194,0, 593,5
-530,9, 17,2
-541,1, 16,3
-532,3, 28,4
-488,7, 56,5
-496,3, 44,4
-526,3, 27,8
-492,9, 52,1
-490,9, 39,0
-495,5, 23,0
-500,5, 8,2
-499,6, -11,5
-477,3, 21,5
-508,4, 4,6
-504,2, -4,7
-522,1, -26,8
-498,6, 17,6
-387,5, 194,4
-351,1, 250,3
-335,2, 287,4
-346,1, 298,6
-386,2, 345,2
-436,9, 326,6
-447,0, 327,5
-442,8, 332,4
-437,3, 332,1
-426,0, 324,7
-431,6, 326,4
-425,0, 321,9
-430,0, 322,8
-415,9, 329,3
-413,4, 330,1
-409,8, 334,1
-387,0, 343,7
-350,6, 359,0
-345,9, 351,5
-362,4, 300,9
-409,3, 294,1
-380,0, 275,5
-389,1, 287,3
-346,4, 299,8
-325,2, 301,2
-334,4, 295,0
-360,4, 282,2
-398,9, 243,2
-431,2, 209,2
-538,8, 53,2
-451,8, 59,0
337,5, 218,9
383,4, 200,0
317,2, 52,4
351,2, 96,5
380,2, 109,8
433,0, 161,0
517,7, 195,3
635,0, 249,1
629,3, 237,3
723,2, 273,0
769,2, 270,6
752,7, 212,1
766,5, 199,2
780,1, 178,7
791,7, 178,6
856,8, 165,5
896,3, 171,2
942,9, 171,4
972,9, 176,3
980,4, 177,5
1003,9, 163,4
1034,3, 159,0
1045,9, 151,5
1070,1, 143,6
1129,9, 136,1
1216,7, 129,0
1483,2, 121,2
1475,0, 124,1
1548,8, 116,5
1702,2, 88,1
1853,3, 33,6
1794,6, 56,9
1838,4, 27,3
1957,1, -11,9
1988,4, -24,8
1971,5, -21,7
2031,2, -32,4
2382,6, -80,4
3149,7, -229,8
3507,6, -217,9
2873,5, -279,9
2873,5, -279,9
2357,9, -115,6
2060,7, -21,0
2060,7, -21,0
68,8, 156,4
68,8, 156,4
68,8, 156,4
68,8, 156,4
392,1, -4,2
314,0, -280,5
314,0, -280,5
437,8, -235,8
443,9, -231,1
550,8, -160,9
688,3, -76,7
707,3, -101,6
762,7, -65,1
861,2, 26,5
938,7, 75,0
997,9, 113,3
1063,9, 176,5
1100,1, 191,8
1130,9, 197,9
1191,2, 218,6
1218,6, 212,7
1223,7, 209,9
1234,1, 202,3
1256,3, 185,2
1266,9, 175,3
1291,7, 157,3
1320,6, 138,1
1327,1, 133,7
933,7, 220,7
789,3, 254,1
730,1, 270,3
565,5, 322,1
503,2, 321,2
500,3, 342,4
507,4, 346,2
499,4, 327,7
485,3, 348,1
475,6, 347,8
466,4, 353,5
440,4, 383,2
428,8, 390,1
411,3, 389,3
375,4, 390,8
398,6, 401,1
409,0, 410,4
423,1, 423,7
428,4, 426,5
433,9, 427,2
435,9, 426,9
436,6, 425,5
423,8, 431,4
150,8, 550,1
41,6, 544,9
31,2, 541,8
22,8, 542,6
14,9, 554,4
-172,6, 647,1
-120,7, 584,1
82,1, 564,0
32,0, 766,5
152,4, 640,8
96,9, 711,1
1,9, 1069,6
-8,8, 1066,7
85,8, 1186,7
46,3, 1178,7
25,8, 1174,8
3,5, 1168,2
-0,3, 1170,1
-14,0, 1176,8
-40,7, 1168,1
-16,2, 1173,2
47,2, 1168,4
74,6, 1165,5
62,7, 1163,5
-40,9, 1141,5
-41,6, 1136,2
-168,0, 627,6
-159,3, 625,8
-155,7, 615,8
-164,1, 610,1
-165,5, 596,5
-165,7, 604,6
-172,6, 606,5
-163,0, 608,0
-156,5, 597,8
-83,1, 604,9
-55,5, 609,7
-48,6, 614,4
2,3, 639,7
25,3, 644,3
22,3, 634,2
12,5, 627,6
17,8, 629,7
11,4, 621,2
-27,6, 606,7
-35,5, 602,7
-65,5, 581,9
-75,8, 580,7
-149,9, 539,1
-180,1, 520,6
-182,1, 516,5
-201,6, 514,6
-191,4, 511,9
-192,7, 511,2
-215,7, 499,9
-228,1, 508,6
-240,4, 507,2
-238,9, 505,8
-231,7, 501,4
-235,0, 501,0
-237,0, 502,0
-238,2, 500,9
-231,4, 495,5
-216,8, 493,6
-210,8, 490,9
-228,4, 485,7
-227,2, 479,2
-233,0, 492,8
-237,1, 494,8
-237,3, 495,2
-239,7, 494,9
-241,1, 494,8
-248,3, 474,6
-243,9, 477,9
-249,5, 491,3
-224,0, 493,2
-238,9, 495,4
-241,7, 494,2
-257,2, 515,5
-261,3, 510,6
-255,5, 499,7
-253,5, 501,2
-247,2, 492,8
-231,2, 512,3
-104,0, 760,3
-120,2, 745,1
-120,2, 745,1
-32,5, 763,4
-12,5, 769,6
-17,3, 777,0
-18,3, 776,0
-28,9, 784,5
-30,7, 782,6
-29,3, 782,4
-19,6, 786,8
-68,3, 767,1
-144,8, 740,2
-152,5, 742,2
-153,5, 740,2
-156,4, 740,5
-161,8, 739,7
-156,3, 750,1
-157,3, 749,5
-171,2, 738,9
-171,2, 738,9
-239,6, 638,3
-244,0, 584,7
-154,8, 462,5
-107,0, 438,5
-101,3, 434,8
-95,7, 439,0
-92,4, 449,7
-118,8, 435,1
-108,5, 438,6
-117,2, 412,9
-106,4, 420,9
-108,1, 424,3
-122,6, 402,0
-154,0, 372,3
-174,8, 332,1
-220,6, 304,2
-202,4, 301,1
-196,4, 297,6
-199,5, 288,1
-261,4, 247,6
-291,3, 233,4
-286,7, 231,9
-281,6, 229,7
-217,2, 363,0
-167,3, 435,8
-105,2, 479,7
20,6, 546,8
-26,6, 534,1
-183,1, 474,7
-223,5, 471,1
-223,8, 471,1
-216,9, 451,1
-69,6, 507,8
-68,3, 509,2
26,0, 549,3
28,1, 549,6
24,7, 552,0
-198,6, 494,9
-190,2, 496,9
-165,3, 493,4
-229,9, 466,2
-204,7, 473,0
402,2, 654,9
625,6, 697,8
688,9, 716,4
725,0, 717,7
755,3, 727,1
779,1, 737,0
757,4, 700,6
792,1, 695,6
758,7, 657,6
714,4, 619,5
692,2, 603,8
662,6, 580,1
495,0, 458,7
523,5, 483,4
423,7, 462,9
399,1, 440,6
425,9, 442,7
456,9, 455,1
426,6, 445,9
421,0, 421,4
430,7, 426,7
405,3, 419,8
397,3, 417,0
382,3, 416,7
182,4, 396,0
66,7, 385,9
-401,6, 367,6
-537,3, 461,9
-592,1, 444,1
-580,1, 418,5
-576,1, 436,5
-530,3, 475,8
-554,7, 472,0
-583,6, 450,8
-538,8, 479,5
-510,8, 487,1
-532,1, 475,0
-532,9, 474,1
-253,0, 530,1
-160,8, 608,7
-202,2, 584,4
-83,6, 680,4
-47,7, 715,2
23,0, 753,8
33,0, 761,5
28,7, 769,4
42,6, 777,5
47,6, 780,3
71,6, 784,4
127,0, 803,6
359,9, 859,7
659,7, 922,2
707,5, 937,4
747,1, 945,8
1124,8, 1075,9
1196,4, 1115,7
1209,3, 1124,8
1317,7, 1180,0
1384,1, 1213,3
1419,5, 1224,3
1430,8, 1224,4
1441,3, 1221,9
1457,4, 1222,8
1482,7, 1223,3
1496,6, 1229,0
1501,2, 1229,2
1502,2, 1230,9
1553,1, 1249,5
1560,6, 1252,9
1560,4, 1254,4
1626,5, 1258,3
1679,5, 1262,1
1729,1, 1290,3
1752,9, 1303,3
1845,6, 1360,2
1886,7, 1382,8
2033,7, 1476,6
2025,5, 1468,2
2040,6, 1486,9
2047,4, 1479,6
2044,8, 1470,2
2055,1, 1470,6
2088,5, 1471,4
2129,1, 1477,1
2387,3, 1449,6
2325,8, 1443,8
2425,4, 1465,7
2462,9, 1450,2
2529,4, 1440,1
2527,9, 1427,9
2642,2, 1357,2
2732,0, 1333,6
2748,3, 1324,4
2750,2, 1321,4
2788,8, 1390,9
2804,1, 1406,0
2786,2, 1390,1
2777,2, 1384,2
2765,8, 1365,1
2764,1, 1353,0
2748,6, 1329,1
2756,5, 1344,6
2754,6, 1343,6
2744,8, 1330,6
2733,2, 1319,8
2713,7, 1310,3
2769,1, 1335,6
2751,9, 1310,0
2780,8, 1331,7
2788,9, 1330,3
2812,6, 1295,4
2830,7, 1303,4
2847,4, 1307,5
2843,5, 1338,3
2835,5, 1337,9
2580,5, 1306,3
2518,1, 1289,1
2486,3, 1282,8
2399,2, 1270,5
2221,4, 1238,0
2047,9, 1196,5
2036,5, 1196,3
2032,5, 1185,5
2034,9, 1188,8
2035,4, 1191,9
2035,9, 1191,4
2041,9, 1205,2
2014,6, 1173,4
1996,0, 1163,9
1937,5, 1156,8
1861,5, 1111,7
1837,6, 1097,5
1745,9, 1050,7
1398,7, 841,2
1397,8, 832,4
1397,3, 833,6
1397,0, 830,8
1383,4, 817,5
1380,9, 815,3
1345,2, 803,9
1002,0, 675,0
684,6, 573,5
532,5, 498,8
539,0, 504,6
501,9, 491,1
497,0, 496,9
479,3, 489,5
478,3, 480,5
490,7, 455,7
487,6, 466,5
496,8, 503,9
506,5, 527,6
459,9, 533,3
239,6, 578,7
-96,5, 573,1
-525,7, 511,2
-683,8, 477,1
-683,8, 477,1
-653,2, 462,9
-639,8, 456,7
-639,8, 456,7
-639,8, 456,7
-639,8, 456,7
-626,3, 496,7
-652,4, 503,1
-652,4, 503,1
-679,0, 458,2
-641,9, 488,8
-642,7, 457,2
-642,4, 467,5
-645,2, 468,2
-645,9, 463,7
-654,1, 454,3
-657,7, 450,2
-657,7, 450,2
-617,2, 466,1
-608,6, 445,6
-642,1, 470,5
-628,1, 484,8
-626,2, 487,4
-632,4, 467,3
-576,2, 492,0
-550,2, 505,5
-351,3, 522,1
-363,6, 533,1
-274,9, 578,3
-176,6, 616,1
-74,8, 659,4
-62,2, 651,4
-67,9, 632,7
-57,4, 630,9
-57,5, 625,4
-72,7, 618,1
49,4, 644,6
404,4, 712,1
751,3, 732,9
707,2, 737,4
823,4, 733,2
955,2, 715,2
939,7, 699,2
988,9, 675,3
959,9, 686,3
985,8, 670,4
1044,7, 627,8
1104,3, 588,5
1167,6, 564,6
1155,5, 559,1
1182,5, 541,6
1282,7, 499,8
1407,5, 454,1
1447,8, 436,9
1507,5, 403,3
1499,7, 409,0
1520,1, 398,1
1544,1, 384,7
1610,0, 360,7
1616,8, 358,8
1627,7, 355,6
1661,8, 345,4
1618,9, 337,2
1537,1, 335,3
1351,7, 322,2
1014,9, 298,7
924,1, 288,2
906,0, 286,1
396,3, 276,1
209,4, 268,1
248,1, 218,8
242,8, 231,8
255,7, 283,2
206,2, 270,0
216,1, 279,4
219,7, 282,1
299,9, 330,2
291,4, 324,3
294,0, 323,1
382,1, 386,2
352,2, 357,9
351,6, 357,2
358,7, 368,8
379,1, 391,2
380,4, 390,6
381,3, 385,8
381,8, 385,0
387,3, 390,3
389,5, 389,6
392,3, 391,9
394,9, 394,6
405,7, 403,9
403,8, 403,7
401,3, 404,4
397,6, 401,2
402,6, 403,3
-281,7, 174,8
-277,3, 173,3
-270,1, 169,2
-208,2, 177,4
-201,2, 198,3
-201,2, 198,3
-164,5, 166,9
-151,3, 139,7
-166,7, 124,9
-342,6, 88,6
-517,9, 57,5
-567,7, 23,4
-578,6, -0,2
-511,6, 53,1
-590,6, 17,6
-580,0, 13,6
-576,9, 26,4
-499,6, 1,9
-477,4, 8,1
-459,4, 7,7
-444,2, 4,1
-446,6, 2,3
-449,8, -3,1
-468,3, -14,8
-499,2, -35,8
-466,9, -43,5
-605,2, -134,2
-511,4, -83,4
-182,1, -116,4
-252,9, -80,2
-178,3, -55,4
-42,7, -41,3
-33,8, -40,7
225,7, 69,9
264,9, 80,6
289,3, 83,0
309,5, 59,7
301,0, 41,2
311,2, 43,1
330,5, 46,9
356,0, 53,7
462,7, 124,5
496,0, 146,0
515,2, 184,1
513,4, 181,0
511,7, 180,5
508,9, 160,0
507,4, 112,8
461,8, 64,7
410,3, 24,5
382,7, -9,6
406,8, 9,5
554,1, 135,1
752,4, 325,5
985,4, 534,8
1062,6, 603,5
1264,6, 787,9
1366,5, 876,5
1369,4, 880,4
1386,8, 901,4
1387,5, 902,2
1394,9, 906,9
1399,4, 908,1
1383,2, 888,6
1381,7, 886,4
1382,5, 883,7
1371,7, 874,3
1313,1, 834,6
1305,2, 817,1
1302,2, 806,5
1295,3, 805,6
1291,5, 801,8
1286,3, 867,2
1288,6, 976,2
1296,1, 977,7
1302,2, 1095,9
1312,6, 1140,9
1319,4, 1201,3
1321,9, 1218,1
1315,7, 1218,7
1321,3, 1203,3
1321,0, 1200,2
1320,8, 1197,7
1322,7, 1197,0
1313,3, 1201,7
1328,9, 1231,1
1576,2, 1545,5
1643,8, 1651,1
1894,2, 2070,7
1997,0, 2220,2
2033,4, 2262,8
2269,8, 2612,1
2371,3, 2702,4
2354,5, 2694,5
2457,4, 2881,8
2496,4, 2784,0
2429,6, 2752,9
2482,1, 2779,0
2470,1, 2930,2
2464,2, 2950,4
2436,2, 2893,4
2464,5, 3023,1
2464,6, 3023,4
2442,7, 3006,3
2439,4, 2980,4
2434,8, 2978,4
2088,6, 2537,6
2099,4, 2540,0
1675,1, 1902,4
1247,1, 1208,5
1237,9, 1244,8
982,3, 998,1
886,5, 983,9
795,4, 923,4
445,9, 582,7
31,9, 261,1
67,4, 290,4
-13,2, 232,3
-53,3, 214,1
-161,7, 159,9
-171,4, 154,9
-98,3, 199,6
-21,4, 257,7
-61,7, 239,0
28,8, 278,3
-669,1, 468,4
-605,2, 482,8
-588,1, 495,0
-580,5, 510,9
-592,5, 521,2
-576,4, 535,0
-559,1, 553,3
-527,6, 626,2
-540,3, 650,4
-523,8, 633,0
-504,7, 644,9
-518,2, 636,1
-525,8, 579,6
-561,2, 547,1
-558,4, 541,6
-541,7, 536,1
-551,7, 511,9
-552,1, 499,1
-549,6, 497,7
-575,0, 461,4
-552,4, 449,1
-573,2, 450,8
-566,9, 453,3
-593,7, 454,2
-511,8, 483,6
-510,3, 472,7
-516,9, 455,4
-517,3, 457,3
-236,7, 616,6
-170,2, 616,0
-140,2, 640,3
-10,4, 702,8
-15,4, 704,3
82,5, 738,6
87,8, 749,6
107,3, 762,0
277,9, 832,4
276,2, 830,3
272,7, 817,2
329,8, 824,6
350,4, 825,9
536,7, 808,3
749,4, 842,0
777,3, 845,1
826,7, 853,5
834,7, 857,4
844,2, 862,1
872,0, 873,2
876,9, 877,1
889,2, 883,2
876,0, 855,6
883,8, 863,3
912,3, 866,1
931,4, 887,5
992,4, 909,0
1138,0, 1024,9
1173,1, 1038,7
1191,5, 1065,1
1212,6, 1068,7
1376,7, 1217,1
1395,9, 1229,3
1396,8, 1226,2
1386,0, 1212,3
1382,9, 1208,5
1380,6, 1206,5
1380,5, 1202,1
1379,4, 1199,7
1372,1, 1192,0
1491,8, 1340,4
1564,3, 1432,2
1558,8, 1426,7
1564,1, 1432,0
1574,9, 1437,1
1575,1, 1439,3
1580,2, 1444,3
1587,2, 1434,9
1584,8, 1440,3
1591,5, 1450,2
1661,1, 1447,8
1682,6, 1434,4
1756,7, 1441,4
1772,3, 1443,2
1779,8, 1462,1
1752,3, 1432,7
1754,9, 1440,8
1760,8, 1450,3
1768,9, 1459,2
1769,7, 1463,0
1760,1, 1459,0
1652,2, 1394,0
1530,5, 1318,1
1358,4, 1197,9
738,3, 771,9
412,4, 554,4
299,9, 479,4
218,7, 432,9
192,1, 420,5
61,9, 346,9
56,6, 352,8
76,4, 390,0
107,9, 412,0
254,2, 502,4
258,5, 493,2
89,5, 862,4
-231,5, 1268,1
-204,1, 1262,1
-106,7, 1284,4
-130,3, 1281,0
-112,0, 1279,9
-84,7, 1282,9
-60,7, 1285,0
23,0, 1288,6
15,8, 1283,0
6,8, 1279,5
11,4, 1283,0
8,9, 1281,6
10,7, 1282,2
5,1, 1281,0
-3,1, 1277,4
-12,7, 1275,1
-16,6, 1274,9
-79,8, 1154,7
-273,0, 999,3
-210,4, 1016,0
-125,7, 1030,1
-73,9, 1042,9
-98,1, 1020,0
-127,0, 997,8
-123,3, 1002,3
-49,8, 1016,9
-41,4, 1017,4
-2,1, 1053,1
159,6, 1331,6
235,7, 1337,5
259,0, 1334,4
390,1, 1343,0
347,3, 1339,1
373,0, 1343,8
333,1, 1338,1
333,3, 1337,4
335,4, 1337,7
339,4, 1338,3
335,5, 1334,9
308,3, 1331,7
301,3, 1330,5
273,0, 1323,8
253,7, 1320,0
196,3, 1309,4
208,7, 1312,2
191,5, 1310,1
107,0, 1296,9
100,8, 1296,0
100,6, 1295,4
77,5, 1291,8
87,7, 1291,1
79,8, 1291,8
98,7, 1295,5
94,2, 1295,6
87,3, 1294,2
77,0, 1293,2
41,7, 1288,4
34,8, 1283,6
29,9, 1282,0
24,1, 1279,6
25,0, 1277,9
22,7, 1277,8
18,9, 1279,6
18,6, 1280,0
25,2, 1278,3
32,0, 1278,7
32,5, 1278,5
39,6, 1277,5
67,2, 1290,2
77,7, 1293,8
82,8, 1291,5
63,9, 1285,6
47,1, 1286,0
44,5, 1285,4
50,0, 1281,2
63,7, 1278,5
65,5, 1278,1
64,8, 1277,8
168,4, 1243,8
396,4, 1152,3
629,4, 1037,2
663,4, 1006,8
663,9, 1001,7
667,5, 934,4
684,1, 882,0
702,3, 853,2
706,7, 852,8
715,9, 870,2
720,2, 868,9
720,9, 871,1
726,4, 866,0
730,4, 870,1
734,2, 871,2
758,9, 862,9
809,7, 865,4
847,5, 907,4
1192,4, 1258,2
1225,2, 1292,4
1231,9, 1298,6
1265,1, 1332,0
1320,8, 1386,1
1351,5, 1419,3
1348,0, 1412,0
1329,4, 1387,9
1333,1, 1386,8
1362,9, 1411,3
1366,2, 1405,1
1375,4, 1412,7
1391,9, 1423,9
1406,0, 1435,1
1403,3, 1432,2
1398,8, 1421,0
1399,9, 1410,5
1407,7, 1422,8
1400,2, 1387,4
1401,9, 1373,5
1416,9, 1389,0
1406,9, 1372,6
1446,5, 1384,4
1449,6, 1376,7
1499,7, 1379,0
1536,0, 1379,6
1608,3, 1385,4
1708,7, 1391,3
1821,5, 1393,8
1772,6, 1388,4
1910,6, 1384,6
1981,3, 1377,6
2049,8, 1397,9
2073,7, 1370,9
2102,1, 1347,0
2118,4, 1335,7
2130,8, 1328,4
2159,7, 1320,1
2184,3, 1289,8
2196,2, 1293,9
2242,8, 1283,1
2323,0, 1269,5
2345,4, 1263,9
2337,9, 1266,5
2341,5, 1272,8
2354,9, 1275,9
2362,0, 1271,1
2325,0, 1268,7
2305,2, 1262,7
2295,4, 1252,5
2233,7, 1227,9
2152,3, 1189,1
1779,1, 1022,2
1606,6, 895,2
1577,3, 892,1
1438,5, 813,5
1380,1, 787,0
1385,6, 813,8
1283,5, 710,0
1274,9, 709,1
1261,6, 699,7
1236,0, 679,6
1224,7, 670,8
1227,9, 675,1
1226,2, 673,5
1220,3, 664,3
1226,4, 657,7
1228,9, 654,9
1228,8, 653,0
1206,6, 650,5
1169,2, 651,4
962,5, 553,6
716,4, 435,6
688,9, 422,4
629,7, 394,7
617,3, 388,8
604,8, 384,1
601,1, 380,4
647,2, 406,0
672,7, 428,8
668,8, 424,4
658,9, 414,0
660,0, 439,9
657,4, 453,1
559,8, 415,3
497,5, 413,8
429,7, 386,6
406,6, 379,0
402,1, 385,7
401,0, 390,6
392,8, 390,5
370,7, 387,0
367,7, 382,9
382,9, 374,9
385,2, 386,8
376,8, 383,8
380,1, 384,6
384,9, 402,3
389,0, 394,7
147,8, 499,3
-69,8, 562,5
-176,7, 592,7
-234,5, 615,6
-312,9, 657,3
-303,1, 653,9
-301,5, 624,1
-303,6, 613,0
-410,5, 609,7
-536,2, 647,0
-545,0, 658,0
-538,1, 697,6
-537,6, 695,7
-533,0, 532,4
-499,2, 531,1
-538,3, 503,5
-565,8, 482,0
-548,0, 478,7
-483,7, 470,9
-495,9, 472,0
-545,3, 469,8
-518,8, 473,0
-532,0, 470,0
-597,9, 469,0
-500,0, 472,4
-500,0, 472,4
-514,2, 457,2
-526,6, 442,9
-555,3, 452,7
-554,4, 456,9
-534,8, 463,8
-538,9, 454,8
-596,4, 443,6
-598,6, 429,0
-622,2, 343,8
-622,2, 343,8
-622,2, 343,8
-622,2, 343,8
-73,7, 233,7
-87,9, 187,9
701,1, 261,8
732,6, 306,8
765,6, 344,1
800,8, 305,8
764,2, 272,7
659,5, 93,3
622,4, 10,9
619,0, -3,2
671,7, 5,8
643,7, -37,3
533,1, -201,3
538,2, -212,7
556,3, -197,0
533,4, -198,5
526,7, -176,5
447,9, -80,6
289,1, 53,6
302,8, 79,3
272,3, 119,0
350,2, 294,8
395,5, 401,8
391,7, 406,1
348,8, 378,4
373,8, 410,4
371,5, 408,2
386,4, 414,8
403,2, 410,8
398,6, 406,1
386,1, 402,2
396,4, 408,9
411,6, 410,9
406,3, 408,9
413,7, 407,6
421,1, 406,4
419,0, 409,4
447,5, 433,4
469,9, 451,2
464,8, 452,0
450,3, 443,2
408,0, 414,9
394,4, 404,6
398,7, 406,0
369,7, 383,9
379,7, 379,8
377,3, 367,8
384,1, 363,0
383,7, 355,8
390,7, 380,0
395,9, 378,9
397,1, 386,5
395,8, 388,8
398,5, 387,8
403,4, 385,2
403,7, 385,8
405,7, 383,5
365,4, 368,7
370,2, 371,2
384,2, 377,9
387,4, 377,8
392,7, 381,1
402,1, 391,6
411,6, 448,5
414,2, 433,4
418,1, 446,9
390,1, 386,0
393,6, 370,8
379,6, 363,0
390,9, 369,0
399,1, 381,3
401,0, 387,2
393,1, 385,4
410,5, 405,7
403,8, 421,7
404,9, 419,4
379,1, 431,1
347,3, 409,8
235,5, 313,4
230,9, 296,3
238,1, 300,6
-166,4, 300,6
-211,9, 310,9
-368,5, 377,5
-368,0, 389,9
-596,8, -181,5
-642,7, -205,8
-644,1, 97,4
-644,1, 97,4
-605,8, 107,9
-610,3, 106,7
-602,4, 104,1
-594,7, 118,6
-611,3, 115,4
-619,6, 110,9
-619,6, 110,9
-619,6, 110,9
-99,3, -145,0
295,4, -214,8
320,5, -218,8
339,3, -221,8
357,1, -182,0
367,6, -175,9
356,2, -197,6
396,2, -162,6
407,1, -157,2
425,8, -160,4
413,4, -154,5
537,6, -148,5
558,1, -139,1
566,6, -130,2
698,9, -0,5
753,9, 42,9
827,1, 103,2
873,5, 116,0
968,1, 107,7
1025,0, 113,1
1048,5, 92,6
1095,4, 73,6
1098,9, 101,4
1179,0, 112,0
1199,8, 113,5
1219,4, 114,2
1270,3, 123,5
1290,0, 125,6
1291,6, 124,6
1308,9, 124,1
1292,7, 123,9
1291,3, 128,4
1199,9, 144,2
1126,4, 154,9
1085,4, 156,4
1029,4, 160,8
909,7, 180,8
907,6, 180,2
915,3, 192,0
902,0, 178,2
929,0, 205,0
937,4, 211,1
943,5, 210,5
926,5, 230,4
923,6, 225,9
928,2, 229,8
908,0, 234,7
830,2, 233,1
822,4, 235,4
790,1, 241,3
723,2, 248,6
740,9, 247,0
385,7, 300,4
362,4, 305,6
383,3, 308,7
371,3, 318,4
360,2, 323,3
328,5, 349,9
406,5, 380,8
89,2, -99,5
200,5, -94,1
438,2, 28,2
2556,8, 483,2
2570,0, 497,3
2560,2, 513,2
2559,1, 517,5
2562,8, 515,9
2559,6, 520,2
2556,7, 548,9
2555,9, 561,4
2557,8, 557,9
2544,5, 559,9
2535,0, 560,5
2384,1, 543,4
2238,6, 527,1
2226,3, 525,9
2214,7, 524,2
2170,0, 518,4
2175,6, 521,1
2192,6, 528,1
2183,5, 522,3
2200,5, 521,9
2204,5, 518,5
2214,6, 511,2
2218,1, 509,2
2226,3, 505,2
2251,1, 500,7
2274,1, 493,4
2278,5, 493,5
2296,2, 494,8
2302,4, 495,3
2311,7, 492,6
2329,3, 490,8
2334,4, 488,7
2305,5, 487,2
2232,1, 482,7
2204,9, 482,2
2167,7, 492,0
2120,3, 507,6
2074,5, 546,1
2088,5, 534,3
1661,3, 616,8
1588,4, 634,2
1449,0, 637,8
1266,4, 691,4
1139,7, 651,9
1067,2, 645,0
1061,5, 643,2
1046,3, 647,6
1057,2, 663,2
1009,4, 595,1
1007,2, 597,3
1006,9, 600,0
1005,4, 607,0
969,2, 605,7
724,8, 530,2
593,5, 495,8
540,8, 465,9
548,6, 472,1
494,9, 454,3
444,6, 455,4
382,4, 410,8
375,1, 403,2
369,3, 393,7
385,4, 407,6
423,5, 434,2
433,0, 439,6
454,5, 459,8
444,0, 457,7
406,5, 437,2
385,8, 417,9
370,0, 400,9
359,6, 395,7
331,7, 370,8
325,2, 365,9
326,2, 364,2
337,5, 387,7
343,4, 392,2
333,9, 397,2
343,3, 419,9
341,9, 418,8
349,2, 416,8
372,6, 435,8
390,6, 455,0
-227,6, 514,4
-438,5, 488,4
-487,1, 493,1
-509,6, 509,1
-517,6, 514,6
-515,7, 511,4
-483,0, 522,8
-486,6, 515,4
-510,3, 513,6
-482,0, 511,8
-481,5, 527,0
-470,8, 535,6
-465,4, 591,7
-470,0, 640,6
-449,7, 635,5
-456,6, 649,8
-493,1, 557,6
-401,3, 436,8
-413,8, 370,3
-395,4, 363,1
-415,1, 337,8
-426,0, 317,3
-443,2, 313,3
-496,1, 343,3
-306,0, 331,2
-9,3, 388,6
4,4, 407,1
125,1, 479,5
124,3, 479,0
162,5, 498,8
251,5, 548,9
308,0, 582,3
313,9, 586,7
328,5, 593,8
345,2, 600,0
407,5, 612,7
436,2, 616,8
436,8, 615,6
443,5, 623,7
470,1, 629,5
499,3, 636,3
500,1, 630,3
512,4, 638,1
491,6, 627,5
151,3, 561,8
-2,4, 562,9
-60,7, 555,1
-136,1, 551,9
-242,7, 539,5
-220,3, 550,9
-55,5, 651,4
59,9, 719,7
65,0, 719,9
54,0, 699,2
38,0, 673,3
21,3, 663,9
21,5, 661,8
23,0, 664,1
29,9, 710,6
-36,5, 758,4
-92,9, 791,9
-70,5, 827,9
-103,3, 914,8
279,7, 1055,9
198,7, 1037,5
64,8, 1024,5
-25,8, 1020,7
-63,6, 1017,3
-117,0, 1010,4
-134,1, 1005,3
-144,3, 1002,4
-131,8, 1005,2
-165,6, 985,4
-152,9, 994,1
-133,6, 1030,6
-129,6, 1160,1
-116,2, 1198,3
-105,0, 1217,1
-103,3, 1343,4
-111,9, 1340,5
-116,5, 1340,5
-143,0, 1338,0
-138,7, 1338,1
-115,8, 1339,7
-103,4, 1339,7
-47,1, 1356,6
8,1, 1365,5
9,1, 1352,0
2,6, 1357,9
27,7, 1376,1
-1,0, 1361,2
-5,7, 1356,4
-8,3, 1354,8
-1,7, 1351,6
9,4, 1343,8
24,7, 1337,7
42,0, 1345,4
43,4, 1344,9
43,5, 1345,0
32,6, 1344,5
28,7, 1345,5
19,8, 1337,8
11,4, 1340,9
10,0, 1338,1
6,1, 1337,4
8,3, 1338,5
27,1, 1325,6
41,3, 1327,8
28,5, 1333,0
21,0, 1307,0
19,3, 1304,6
19,5, 1296,9
18,4, 1280,4
16,0, 1292,1
36,9, 1278,9
7,4, 1274,4
-37,0, 1260,1
-3,4, 1272,3
-35,1, 1261,3
-32,0, 1262,7
-31,7, 1261,6
-64,6, 1257,4
-69,2, 1243,5
-73,1, 1247,1
-49,1, 1233,6
-53,0, 1232,6
-35,3, 1239,2
-33,0, 1243,5
-46,8, 1244,9
-43,2, 1247,1
-39,3, 1247,4
-186,9, 1169,2
-124,5, 1205,2
-118,8, 1194,8
-109,8, 1187,0
-56,8, 1228,1
-98,1, 1187,4
-79,5, 1204,3
-80,7, 1203,6
-109,2, 1222,7
-126,3, 1211,6
-156,3, 1178,4
-138,6, 1197,0
-173,0, 1133,9
-74,8, 1218,7
-91,5, 1198,7
-113,0, 1204,5
-170,8, 1135,3
-176,8, 1138,7
-271,8, 1100,5
-276,7, 1071,7
-284,0, 1069,0
-276,7, 1063,7
-244,7, 1064,9
-78,5, 1020,3
2,4, 970,6
209,9, 829,2
375,3, 745,7
237,5, 918,0
142,1, 1038,4
183,7, 1012,6
178,0, 1017,9
85,9, 1089,2
86,0, 1073,2
65,9, 1075,9
62,0, 1073,6
64,3, 1062,3
-49,8, 761,7
-61,7, 762,4
-45,4, 761,7
-19,7, 754,7
-114,1, 680,9
-165,3, 620,8
-159,1, 605,1
-141,7, 591,1
-65,1, 544,0
-65,3, 548,2
-41,0, 531,7
-12,0, 534,9
-65,2, 527,9
-93,7, 521,3
-128,3, 502,3
-124,2, 504,3
-133,2, 499,0
-88,2, 517,1
-130,1, 512,3
-121,9, 513,4
-179,6, 494,6
-174,5, 495,6
-312,3, 388,5
-315,8, 415,9
-362,9, 361,3
-341,9, 372,3
491,2, 982,4
610,6, 1063,4
613,6, 1060,4
-389,0, 272,5
-392,5, 264,4
-425,8, 263,8
-358,0, 369,4
-379,0, 383,4
-396,2, 372,7
-406,0, 365,0
-391,7, 373,6
-376,6, 371,0
-376,6, 371,9
-369,0, 375,2
-334,7, 391,1
-297,7, 409,0
-292,7, 419,1
-337,1, 358,5
-334,4, 361,2
-312,6, 417,3
-318,9, 415,4
-322,2, 412,3
-291,5, 441,7
-297,8, 436,0
-295,1, 435,6
-304,0, 428,9
-335,3, 422,5
-340,9, 417,2
-319,1, 428,7
-296,4, 436,5
-291,2, 437,0
-293,8, 431,4
527,0, 597,3
630,4, 613,2
682,4, 610,9
688,0, 580,9
669,5, 503,3
672,4, 490,3
713,6, 462,5
712,2, 467,4
814,7, 492,3
829,9, 480,4
847,3, 421,9
851,9, 365,3
865,5, 377,2
940,8, 311,3
971,7, 296,6
990,1, 287,5
1048,5, 299,1
1049,0, 297,3
1170,1, 319,3
1177,8, 318,1
1222,6, 314,5
1240,8, 309,5
1246,0, 307,3
1298,8, 292,5
1945,1, 205,8
2019,0, 174,7
2158,6, 123,4
2117,3, 136,9
2258,2, 57,1
2306,7, 50,2
2339,0, 41,9
2445,6, 14,8
2647,8, -0,5
2797,5, -26,0
3053,7, -67,9
3061,8, -69,0
3584,3, 85,3
3538,6, 112,5
3531,2, 116,5
3564,7, 84,2
3546,7, 102,8
3577,0, 71,6
3579,1, 71,6
3588,2, 71,5
3598,8, 62,8
3599,1, 62,3
3599,0, 60,9
3583,2, 69,8
3589,1, 65,8
3669,3, 1,5
3668,4, 2,6
3666,4, -11,9
3667,6, -21,7
3681,9, -53,0
3550,9, 69,7
3373,5, 138,0
3081,2, 172,3
2631,5, 153,1
2599,6, 158,4
2016,1, 169,6
-195,5, 79,3
-212,7, 13,6
-244,3, -12,0
-278,9, 32,2
-272,9, 62,0
-252,7, 76,8
-473,6, 30,8
-462,6, 25,3
-445,0, 37,5
-450,0, 39,6
-450,8, 49,6
-416,8, 70,5
-446,6, 51,9
-453,3, 58,3
-466,9, 43,0
-498,5, 2,4
-467,7, 23,3
-548,2, -23,6
-238,2, -206,4
-158,0, -223,9
-82,9, -143,8
-41,5, -130,5
152,9, -32,5
183,5, -8,7
290,3, 52,9
371,7, 91,5
486,4, 154,3
479,6, 126,9
446,8, 18,6
425,9, -45,3
456,9, -81,3
447,4, -89,4
453,1, -98,2
486,7, -88,2
523,9, -76,2
584,0, -63,4
598,4, -53,2
675,9, -42,4
682,4, -43,6
697,8, -45,4
729,9, -55,9
730,0, -52,2
801,8, 14,9
1299,7, 552,7
1436,1, 738,4
1602,7, 934,3
1599,9, 943,8
1644,7, 1075,3
1724,6, 1268,2
1767,6, 1386,5
1841,7, 1503,4
1921,3, 1735,4
2054,4, 2044,5
2138,6, 2347,0
2200,4, 2464,6
2203,5, 2474,4
2221,5, 2519,1
2235,5, 2604,4
2336,0, 2763,2
2355,7, 2769,5
2362,8, 2760,8
2406,3, 2847,2
2411,6, 2851,9
2460,4, 2849,0
2456,5, 2881,3
2464,0, 2888,7
2474,4, 2874,2
2476,7, 2900,7
2454,7, 2956,8
2472,4, 2914,3
2470,6, 2927,5
2517,7, 2969,2
2537,8, 3021,0
2542,6, 3053,5
2545,0, 3051,5
2529,8, 3045,4
2519,4, 3063,2
2517,5, 3075,8
2536,0, 3079,4
2555,9, 3083,7
-321,6, -37,1
-455,3, -138,9
-438,9, -129,6
-429,9, -126,7
-428,9, -126,7
-393,4, -96,1
-318,8, -43,8
-314,7, -40,4
-338,7, -55,9
-269,3, 73,3
-321,6, 87,5
-307,9, 124,4
-230,3, 291,1
-213,7, 331,6
-221,8, 321,1
-232,7, 308,2
285,1, 148,5
620,7, 0,3
668,9, -26,0
676,3, -109,0
691,7, -151,8
715,4, -154,4
738,8, -163,3
751,0, -169,2
730,6, -220,7
730,4, -226,1
734,3, -218,9
724,5, -227,5
718,5, -229,8
733,3, -197,8
748,6, -179,1
728,0, -211,1
689,3, -251,4
694,7, -262,8
688,6, -264,7
686,4, -268,3
706,8, -274,2
739,2, -270,2
-134,3, -249,4
141,0, -218,3
365,8, -179,2
262,4, -194,2
256,1, -198,7
336,4, -179,9
373,9, -170,9
621,8, -126,1
723,4, -59,8
669,2, -90,8
698,2, -74,5
742,4, -71,1
878,0, -46,9
876,1, -45,9
842,7, -42,2
930,6, -44,0
931,7, -60,4
972,7, -109,2
1014,8, -155,4
1044,4, -163,5
1012,0, -147,2
1286,4, -101,0
1311,1, -92,2
1346,3, -83,7
1382,6, -78,3
1408,8, -78,2
1498,2, -65,1
1549,5, -81,0
1559,8, -89,2
1583,6, -117,4
1619,1, -142,7
1636,6, -158,4
1646,1, -167,3
1685,4, -194,6
1686,0, -196,2
1693,3, -202,8
1708,3, -237,0
1707,9, -246,2
1728,4, -228,6
1718,5, -223,4
1739,4, -224,9
2264,0, -281,9
2264,0, -281,9
2264,0, -281,9
2264,0, -281,9
2264,0, -281,9
2264,4, -281,9
2359,4, -234,9
2336,2, -264,0
2266,2, -254,6
2245,8, -259,1
2226,8, -267,4
2239,7, -261,4
2188,2, -228,6
2168,6, -214,9
2156,9, -209,0
1994,4, -137,9
1489,4, 4,8
1200,5, 53,0
1062,3, 35,7
770,2, 60,1
3,7, -6,1
-74,7, 29,6
-197,2, 95,6
-212,2, 90,4
-211,6, 72,7
-176,2, 98,5
-172,5, 88,4
-157,0, 81,5
-138,1, 89,4
-141,4, 105,7
-177,5, 77,8
-157,4, 63,9
-189,5, 51,2
-186,3, 46,7
-156,1, 65,5
-153,7, 67,5
-197,5, 49,3
-259,7, 15,0
-239,3, 1,7
-217,4, 23,8
-169,7, 74,1
-48,4, 162,2
51,3, 232,9
51,3, 232,9
262,3, -102,2
674,8, 87,3
752,1, 113,7
1035,9, 152,0
1208,6, 124,0
1149,8, 143,7
1342,0, 144,2
1723,9, 126,9
1933,2, 119,5
1927,2, 127,8
2186,9, 111,2
2264,1, 68,5
2357,6, 58,9
2537,7, -4,8
2587,0, -40,9
2609,4, -57,9
2601,4, -59,2
2636,0, -86,3
2661,4, -97,8
2660,1, -99,0
2661,0, -100,8
2663,0, -102,1
2698,7, -165,9
2688,2, -180,1
2694,8, -160,2
2707,3, -144,4
3820,8, -274,4
3769,2, -229,6
3769,2, -229,6
3755,9, -216,3
3735,8, -205,9
3767,4, -228,0
3761,0, -223,2
3733,9, -227,4
3739,4, -222,7
3734,2, -220,2
3726,0, -207,1
2854,5, -104,7
2783,2, -150,3
2731,1, -184,3
2653,0, -201,3
2704,4, -196,4
2745,2, -189,8
2684,3, -203,4
2750,4, -192,7
2725,1, -203,2
2742,3, -201,5
2835,9, -193,1
2876,3, -192,5
2887,9, -199,6
2864,8, -225,8
2871,8, -236,0
2823,1, -248,0
2839,5, -260,0
2952,7, -251,7
2959,5, -254,9
2964,0, -253,9
2900,8, -261,9
2606,3, -240,7
2251,6, -180,5
2242,5, -177,8
2242,7, -177,6
2240,0, -179,5
2235,5, -162,3
2234,8, -157,5
2226,2, -155,9
2222,0, -149,3
2222,4, -146,8
2193,6, -149,3
2199,1, -133,1
2176,8, -140,3
2177,3, -135,1
2183,0, -133,3
2175,6, -139,4
2186,7, -150,7
2185,4, -189,7
2209,0, -207,5
2214,7, -223,6
2189,3, -234,5
2190,2, -236,2
2225,7, -246,0
2214,6, -246,2
2229,0, -250,2
2248,5, -257,4
2317,2, -263,4
3430,7, 3129,7
3430,7, 3129,7
3430,7, 3129,7
-627,2, 440,8
-627,2, 440,8
-508,6, 522,5
-565,3, 492,2
-285,6, 603,3
-128,2, 681,9
-66,0, 717,5
-13,2, 754,0
93,8, 821,6
95,6, 822,3
114,6, 831,9
114,0, 831,7
102,6, 848,9
98,7, 853,3
95,1, 825,1
107,7, 812,7
123,0, 836,9
112,6, 836,6
111,3, 840,1
113,1, 843,8
113,3, 845,6
119,2, 822,2
120,1, 824,5
119,1, 822,7
125,1, 835,1
138,1, 860,8
-26,8, 556,4
-42,9, 540,0
-151,5, 487,0
-163,9, 477,9
-203,1, 457,2
-224,0, 448,2
-170,0, 463,9
52,9, 538,5
356,0, 681,0
796,8, 963,0
1275,6, 1241,5
1215,5, 1205,1
1444,6, 1340,0
1470,5, 1354,0
1597,1, 1418,8
1577,3, 1403,6
1621,3, 1415,4
1618,6, 1419,0
1618,8, 1418,9
1619,0, 1419,8
1616,6, 1419,3
1607,0, 1419,4
1607,1, 1421,0
1612,0, 1426,5
1612,3, 1433,4
1629,1, 1441,1
1663,0, 1456,6
1686,5, 1463,0
1702,9, 1468,2
1728,1, 1477,1
1739,3, 1478,5
1754,7, 1478,1
1751,6, 1476,9
1751,8, 1482,0
1673,3, 2144,0
1602,0, 2144,5
1679,7, 1982,6
1714,4, 1840,5
1718,7, 1811,6
1705,6, 1766,7
1589,9, 1603,5
1617,7, 1615,8
1614,3, 1614,8
1610,0, 1613,5
1611,0, 1616,3
1619,4, 1630,2
1631,9, 1638,0
1588,3, 1581,2
1620,7, 1614,0
1625,3, 1615,5
1636,5, 1583,0
1656,5, 1590,2
1664,8, 1577,2
1690,1, 1547,9
1739,5, 1480,2
1746,1, 1461,3
1756,9, 1449,9
1750,1, 1447,3
1739,4, 1441,1
1750,3, 1447,1
1747,2, 1446,3
1752,0, 1446,8
1749,6, 1442,5
1751,7, 1440,9
1749,5, 1439,0
1744,6, 1434,3
1727,3, 1416,0
1797,2, 1534,7
1814,9, 1592,0
1936,8, 2140,9
2030,9, 2524,0
2030,8, 2541,7
2094,4, 2802,4
2094,8, 2833,2
2153,2, 3037,6
2146,0, 3020,9
2159,3, 3042,2
2165,8, 3050,3
2159,2, 3037,0
2115,8, 2963,2
2121,5, 2978,4
2109,7, 2973,1
2095,1, 2984,8
2102,1, 2992,4
2130,0, 3010,9
2182,7, 3017,4
2382,9, 3031,2
2471,7, 3055,8
2455,7, 3048,3
2477,1, 3049,9
2498,1, 3068,7
2487,0, 3059,9
2379,6, 3072,9
2401,6, 3063,6
2138,8, 2729,3
1584,7, 1998,9
1376,5, 1761,5
1217,7, 1613,1
1166,5, 1608,0
908,5, 1397,5
-138,4, 899,8
-331,4, 863,7
-156,7, 910,0
10,2, 944,5
13,9, 939,1
14,2, 938,9
-55,1, 908,2
-359,1, 743,3
-484,8, 706,7
-542,8, 695,8
-536,2, 669,5
-369,3, 656,8
-369,3, 656,8
-320,2, 1211,2
-327,2, 1232,8
-214,6, 1238,8
-271,8, 1236,2
-262,3, 1334,6
-224,8, 1410,4
-243,7, 1408,7
-247,2, 1460,3
-327,9, 1455,3
-310,1, 1452,9
-276,5, 1454,3
-46,5, 1473,6
-91,2, 1460,4
-50,6, 1464,7
-10,4, 1472,7
-69,3, 1460,2
-81,8, 1457,0
-73,8, 1458,0
5,6, 1485,6
28,1, 1497,2
39,3, 1499,3
46,5, 1497,9
37,2, 1495,0
60,5, 1493,7
77,9, 1483,0
80,8, 1485,5
78,1, 1490,7
39,1, 1498,6
60,0, 1490,2
18,2, 1486,8
11,3, 1487,7
11,0, 1488,1
13,9, 1487,5
10,9, 1486,3
1,5, 1496,0
2,6, 1495,4
28,8, 1491,2
29,3, 1490,1
28,7, 1490,3
160,1, 1486,3
163,4, 1485,6
197,4, 1484,6
293,1, 1484,2
555,3, 1519,0
664,0, 1517,6
662,5, 1495,8
650,2, 1492,6
667,2, 1498,4
645,7, 1487,4
671,9, 1487,6
685,8, 1487,5
704,4, 1486,8
732,0, 1475,4
721,1, 1482,0
1038,9, 1448,8
1094,9, 1443,4
1114,2, 1439,6
1140,1, 1436,3
1162,5, 1437,1
1183,0, 1435,8
1206,4, 1437,7
1229,3, 1442,0
1254,7, 1440,9
1310,5, 1438,4
1315,2, 1437,5
1328,3, 1439,7
1340,7, 1440,4
1340,1, 1440,4
1355,8, 1443,6
1390,8, 1442,7
1425,3, 1408,6
1435,0, 1434,2
1518,0, 1434,7
1619,6, 1431,7
1664,3, 1430,8
1743,5, 1441,2
1859,2, 1447,9
1913,8, 1451,7
1953,0, 1454,9
1982,7, 1466,0
1995,8, 1457,0
1999,1, 1453,9
1998,4, 1448,5
1998,5, 1450,4
1999,8, 1449,4
2000,1, 1449,2
2008,2, 1448,6
2011,6, 1450,3
2007,6, 1459,4
2008,1, 1459,4
2015,9, 1459,2
2018,5, 1459,0
2021,5, 1459,6
2025,8, 1454,7
2028,5, 1456,0
2033,7, 1455,7
2032,1, 1451,1
2028,6, 1449,4
2031,2, 1451,4
2029,1, 1448,2
2029,1, 1446,4
2028,6, 1445,9
2029,6, 1446,7
2038,4, 1445,8
2019,7, 1442,4
1982,6, 1436,2
1749,8, 1415,8
1794,7, 1425,9
1433,1, 1390,1
1224,2, 1372,6
709,2, 1327,3
522,9, 1323,8
153,3, 1330,9
146,6, 1330,2
208,1, 1325,3
141,5, 1320,0
-48,5, 1326,1
-26,8, 1324,7
-58,9, 1322,0
-129,4, 1351,1
-155,1, 1336,2
-192,8, 1332,9
-186,2, 1335,4
-140,6, 1336,3
-60,4, 1341,0
-22,4, 1339,6
-41,1, 1334,2
-72,4, 1328,3
-6,5, 1340,0
-30,3, 1326,1
-25,3, 1326,6
-16,4, 1328,1
-35,4, 1321,7
-7,4, 1322,8
-60,3, 1309,4
-171,1, 1279,2
-188,9, 1273,7
-224,3, 1263,7
-184,6, 1269,8
-187,0, 1268,2
-181,8, 1262,7
-197,9, 1240,9
-196,4, 1237,2
-204,3, 1229,5
-197,6, 1197,3
-183,5, 1183,2
-168,2, 1174,9
-156,5, 1173,4
-75,3, 1154,8
-27,9, 1162,9
-109,6, 1154,7
-183,0, 1053,9
-185,4, 1041,5
-195,5, 1011,4
-94,3, 1139,3
-35,3, 1194,4
410,5, 1460,0
344,8, 1449,8
350,6, 1461,1
274,2, 1457,5
246,8, 1468,9
120,6, 1465,9
14,6, 1451,5
-3,2, 1453,1
-62,0, 1452,6
-90,0, 1443,1
-91,0, 1442,2
-94,7, 1442,3
-81,8, 1400,5
-68,2, 1390,3
-81,4, 1384,6
-102,6, 1375,2
-164,5, 1346,7
-122,8, 1350,6
-110,6, 1349,2
-175,0, 1337,7
-164,4, 1340,3
-143,5, 1344,3
-171,6, 1338,8
-119,7, 1346,9
-223,4, 1374,5
-177,9, 1392,4
-270,0, 1392,1
-206,0, 1402,8
-322,1, 1399,0
-323,8, 1401,5
-311,5, 1405,5
-309,4, 1412,8
-411,6, 1393,7
-391,8, 1397,3
-365,1, 1401,5
-316,0, 1383,8
-294,8, 1290,6
-196,7, 1372,8
-201,0, 1341,6
-86,1, 1409,3
-196,6, 1399,0
-391,2, 1347,0
-337,0, 1366,7
-195,9, 1376,8
-140,7, 1158,1
-146,9, 1199,5
-113,2, 1220,2
63,8, 1299,7
265,1, 1426,3
556,9, 1473,8
685,0, 1488,1
662,2, 1469,9
692,6, 1477,3
658,1, 1474,3
658,7, 1476,3
556,6, 1461,6
437,9, 1440,6
345,7, 1429,3
-4,8, 1337,7
-61,8, 1313,4
-135,8, 1284,9
-48,3, 1305,3
-86,8, 1283,4
-148,9, 1252,6
-59,4, 1260,9
427,0, 1267,9
483,4, 1272,2
515,8, 1276,9
631,0, 1277,1
768,9, 1288,3
1021,6, 1308,1
1146,3, 1345,6
1111,2, 1314,8
1118,1, 1313,0
1136,2, 1313,0
1148,1, 1303,6
1148,8, 1289,7
1135,1, 1289,6
1127,8, 1283,9
853,4, 1144,1
746,9, 1067,7
757,6, 1072,1
748,5, 1060,5
728,1, 1012,5
740,2, 995,1
745,0, 988,7
766,5, 978,5
781,5, 964,3
802,2, 968,8
814,4, 975,9
849,8, 989,1
1002,7, 1111,5
1051,2, 1099,4
1225,5, 1327,8
1507,0, 1685,8
1437,9, 1621,9
1524,5, 1738,4
2263,6, 2801,4
2278,5, 2815,1
2208,0, 2628,9
2340,8, 2757,2
2360,0, 2805,8
2372,3, 2848,9
2365,4, 2889,6
2379,7, 2895,6
2417,6, 2917,2
2419,8, 2898,2
2426,7, 2889,7
2495,9, 2865,6
2529,9, 2852,3
2539,7, 2849,3
2527,5, 2852,6
2497,3, 2861,4
2430,9, 2779,4
-517,6, 227,5
-166,9, 455,1
-120,8, 469,8
-86,5, 480,1
-88,2, 474,5
-70,5, 479,5
-67,8, 469,6
-66,0, 447,2
-63,1, 429,9
-74,3, 421,0
-82,5, 390,6
-86,4, 362,9
-82,7, 368,2
-52,1, 350,9
-50,7, 356,6
-15,9, 405,9
-7,8, 410,7
1,3, 386,1
3,9, 379,5
15,7, 358,3
19,0, 368,8
20,4, 373,4
144,4, 925,0
242,5, 1040,0
282,7, 1061,0
270,9, 1057,9
185,5, 1033,9
97,7, 1002,6
118,9, 1011,0
154,1, 1034,6
159,6, 1006,1
159,2, 1001,1
132,4, 1004,1
128,0, 1004,1
125,2, 1011,7
124,2, 1012,8
122,5, 1013,3
117,3, 1013,2
115,5, 1012,6
125,0, 1010,3
118,9, 1011,6
104,4, 1013,8
101,0, 1013,0
99,5, 1013,1
94,7, 1011,8
100,0, 1017,6
108,7, 1038,4
115,9, 1045,9
62,5, 1045,3
-147,4, 1036,3
-29,9, 1101,2
94,2, 1164,6
103,8, 1170,8
101,2, 1169,8
35,5, 1154,6
9,8, 1148,3
-47,9, 1125,9
-62,5, 1121,6
-107,9, 1135,6
-113,7, 1133,8
-105,7, 1141,4
-84,6, 1185,7
-73,0, 1218,2
-76,4, 1236,0
-82,9, 1243,5
-104,5, 1280,7
-107,5, 1282,0
-119,3, 1282,0
-119,3, 1283,0
-110,4, 1289,8
-98,0, 1295,7
-91,6, 1298,4
-80,2, 1302,8
-73,1, 1305,1
-151,9, 1328,5
-134,0, 1331,1
-133,3, 1332,3
-144,6, 1325,2
-147,2, 1325,0
-159,7, 1327,3
-155,6, 1326,2
-221,4, 1322,5
-219,8, 1314,8
-213,9, 1306,5
-204,8, 1300,9
-203,4, 1287,6
-215,0, 1278,7
-204,7, 1277,7
-207,4, 1276,6
-206,5, 1273,8
-241,4, 1256,1
-254,6, 1249,4
-257,9, 1247,9
-251,3, 1251,8
-245,2, 1253,5
-220,1, 1262,4
-201,3, 1266,1
-178,7, 1274,9
-171,4, 1270,1
-169,6, 1269,7
-160,5, 1267,0
-164,8, 1266,3
-166,7, 1265,5
-170,8, 1264,8
-177,5, 1264,0
-150,9, 1238,1
-212,6, 1187,2
3516,5, 1121,8
3516,2, 1147,6
3530,2, 1143,6
3548,8, 1137,3
3566,7, 1134,2
3655,8, 1117,5
3718,9, 1105,7
3719,3, 1104,2
3741,0, 1084,9
3733,6, 1095,5
3716,5, 1174,5
3691,5, 1266,1
3641,0, 1239,2
3666,4, 1222,4
3654,6, 1224,1
3671,0, 1232,1
3655,3, 1240,8
3635,8, 1200,5
3618,9, 1192,9
3611,3, 1189,5
3125,7, 1223,5
2822,9, 1288,3
2775,6, 1290,8
2648,7, 1296,3
2082,8, 1323,9
2056,7, 1334,1
1989,7, 1324,5
2003,2, 1317,3
2002,7, 1313,3
2019,5, 1319,2
-408,6, 961,3
-87,7, 1096,7
-33,1, 1134,4
-16,0, 1152,3
-2,2, 1155,4
24,9, 1172,0
-33,6, 1154,4
-23,8, 1156,3
-9,9, 1139,9
7,0, 1137,9
-41,0, 1141,1
293,9, 1160,9
396,6, 1164,1
608,0, 1177,6
706,5, 1182,1
730,3, 1182,0
789,3, 1187,0
807,1, 1188,1
828,5, 1189,0
823,2, 1189,3
1000,4, 1207,0
1152,6, 1220,7
1329,5, 1228,6
1374,6, 1223,6
1419,8, 1228,8
1431,9, 1228,7
1454,7, 1229,9
1460,2, 1231,1
1474,2, 1236,5
1504,8, 1242,3
1503,7, 1247,8
1517,2, 1245,0
1487,5, 1203,3
1442,1, 1131,1
1272,6, 954,9
1242,8, 940,0
1193,4, 902,2
1166,1, 887,1
1070,0, 814,8
1086,1, 824,7
1078,5, 820,8
1074,9, 811,8
1075,7, 811,3
1090,3, 811,9
1088,3, 815,4
1083,9, 812,0
1084,5, 809,1
1087,0, 807,2
1087,4, 809,6
1088,8, 809,8
1090,3, 806,0
1090,7, 800,4
1053,8, 778,8
1008,8, 756,9
843,4, 656,7
810,3, 641,4
749,9, 614,2
539,5, 491,1
519,7, 480,3
374,2, 397,6
361,8, 386,9
348,7, 381,0
359,5, 387,0
342,8, 377,8
351,5, 379,4
432,2, 405,6
421,8, 405,8
433,1, 415,5
420,9, 427,4
443,3, 435,4
629,9, 573,5
611,0, 568,6
615,4, 573,4
765,7, 695,8
970,3, 866,8
992,9, 888,9
1008,0, 902,9
1125,4, 991,4
1120,6, 987,5
1111,0, 983,8
1104,9, 979,5
1104,0, 980,3
1102,4, 978,7
1094,2, 974,3
1099,3, 977,2
1082,8, 964,1
1075,3, 960,8
1073,6, 954,3
1065,4, 943,4
1063,0, 947,4
1062,0, 941,8
1061,3, 940,6
1062,7, 939,5
1066,3, 939,9
1071,8, 940,6
1072,7, 937,6
1072,7, 938,9
1070,2, 945,2
1065,1, 942,5
1066,3, 944,7
1033,4, 960,8
982,9, 959,6
715,9, 966,7
633,5, 961,7
153,5, 984,3
-426,2, 995,4
-613,4, 993,7
-596,7, 992,2
-585,5, 991,3
-588,5, 916,3
-612,0, 901,7
-609,1, 726,1
-615,4, 643,3
-610,5, 636,5
-591,6, 604,5
-598,0, 607,1
-605,5, 620,6
-604,6, 620,5
-555,7, 850,1
-529,2, 897,9
-524,9, 883,0
-525,0, 882,0
-525,0, 882,0
-503,2, 915,7
-489,2, 926,0
-439,1, 960,5
-429,0, 966,6
-422,3, 967,4
-402,5, 977,1
-330,4, 1009,8
-317,8, 1021,1
-332,7, 1009,4
-276,5, 1030,1
-299,4, 1024,8
-319,6, 1020,2
-316,4, 1021,4
-305,5, 1025,3
-297,6, 1027,8
-278,6, 1033,5
-269,2, 1036,1
-97,1, 1083,5
-143,3, 1062,0
-127,6, 1057,4
-85,0, 1068,7
-75,7, 1070,7
-33,7, 1081,0
20,5, 1093,3
42,9, 1101,2
60,5, 1108,1
121,9, 1132,9
141,8, 1138,2
159,5, 1141,7
165,9, 1133,9
165,8, 1134,3
166,0, 1133,2
166,0, 1133,2
603,3, 1238,3
1013,1, 1321,0
1219,9, 1363,4
1228,4, 1363,8
1254,6, 1354,8
1262,0, 1348,5
1265,0, 1344,7
1265,1, 1341,1
1260,3, 1336,3
1250,9, 1329,4
1245,8, 1326,3
1251,9, 1323,3
1239,8, 1308,7
1352,4, 1326,0
1458,5, 1354,3
1566,2, 1379,3
1854,2, 1443,9
1892,1, 1453,8
1991,7, 1481,1
1986,7, 1472,2
1995,9, 1460,5
2000,2, 1467,0
1999,3, 1456,1
1989,5, 1455,9
1982,6, 1450,2
1975,9, 1449,9
1976,8, 1439,8
1989,9, 1447,6
1988,9, 1449,3
1994,4, 1452,1
2008,7, 1469,2
2007,7, 1476,8
2005,6, 1479,3
2000,0, 1474,1
2004,9, 1482,1
2002,0, 1474,2
2015,4, 1477,7
2014,7, 1477,4
1988,5, 1464,8
1996,3, 1467,7
1996,4, 1463,3
1993,5, 1460,6
1992,9, 1462,6
1975,5, 1443,0
1982,7, 1450,5
2275,8, 1411,2
2221,1, 1415,8
3075,4, 1314,1
3375,8, 1279,4
3448,7, 1274,8
3572,7, 1262,8
3587,5, 1257,6
3679,9, 1262,4
3708,1, 1262,8
3745,0, 1265,9
3725,9, 1264,1
3679,9, 1256,2
3670,3, 1230,0
3757,3, 1213,6
3744,1, 1212,2
3746,2, 1213,3
3731,5, 1174,6
3802,9, 1158,6
3902,1, 1106,3
3865,6, 1125,8
3780,3, 1146,3
2150,1, -161,0
-485,2, 899,4
-467,6, 898,1
-466,6, 903,9
-436,1, 911,0
-410,6, 907,9
-389,3, 982,0
-396,6, 984,9
-422,5, 988,4
-410,6, 1029,3
-419,3, 1039,5
-434,8, 1036,0
-480,3, 1025,7
-501,5, 1026,9
-521,6, 1001,2
-530,9, 1007,8
-518,1, 1018,1
-502,6, 995,2
-382,0, 1047,6
-444,7, 1014,8
-522,4, 992,7
-500,6, 953,9
-493,8, 954,3
-455,0, 1046,4
-474,3, 1037,7
-466,2, 1040,7
-468,7, 830,6
-447,3, 824,5
-258,4, 630,0
-257,2, 627,3
-257,2, 627,3
-256,9, 588,5
-263,1, 569,7
-256,8, 514,0
-277,4, 479,2
-257,1, 479,6
-253,5, 443,4
-329,3, 397,8
-366,1, 385,6
-376,2, 357,7
-424,1, 347,0
-428,1, 344,2
-435,2, 342,0
-440,8, 339,9
-458,0, 332,5
-461,7, 328,8
-461,7, 326,6
-457,0, 324,8
-438,8, 322,9
-431,8, 324,0
-417,6, 317,3
-397,6, 306,3
-382,8, 300,1
-378,5, 297,1
-375,9, 293,4
-371,3, 293,3
297,7, 432,3
479,2, 490,9
609,9, 542,8
654,0, 554,6
653,4, 552,9
885,4, 628,1
891,6, 626,1
896,8, 624,3
893,8, 612,7
900,0, 611,5
902,7, 601,1
913,3, 591,8
962,3, 569,8
986,8, 568,6
978,4, 561,8
986,2, 561,9
983,5, 555,6
955,9, 548,0
949,2, 538,9
710,4, 493,4
546,2, 450,7
401,8, 390,8
349,0, 374,9
327,5, 357,0
322,3, 353,3
295,0, 331,4
299,6, 334,1
346,0, 370,5
382,1, 396,4
381,6, 398,4
374,4, 394,5
358,9, 390,4
339,9, 380,9
339,4, 380,5
366,4, 426,3
357,3, 423,4
71,3, 619,4
58,6, 629,2
-3,6, 744,2
-189,8, 988,6
-226,0, 1025,4
-304,6, 1138,4
-282,5, 1148,5
-228,0, 1165,5
-237,1, 1161,8
-154,9, 1176,5
-71,2, 1194,0
-106,3, 1177,6
-92,7, 1183,4
-113,8, 1180,8
-70,6, 1192,0
-83,3, 1191,0
-128,7, 1185,2
-85,7, 1195,9
-137,3, 1173,3
-79,3, 1196,2
-96,2, 1196,0
-123,5, 1197,0
-160,1, 1188,7
-145,6, 1190,0
-204,3, 1166,1
-171,0, 1173,7
-191,8, 1163,6
-161,8, 1176,0
-228,1, 1154,1
-267,0, 1120,6
-244,2, 1130,3
-259,4, 1133,3
-194,7, 1159,5
-211,0, 1162,0
-246,6, 1149,4
-164,2, 1181,0
-247,0, 1143,2
-197,9, 1165,8
-194,9, 1170,3
-133,3, 1195,5
-189,2, 1172,5
-126,0, 1194,7
-189,6, 1168,5
-130,6, 1189,5
-193,0, 1160,7
-136,9, 1182,7
-222,5, 1144,0
-309,0, 1090,8
-273,2, 1105,2
-288,4, 1087,4
-215,5, 1114,1
-237,4, 1108,9
-297,4, 1091,4
-231,6, 1110,1
-312,7, 1077,7
-260,5, 1095,3
-252,8, 1101,9
-198,0, 1096,7
-242,8, 1081,7
-218,6, 1099,3
-281,3, 1075,6
-231,0, 1084,5
-270,3, 1069,5
-211,8, 1069,3
-228,5, 1063,9
-315,0, 1039,8
-294,6, 1045,1
-306,4, 1050,1
-245,7, 1059,6
-364,0, 948,5
-379,1, 936,3
-359,3, 940,8
-407,7, 922,7
-357,6, 936,4
-332,8, 941,8
-266,0, 966,3
-331,2, 948,3
-266,3, 970,3
-308,7, 958,2
-230,3, 984,6
-277,3, 968,6
-242,5, 991,1
-381,0, 945,9
-412,4, 923,7
-413,7, 914,2
-449,6, 880,2
-460,1, 870,5
-460,9, 870,0
-457,8, 894,6
-452,8, 900,8
-437,9, 915,3
-438,2, 914,6
-438,2, 914,6
-430,7, 914,2
-254,0, 976,0
-346,2, 950,8
-239,9, 985,5
-331,4, 976,7
-327,1, 1101,0
-222,4, 1201,6
-245,7, 1319,8
-154,8, 1379,2
-176,2, 1395,0
-302,9, 1366,4
-299,7, 1366,1
-303,1, 1366,7
-309,3, 1373,9
-346,8, 1369,5
-365,5, 1359,7
-343,1, 1361,3
-330,4, 1362,3
-330,9, 1364,8
-296,0, 1369,0
-240,7, 1362,9
-248,7, 1368,9
-174,9, 1361,1
-103,8, 1380,9
-118,7, 1377,9
-182,5, 1360,9
-111,9, 1380,2
-165,9, 1375,0
-117,3, 1386,6
-201,6, 1369,8
-139,4, 1386,8
-178,3, 1384,1
-128,4, 1394,5
-244,2, 1372,4
-211,4, 1406,6
-284,8, 1384,5
-250,8, 1391,5
-319,3, 1387,4
-347,3, 1379,9
-284,2, 1389,2
-49,5, 1386,7
84,8, 1409,0
279,4, 1430,2
243,1, 1409,6
275,4, 1421,3
307,4, 1433,6
244,9, 1414,9
280,4, 1429,2
272,1, 1412,7
268,0, 1409,8
306,2, 1422,6
289,3, 1417,6
274,1, 1426,1
244,5, 1428,2
277,3, 1428,8
-37,8, 1402,8
-221,5, 1416,8
-257,6, 1409,9
-353,1, 1439,3
-490,1, 1405,8
-442,3, 1419,9
-390,6, 1404,3
-90,6, 1327,3
-41,8, 1329,4
199,6, 1326,6
490,9, 1295,3
759,9, 1279,1
962,5, 1267,6
1052,1, 1263,3
1235,3, 1253,8
1405,9, 1243,6
1413,4, 1243,5
1413,7, 1242,9
1413,1, 1240,8
1429,1, 1248,5
1442,1, 1252,1
1414,5, 1243,5
1368,7, 1227,8
1247,2, 1158,3
-279,6, -63,7
-91,8, 47,6
-106,7, 81,6
-99,5, 98,2
-43,2, 113,7
12,2, 161,7
83,5, 220,7
143,4, 261,3
143,9, 243,9
148,3, 244,7
276,6, 359,4
311,6, 375,2
360,3, 433,8
365,0, 429,4
369,0, 431,7
393,5, 448,2
390,6, 451,0
396,1, 468,3
395,8, 462,2
394,2, 461,4
371,0, 449,4
361,6, 436,7
353,3, 425,9
292,9, 385,3
315,9, 395,0
322,6, 397,9
338,2, 400,4
323,3, 384,5
335,6, 384,4
336,0, 382,5
326,7, 379,4
330,2, 380,9
305,9, 373,9
352,0, 385,3
350,8, 389,7
342,7, 385,4
357,2, 398,4
348,3, 394,4
343,1, 387,4
343,1, 388,6
353,1, 401,7
359,0, 410,8
358,1, 409,8
341,7, 410,7
308,9, 458,4
304,9, 473,4
189,5, 572,7
-364,7, 921,9
-524,1, 1019,1
-486,8, 1011,0
-464,0, 1011,6
-469,3, 1010,2
-373,0, 1017,1
-323,9, 1022,6
-294,0, 1029,8
-262,7, 1020,5
-381,5, 956,5
-397,9, 948,7
16,1, 709,6
25,0, 713,9
14,4, 681,6
-18,0, 630,9
-5,4, 852,2
-15,1, 936,5
-2,0, 939,5
0,7, 928,1
-8,8, 894,6
-56,8, 828,9
-81,0, 792,6
-94,6, 771,7
-99,7, 735,1
-94,6, 717,8
-94,4, 707,5
-82,0, 710,3
-85,2, 730,9
-78,5, 784,8
-70,2, 818,4
-77,9, 803,1
-103,0, 800,8
-79,0, 826,8
-89,9, 811,3
-65,9, 815,5
-64,6, 804,5
-83,8, 814,8
-85,4, 816,6
-92,1, 774,6
-91,4, 765,9
-95,9, 755,6
-2,1, 760,6
507,0, 818,5
634,5, 813,1
677,3, 810,3
679,9, 808,0
739,7, 764,2
774,0, 750,0
778,2, 717,8
781,2, 696,3
676,5, 602,1
658,3, 570,3
662,3, 529,5
653,5, 516,4
691,9, 485,3
684,9, 490,9
716,3, 488,1
745,3, 455,9
787,9, 451,1
794,4, 452,7
811,5, 456,1
828,7, 462,4
842,6, 471,3
842,3, 467,9
865,2, 462,5
878,2, 461,4
882,1, 459,0
856,9, 453,0
739,0, 442,9
756,7, 442,5
693,7, 427,8
561,7, 403,1
507,4, 395,1
379,3, 380,1
402,6, 374,8
407,2, 379,3
416,2, 391,9
429,6, 388,3
429,6, 388,4
1468,7, 189,2
1988,5, 83,0
2056,0, 68,1
2087,3, 62,4
2171,3, 36,6
2146,3, 27,4
2335,9, -24,5
2309,1, -24,2
2251,8, -14,0
2409,6, -32,5
2674,2, -67,4
2712,3, -74,3
2728,5, -77,5
2719,9, -77,9
2768,7, -70,4
3020,6, -140,1
3053,9, -145,3
2924,3, -95,6
2997,3, -121,7
3018,8, -124,2
3016,6, -121,9
3010,1, -122,7
3050,8, -159,6
3130,5, -119,8
3193,7, -94,9
3238,2, -69,2
3351,8, -174,4
3457,1, -222,2
3339,2, -218,6
3330,6, -228,0
3296,6, -248,6
3243,9, -280,0
3221,3, -241,0
3225,2, -249,3
3218,1, -234,0
3199,8, -194,9
3190,5, -178,4
3188,3, -174,0
3175,8, -164,5
3162,6, -135,6
3164,1, -136,8
3179,9, -153,3
3176,4, -149,2
3191,9, -167,6
3194,4, -171,4
3192,8, -176,2
3190,0, -173,8
3188,8, -173,8
3148,7, -155,1
3093,9, -142,7
2544,7, -4,8
2296,2, 48,7
2135,0, 67,1
1954,6, 42,2
1764,7, 35,1
1408,2, -5,7
1257,0, -17,9
425,1, -146,3
148,6, -223,1
-139,4, -200,9
-253,8, -188,7
277,1, -262,7
403,3, -252,9
512,3, -184,3
557,9, -125,4
2454,9, 2654,5
2517,9, 2864,1
2517,9, 2864,1
2564,6, 2775,8
2560,7, 2783,2
1199,9, 94,4
1199,9, 94,4
1829,9, 775,0
1864,2, 696,1
1903,4, 738,7
1886,0, 726,4
1905,2, 745,8
1907,5, 735,0
1883,1, 685,3
1874,0, 672,5
1867,5, 663,4
1871,3, 658,1
1920,2, 658,1
1881,7, 646,0
1810,9, 618,6
982,7, 636,3
762,8, 673,0
726,3, 676,0
653,9, 665,4
600,6, 631,5
608,1, 632,2
598,5, 615,6
602,8, 621,4
609,8, 629,5
627,1, 642,6
634,7, 649,4
662,2, 662,7
671,8, 671,2
673,5, 678,7
633,4, 696,3
325,4, 841,8
-211,6, 1196,9
-103,2, 1107,1
-131,2, 1127,9
-162,9, 1180,0
-186,4, 1222,4
-192,9, 1219,5
-388,7, 1174,9
-391,8, 1179,7
-396,4, 1178,8
-385,6, 1167,1
-391,2, 1174,0
-393,9, 1165,2
-425,3, 1164,9
-396,2, 1164,7
-405,7, 1158,5
-236,4, 1161,9
-313,5, 1147,7
-272,8, 1153,6
-252,0, 1140,4
-349,0, 1120,4
-439,4, 1088,2
-438,5, 1085,3
-256,8, 1031,7
-292,0, 988,9
-336,2, 1035,9
-308,7, 995,7
-313,0, 1002,8
-305,6, 997,7
-252,0, 998,9
-264,6, 1007,2
-301,9, 1002,3
-313,0, 998,1
-320,3, 983,4
-311,9, 984,4
-334,2, 991,5
-333,3, 1034,2
-316,2, 1015,5
-271,6, 1030,1
-279,5, 1023,5
-273,1, 1019,2
-261,0, 1023,7
553,9, 1233,0
689,6, 1248,8
598,9, 1238,1
693,4, 1248,0
779,6, 1251,6
794,1, 1242,8
802,5, 1240,1
819,8, 1238,2
863,4, 1236,8
867,1, 1238,1
922,9, 1239,3
986,8, 1248,1
1007,3, 1250,9
1046,5, 1258,5
1090,6, 1266,8
1543,5, 1439,2
1602,1, 1459,0
1681,9, 1485,8
1632,5, 1438,1
1631,0, 1437,1
1646,7, 1447,8
1677,9, 1462,6
1721,8, 1480,7
1758,0, 1473,9
1753,4, 1476,5
1952,7, 1507,8
1982,3, 1503,4
1988,9, 1504,1
1999,3, 1502,1
2000,7, 1501,6
2000,3, 1500,6
1994,8, 1490,3
1992,8, 1490,3
1989,4, 1490,4
1985,5, 1495,2
1970,0, 1515,5
1952,1, 1509,6
1865,7, 1495,5
1861,7, 1494,3
1859,6, 1491,8
1871,8, 1501,9
1857,2, 1487,9
1850,8, 1487,6
1833,8, 1486,6
1838,8, 1484,3
1850,7, 1478,8
1849,8, 1479,2
1832,5, 1489,0
1829,8, 1490,8
1799,6, 1493,9
1792,3, 1488,1
1790,6, 1486,4
1787,0, 1487,1
1739,7, 1482,6
1745,6, 1484,8
1753,7, 1482,2
1774,8, 1479,2
1778,2, 1479,5
1768,5, 1462,6
1693,3, 1416,6
1682,6, 1412,3
1668,0, 1414,1
1692,1, 1437,5
1703,0, 1446,7
1719,4, 1443,8
1764,4, 1460,9
1763,7, 1461,7
1749,3, 1467,4
1745,2, 1467,8
1739,9, 1466,7
1724,1, 1461,2
1730,0, 1458,1
1791,1, 1477,8
1802,9, 1478,8
1809,5, 1478,0
1811,0, 1477,8
1821,5, 1483,1
1826,2, 1478,9
1823,9, 1477,3
1811,3, 1470,1
1824,0, 1462,6
1826,0, 1462,2
1819,6, 1466,6
1832,2, 1466,5
1826,5, 1470,4
1806,7, 1473,1
1815,1, 1476,6
1818,0, 1476,2
1824,2, 1474,7
1778,6, 1482,4
1774,5, 1484,5
1792,3, 1483,3
1786,2, 1484,2
1795,6, 1483,5
1800,2, 1485,4
1782,3, 1476,7
1790,4, 1479,9
1733,4, 1489,8
1739,8, 1487,3
1686,7, 1452,5
1679,7, 1450,9
1597,2, 1455,0
1371,1, 1278,2
865,9, 1148,1
283,8, 1018,5
270,0, 1008,1
141,7, 990,8
37,1, 972,0
49,3, 995,3
97,0, 1017,5
95,3, 1011,8
-184,1, 1005,5
-261,0, 993,7
-254,5, 1000,6
-241,6, 1010,4
-237,1, 1013,4
19,9, 778,3
37,9, 757,3
34,5, 759,1
39,5, 762,2
-347,6, 943,8
-353,4, 952,6
-250,9, 974,0
225,4, 1092,9
293,3, 1098,6
1278,4, 1323,2
1617,9, 1385,2
1613,3, 1393,5
1610,9, 1393,0
1592,8, 1403,8
1598,2, 1395,8
1621,2, 1400,3
1657,5, 1422,7
1704,9, 1411,5
1684,7, 1419,3
1752,0, 1322,2
1752,8, 1188,6
1846,8, 777,6
1863,5, 718,7
1913,1, 550,1
2043,1, 200,1
2151,8, -7,0
2153,3, -1,1
2157,9, 8,0
2165,9, 16,9
2172,7, 17,9
2178,1, 3,1
2213,3, -6,2
2238,0, -10,7
3227,5, 13,0
2983,0, 70,4
2904,8, 89,7
2805,9, 106,2
2698,0, 125,9
2690,3, 123,7
2750,7, 110,9
2792,0, 97,8
2818,9, 100,8
2857,0, 100,1
2885,8, 107,0
3007,8, 141,1
3287,7, 151,1
3363,6, 158,3
3211,8, 608,5
3566,9, 548,1
3570,6, 540,6
3561,4, 544,5
3575,1, 538,1
3585,3, 532,6
3495,3, 525,6
3495,6, 524,1
3518,2, 512,1
3579,9, 515,0
3071,3, 463,8
3261,4, 479,0
3361,1, 469,2
3506,2, 396,5
3512,9, 179,8
3600,5, 196,3
3529,7, 94,3
3366,2, 79,0
3291,1, 22,6
3132,4, 54,4
3062,5, 65,7
3111,6, 110,2
3016,0, 117,9
3001,5, 110,6
3032,4, 68,8
3064,5, 37,6
278,4, 7,9
-296,2, 143,5
-266,1, 155,8
-268,9, 148,3
-497,9, -86,5
-497,9, -86,5
-648,7, -250,0
-648,7, -250,0
-648,7, -250,0
-648,7, -250,0
382,1, 268,4
451,0, 216,6
428,3, 213,0
465,7, 232,5
556,0, 209,8
570,3, 199,6
620,5, 197,6
620,9, 198,2
490,8, 96,9
499,2, 105,5
858,7, 30,8
1067,3, 173,8
1066,5, 197,7
1086,8,