Listening for gaze data, press any key to exit...
281,2, -108,4
272,2, -116,4
259,2, -132,3
663,9, 331,4
676,5, 347,4
853,8, 477,8
834,7, 467,3
691,0, 414,0
807,2, 458,2
743,5, 422,4
615,4, 358,6
650,7, 378,9
660,7, 381,1
688,4, 410,4
695,0, 415,3
701,0, 428,4
711,3, 450,6
727,2, 452,3
718,1, 450,9
678,4, 347,5
674,8, 353,0
673,8, 360,7
666,1, 363,5
647,1, 355,8
646,2, 348,6
627,6, 332,4
767,4, 330,5
754,3, 301,1
904,9, 326,9
1191,9, 386,7
1467,8, 416,3
1456,9, 405,8
1451,5, 401,7
1463,3, 405,5
1445,7, 388,1
1450,2, 388,0
1458,9, 351,1
1461,8, 372,9
1466,5, 398,6
1464,3, 410,6
1431,0, 445,2
1430,6, 449,7
1718,9, 1142,7
1692,1, 1279,3
1648,6, 1540,2
1613,5, 1820,8
1596,6, 2219,5
1583,3, 2504,5
1571,8, 2627,0
1565,0, 2834,3
1564,1, 2852,5
1531,3, 3053,1
1529,2, 3052,2
1515,3, 3006,8
1530,1, 2960,6
1549,8, 2963,1
1551,1, 2963,2
1504,6, 2938,7
1488,1, 2932,7
2472,7, -193,4
2472,7, -193,4
2246,6, 516,7
2118,9, 770,1
2065,5, 803,6
1811,6, 684,2
1783,3, 648,7
1763,0, 626,0
1755,4, 601,8
1690,4, 442,1
1697,2, 470,3
1662,9, 286,9
1661,4, 258,3
1676,4, 241,5
1680,7, 204,7
1682,2, 192,1
1675,6, 193,8
1662,6, 193,7
1650,6, 217,0
1639,7, 216,1
1265,8, 195,5
824,3, 173,7
939,9, 182,2
714,4, 191,0
712,5, 192,1
683,3, 188,5
607,0, 166,7
562,5, 167,3
553,1, 156,2
550,4, 157,2
548,0, 154,8
541,5, 149,4
528,9, 147,2
479,9, 164,5
465,7, 173,0
466,9, 188,8
464,6, 177,5
440,4, 177,3
451,6, 190,7
405,3, 140,8
416,5, 158,3
427,0, 171,9
409,9, 148,5
431,2, 189,2
490,7, 249,7
484,9, 236,5
571,7, 335,8
826,2, 631,9
871,0, 694,7
1014,6, 886,5
1226,4, 1083,4
1342,2, 1238,3
1325,2, 1249,8
1316,6, 1294,4
1334,1, 1295,9
1339,7, 1305,2
1336,2, 1277,1
1339,5, 1279,1
1325,0, 1313,1
1328,4, 1309,9
1337,0, 1331,9
1396,4, 1384,8
1734,0, 1792,8
1859,5, 1995,0
1886,7, 1997,3
2023,1, 2192,6
1995,3, 2150,2
2431,9, 2753,1
2696,6, 3042,7
2679,4, 3031,4
2596,7, 2987,7
2557,2, 2975,1
2549,6, 2992,7
2523,8, 2985,8
2552,0, 2992,4
2545,9, 3003,1
2521,1, 2975,2
2529,1, 2961,7
2548,8, 2964,0
2559,5, 2967,4
2628,1, 2978,7
2620,5, 2975,4
2628,1, 2975,9
2638,9, 2987,0
2654,1, 3001,5
2709,7, 3100,9
2668,9, 3033,5
2688,3, 3059,4
2658,9, 2923,5
2571,3, 2764,8
2390,1, 2407,2
2342,4, 2227,9
1997,6, 1514,5
1971,2, 1418,5
1852,6, 1074,8
1821,0, 690,5
1744,0, 554,5
1752,3, 513,3
1758,5, 493,2
1755,2, 515,9
1752,7, 521,8
1754,7, 513,4
1752,9, 514,4
1766,5, 533,1
1764,7, 531,5
1764,2, 504,5
1762,3, 480,0
1785,4, 340,3
1787,3, 331,5
1784,9, 361,2
1788,2, 366,9
1820,8, 281,4
1822,7, 280,5
1796,7, 279,2
1793,5, 294,5
1785,1, 299,0
1787,6, 297,3
1788,0, 294,5
1789,1, 297,3
1807,9, 289,9
1821,1, 292,1
1822,6, 283,0
1823,4, 282,0
1835,8, 278,0
1842,4, 268,6
1824,8, 273,4
1818,0, 276,7
1814,2, 273,2
1814,0, 271,5
1812,3, 272,9
1818,2, 264,3
1827,4, 251,5
1820,8, 246,4
1821,4, 244,5
1822,3, 231,9
1821,9, 234,6
1830,8, 239,5
1831,5, 237,9
1830,9, 243,8
1832,1, 243,0
1828,7, 231,1
1825,1, 245,3
1796,4, 223,1
1803,1, 238,6
1804,3, 241,1
1812,1, 246,9
1818,7, 247,7
1825,9, 249,1
1826,1, 249,2
1825,7, 249,6
1829,5, 254,8
1743,4, 263,9
1750,8, 306,9
1734,1, 296,4
1748,7, 301,8
1757,3, 281,3
1774,5, 278,8
1786,2, 282,9
1789,8, 283,2
1800,3, 284,9
1794,2, 272,1
1798,8, 267,8
1802,5, 258,7
1802,9, 259,2
1804,9, 257,5
1815,7, 249,5
1820,7, 247,3
1818,8, 248,7
1818,2, 249,7
1814,6, 252,2
1803,4, 257,1
1805,4, 257,8
1803,5, 261,6
1802,9, 262,7
1796,3, 265,1
1797,7, 255,0
1800,0, 252,3
1813,4, 241,4
1808,2, 246,6
1812,9, 243,9
1815,2, 243,0
1812,8, 241,0
1811,4, 233,3
1810,4, 238,1
1805,7, 230,2
1806,9, 232,2
1805,6, 241,5
1803,5, 248,2
1820,6, 296,1
2110,1, 1072,7
2235,7, 1465,2
2290,6, 1723,8
2325,5, 1850,1
2520,3, 2551,7
2585,3, 2824,1
2581,3, 2792,3
2580,3, 2790,1
2609,7, 2930,8
2539,9, 2884,0
2569,5, 2921,9
2550,3, 2891,3
2535,9, 2882,8
2556,7, 2912,0
2571,9, 2925,3
2573,5, 2951,8
2568,5, 2948,9
2599,7, 2989,0
2574,9, 2985,3
2561,6, 2991,1
2604,8, 2977,7
2565,8, 2985,9
2620,0, 2999,2
2591,3, 3010,9
2571,6, 3021,3
2641,3, 3066,7
2598,5, 3069,5
2628,0, 3093,4
2750,9, 3122,0
2716,9, 3117,5
2767,3, 3125,0
2835,0, 3138,2
2791,3, 3094,5
2789,6, 3091,8
2662,3, 2956,5
2341,6, 2595,5
2047,1, 2190,2
1383,3, 1496,5
1238,8, 1292,6
538,5, 660,9
-342,4, 207,4
-148,7, 370,2
-115,8, 390,3
-91,7, 404,8
-66,0, 404,0
-71,4, 403,1
71,9, 344,6
388,5, 263,7
347,4, 260,3
381,2, 240,1
524,6, 203,0
558,9, 191,2
586,1, 118,4
601,0, 107,1
586,8, 77,0
596,1, 35,7
609,6, 4,2
666,0, -48,3
696,1, -68,1
701,9, -73,5
733,0, -73,9
772,6, -77,3
810,7, -84,5
837,1, -95,1
881,9, -103,8
896,5, -105,2
926,1, -109,9
941,5, -114,3
962,1, -115,3
1044,1, -96,4
1053,1, -94,5
1357,5, 242,4
1494,2, 431,9
1580,8, 531,4
1595,3, 527,2
1602,6, 527,6
1610,5, 532,3
1640,2, 529,6
1649,0, 535,4
1659,0, 531,4
1655,1, 527,0
1660,1, 483,6
1660,0, 459,2
1661,5, 442,3
1661,8, 440,0
1662,5, 440,9
1672,1, 439,4
1689,3, 417,5
1698,5, 414,8
1695,5, 420,7
1778,6, 432,1
1839,8, 441,2
2276,0, 435,4
2516,6, 421,4
2607,1, 417,8
2669,9, 419,8
2782,4, 446,6
2815,4, 414,9
2808,4, 422,5
2774,9, 460,1
2771,7, 466,6
2734,8, 535,2
2735,5, 529,4
2745,1, 519,5
2742,1, 547,8
2741,1, 542,9
2741,4, 541,8
2745,8, 542,4
2747,5, 551,2
2751,1, 550,8
2751,9, 549,5
2755,9, 559,7
2757,7, 565,0
2759,5, 569,9
2762,2, 567,2
2764,5, 567,5
2772,0, 562,5
2774,8, 560,0
2776,3, 561,9
2777,9, 570,8
2785,0, 581,4
2784,3, 597,6
2773,9, 599,6
2698,2, 615,0
2314,5, 604,6
2083,0, 615,3
1186,0, 682,8
678,0, 635,4
435,6, 591,6
376,8, 579,0
-182,0, 561,4
-277,9, 568,4
-491,4, 576,8
-505,3, 576,9
-526,2, 576,8
-53,9, 639,7
-223,6, 618,4
-502,5, 580,7
-104,4, 733,4
1213,1, 1239,3
1174,6, 1224,4
-512,9, 586,4
-513,1, 590,9
-463,4, 563,4
-373,3, 565,6
-361,0, 579,3
-297,3, 601,4
-298,5, 604,9
-331,8, 628,6
-317,5, 633,8
-307,1, 635,9
-246,6, 619,8
-224,8, 650,1
-110,8, 687,3
-179,7, 681,8
-121,4, 697,1
-139,9, 699,9
-191,6, 700,3
-136,5, 705,8
-226,3, 690,4
-179,3, 697,3
-100,6, 708,1
-186,5, 669,3
-171,6, 678,0
-186,7, 672,0
-175,6, 675,2
-172,5, 684,3
-277,2, 645,3
-171,8, 706,5
-258,0, 876,4
-213,9, 955,7
-229,1, 971,4
-218,5, 979,3
-264,8, 982,2
-308,8, 988,8
-267,7, 988,4
-307,0, 979,7
-267,5, 983,2
-298,1, 990,8
-343,2, 992,7
-303,6, 991,3
-249,4, 988,8
-344,4, 987,3
-290,6, 988,6
-275,5, 989,6
-284,6, 988,0
-333,2, 989,1
-307,3, 983,2
-408,9, 972,9
-429,7, 968,9
-346,5, 981,7
-418,4, 901,6
-422,4, 901,3
-384,5, 915,4
-478,2, 865,3
-437,4, 873,2
-413,3, 869,3
-349,9, 875,4
-394,6, 852,4
-443,3, 840,5
-368,8, 858,5
-457,5, 846,7
-313,7, 865,1
-362,7, 851,0
-421,4, 850,1
-405,0, 844,4
-438,8, 851,6
-439,0, 853,2
-433,5, 845,7
-433,3, 844,7
-413,2, 855,2
-415,4, 855,9
-358,9, 857,6
-447,2, 844,9
-408,4, 848,9
-390,3, 848,0
-336,4, 851,8
-359,9, 849,0
-307,4, 852,3
-400,2, 826,1
-91,0, 638,7
44,6, 660,7
124,0, 790,2
175,5, 769,3
664,7, 1116,2
670,2, 1069,4
762,2, 1117,9
786,9, 1235,2
795,0, 1243,4
811,3, 1241,3
902,1, 1236,7
945,9, 1217,1
979,9, 1228,0
1065,0, 1209,9
1231,6, 1243,4
1244,1, 1240,0
1191,9, 1216,3
1076,3, 1170,9
1081,4, 1147,4
1040,5, 1090,7
874,5, 926,7
855,7, 839,5
954,3, 826,4
957,7, 828,5
1012,3, 820,9
1062,3, 812,6
1109,7, 799,0
1109,8, 795,1
1204,7, 797,1
1196,2, 745,6
1206,0, 737,5
1231,7, 729,5
1265,0, 734,4
1276,4, 729,4
1280,8, 722,7
1333,0, 716,4
1359,0, 713,8
1379,1, 712,2
1432,2, 695,8
1436,2, 696,7
1479,2, 690,5
1502,6, 686,7
1553,8, 661,4
1623,7, 634,7
1737,5, 646,4
2525,7, 569,1
2930,1, 549,2
3037,5, 530,5
3209,7, 502,2
3208,5, 503,3
3800,5, 479,7
3875,4, 471,7
4047,4, 468,4
4070,6, 486,5
4049,9, 533,4
4027,6, 500,0
3999,6, -216,2
3999,6, -216,2
3999,6, -216,2
4000,7, -186,2
4000,0, -206,9
4050,0, 164,7
4011,6, 383,3
4020,7, 292,2
4020,7, 292,2
3980,0, 188,8
3925,9, -5,3
3925,6, 1,5
3908,5, 17,9
3901,7, 21,1
3978,3, 253,1
3978,3, 253,1
3889,9, 294,7
3855,1, 309,5
3784,3, 338,8
3774,5, 342,6
3729,4, 349,7
3724,2, 337,0
3688,1, 339,8
3671,3, 340,3
3519,8, 340,8
2234,3, 441,8
2313,0, 413,0
214,5, 1817,2
-203,7, 408,8
-232,7, 317,6
-239,7, 295,0
-239,7, 295,0
-236,8, 293,5
-219,8, 285,0
-219,0, 281,3
-247,4, 257,4
-249,6, 259,2
97,7, 512,7
114,3, 521,1
23,4, 529,7
39,4, 521,5
75,4, 509,4
106,7, 499,6
31,0, 493,3
79,2, 517,8
131,3, 527,3
52,7, 508,0
141,5, 502,9
82,2, 500,5
74,0, 506,1
24,3, 495,4
80,3, 492,8
28,2, 488,4
68,4, 484,8
-20,3, 482,3
61,8, 491,2
-30,6, 480,7
69,7, 481,3
106,7, 385,5
56,5, 392,1
89,7, 386,2
-17,8, 396,2
25,7, 396,6
137,9, 398,8
116,9, 397,5
145,3, 309,3
40,7, 331,6
-3,9, 316,1
89,2, 282,8
46,3, 267,4
26,2, 244,6
-14,6, 233,7
-37,2, 222,4
-46,6, 214,2
-48,3, 212,3
-53,4, 190,2
-69,2, 178,6
-126,5, 129,2
-137,9, 132,6
-156,3, 126,0
-144,7, 133,1
-192,7, 100,3
-197,7, 93,5
-182,3, 91,7
-168,7, 92,3
-99,8, 177,9
-107,1, 164,5
-99,7, 177,6
-130,9, 151,7
-131,5, 151,3
-133,4, 150,1
-157,2, 81,0
-163,9, 76,0
68,0, 248,5
126,0, 274,8
227,2, 315,4
292,5, 322,4
383,0, 280,2
397,1, 309,0
411,3, 309,3
419,8, 265,4
448,0, 275,3
470,5, 223,5
475,3, 220,5
479,3, 219,8
534,5, 225,2
556,1, 233,6
623,2, 246,6
766,5, 229,4
793,9, 249,4
830,2, 253,8
853,3, 242,2
893,2, 235,6
925,3, 232,5
941,4, 192,7
936,1, 212,1
945,3, 182,1
957,5, 145,1
957,5, 134,6
987,9, 70,2
1024,6, 40,4
1023,1, 13,3
1038,3, 0,3
1050,4, 15,3
1070,6, -16,5
1078,3, -16,8
1080,9, -4,6
1110,5, 12,5
1141,3, 32,3
1140,7, 31,7
1704,8, 102,6
1928,1, 130,5
2020,3, 134,5
2118,7, 141,4
2124,3, 140,5
2128,7, 139,9
2139,3, 135,5
2141,8, 134,4
2142,2, 134,3
2167,0, 136,6
2180,0, 131,2
2186,0, 122,4
2186,5, 122,4
2189,4, 121,2
2212,6, 122,7
2235,6, 92,0
2238,3, 95,0
2245,9, 89,6
2246,8, 81,7
2249,1, 74,2
2254,3, 66,2
2253,4, 70,1
2252,8, 78,8
2257,3, 75,6
2293,1, 53,6
2291,8, 62,8
2285,0, 70,4
2283,3, 70,5
2287,5, 63,3
2289,2, 60,2
2289,9, 59,5
2298,8, 51,4
2314,2, 32,3
2327,8, 28,0
2331,9, 26,8
2330,2, 29,8
2320,8, 41,3
2313,8, 45,5
2316,1, 45,3
2313,3, 44,2
2296,3, 61,5
2299,4, 63,3
2302,4, 64,0
2308,4, 57,8
2323,6, 58,4
2319,8, 56,0
2324,6, 52,5
2332,2, 56,5
2324,0, 59,5
2323,6, 56,8
2319,1, 67,6
2291,0, 85,6
2275,8, 93,5
2270,7, 96,6
2270,6, 96,6
1382,6, 262,4
1377,7, 255,5
1211,1, 288,6
1185,4, 292,4
1171,0, 307,3
1161,2, 321,6
1062,7, 303,6
937,6, 272,4
850,5, 251,0
611,7, 191,0
592,3, 178,7
371,7, 58,9
266,8, 36,9
241,2, 15,9
228,9, 6,4
194,6, -24,8
170,1, -114,2
165,6, -126,7
180,3, -97,2
186,9, -88,3
183,4, -113,4
199,2, -81,2
211,2, -101,7
185,6, -104,2
179,2, -90,4
190,8, -60,8
202,2, -31,8
239,2, -9,4
316,8, 89,0
327,1, 90,9
340,8, 105,9
336,9, 100,8
391,7, 169,1
388,6, 142,6
329,5, 102,5
202,2, 39,4
270,0, 86,3
277,3, 99,9
246,2, 86,8
254,4, 93,4
236,9, 83,5
325,5, 108,2
364,9, 125,8
-90,8, -268,9
174,5, -148,1
119,5, -273,6
213,8, -165,2
279,0, -156,2
393,8, -20,3
599,5, 201,4
655,6, 252,9
701,2, 300,7
752,0, 293,9
748,1, 233,6
754,8, 256,0
782,0, 237,0
892,7, 276,8
904,8, 276,3
899,1, 265,9
687,6, 246,1
288,2, 223,2
104,5, 214,4
113,1, 290,2
-41,9, 294,9
-5,2, 305,5
31,7, 325,5
106,3, 432,3
109,6, 422,0
123,5, 443,9
84,3, 401,0
95,8, 433,2
84,1, 418,4
97,3, 435,7
71,9, 396,9
98,5, 425,3
101,8, 429,1
283,8, 475,2
284,6, 479,1
1333,9, 630,0
1467,4, 631,1
1500,0, 613,5
2101,0, 726,0
2389,7, 768,1
2433,2, 776,2
2591,2, 727,2
2611,7, 711,8
2754,7, 620,8
2740,8, 631,3
2739,9, 630,8
2747,8, 647,2
2759,1, 663,7
2770,5, 660,6
2797,1, 639,2
2826,6, 638,7
2859,6, 624,2
2867,4, 631,6
2860,9, 632,1
2765,4, 657,4
2620,1, 558,4
2623,5, 558,8
2619,2, 567,2
2605,3, 559,5
2591,9, 562,2
2580,6, 561,1
2620,5, 608,0
2625,0, 630,4
2631,0, 631,5
2671,5, 630,2
2673,9, 635,0
2696,5, 645,6
2719,3, 648,0
2736,4, 656,1
2735,7, 659,2
2741,1, 666,5
2718,8, 662,6
2702,3, 646,4
2699,1, 626,9
2237,7, 717,1
2153,7, 739,6
2065,8, 769,9
2056,6, 769,5
2052,7, 769,5
2057,7, 769,6
2063,1, 765,2
2073,9, 766,9
2086,5, 766,8
2103,5, 772,3
2113,2, 777,9
2106,8, 741,7
2113,8, 747,7
2119,7, 754,9
2113,1, 731,9
2075,6, 715,2
2082,7, 718,3
2082,5, 718,0
2084,0, 725,6
2084,7, 722,3
2078,6, 728,2
2077,4, 744,0
2076,1, 752,8
2073,9, 757,3
2054,2, 780,9
2027,6, 785,1
1944,1, 815,2
1637,7, 885,9
1664,4, 911,1
1526,0, 935,0
1298,0, 978,7
1061,3, 1028,0
859,7, 1066,9
828,2, 1061,2
825,0, 1063,5
816,5, 1056,7
799,4, 1059,6
801,9, 1064,0
813,5, 1076,2
821,4, 1072,8
862,7, 1066,5
733,4, 1050,1
558,9, 1024,2
320,0, 988,6
-161,1, 894,9
-482,9, 790,1
-600,2, 750,8
-604,8, 750,8
619,8, 1096,2
1180,1, 1254,3
1180,1, 1254,3
232,9, 830,2
-118,2, 649,6
-122,6, 620,5
-134,3, 607,3
-129,6, 606,5
-132,2, 602,9
129,2, 732,5
209,2, 770,1
231,3, 793,2
236,1, 788,8
254,0, 778,3
277,7, 794,3
206,7, 759,3
194,4, 764,1
191,1, 740,0
195,7, 736,8
177,0, 738,1
114,7, 733,6
86,1, 752,9
-96,3, 744,0
-240,8, 756,3
-258,5, 769,3
-283,9, 777,3
-269,3, 781,4
-277,7, 777,3
-332,5, 748,2
-394,1, 717,7
-391,0, 712,7
-406,0, 713,7
-502,0, 690,8
-451,3, 720,5
-433,8, 697,2
-418,4, 713,2
-322,9, 743,5
-243,6, 773,2
-171,7, 824,9
-101,5, 811,9
-64,8, 784,6
-76,4, 795,3
-16,4, 739,0
-65,7, 814,4
53,1, 712,4
36,0, 761,7
-39,0, 847,4
-44,9, 847,1
-54,4, 850,5
-58,9, 835,2
-58,4, 839,9
-62,7, 850,0
-56,3, 837,2
-59,7, 846,3
-33,2, 841,2
-37,5, 829,5
-28,6, 831,8
-44,5, 818,0
-20,0, 835,1
-23,7, 840,7
-18,7, 844,5
646,7, 809,3
642,8, 804,8
672,0, 804,0
728,1, 795,8
793,1, 794,5
832,9, 788,5
891,7, 759,4
893,5, 704,0
894,9, 682,9
904,7, 716,1
838,2, 669,6
868,2, 666,4
1546,8, -26,9
1853,1, -74,1
1825,4, -45,3
1805,2, -24,5
1829,0, -142,5
1822,4, -115,0
1813,8, -102,4
1827,8, -139,1
1835,1, -194,2
1835,1, -179,9
1828,3, -177,3
1862,2, -194,1
1863,9, -190,5
1863,0, -190,0
1869,2, -188,1
1871,3, -199,5
1866,5, -206,9
1876,1, -266,3
1876,7, -270,1
1877,4, -273,2
1877,5, -271,6
1885,0, -274,7
1887,8, -275,1
1890,3, -275,0
1900,6, -272,6
1904,2, -271,5
1910,2, -274,1
1904,6, -271,9
1884,8, -265,1
1862,9, -257,5
1877,5, -244,2
1875,3, -234,2
1883,0, -220,1
1883,5, -196,2
1898,8, -198,0
1904,0, -196,6
1923,1, -206,2
1932,6, -211,1
1959,8, -221,9
1971,9, -215,4
1973,6, -215,0
1975,1, -217,6
1995,8, -230,1
2127,3, -236,1
2531,0, -227,1
2600,1, -225,9
2582,9, -226,6
2683,6, -220,6
2724,0, -216,3
2726,6, -216,5
2748,7, -213,7
2762,0, -212,3
2753,6, -214,6
2757,1, -213,9
2757,1, -214,1
2787,2, -208,4
2805,6, -206,1
2837,6, -202,4
2844,1, -201,7
4095,2, 89,9
4010,7, 169,6
3983,6, 175,8
3877,0, 236,1
2992,7, 443,8
2465,3, 578,8
2238,2, 629,5
1892,6, 685,0
1774,9, 700,9
328,3, 785,6
390,8, 744,9
376,5, 753,4
382,9, 757,2
378,3, 756,5
408,4, 760,4
230,5, 661,4
157,8, 621,0
138,7, 610,8
-200,5, 371,8
-126,5, 460,5
-144,4, 424,8
-24,7, 550,2
-58,7, 477,2
-43,7, 512,4
-55,8, 490,1
-16,1, 495,1
-21,9, 460,3
54,4, 439,3
-11,2, 459,0
-75,7, 438,3
-77,4, 416,5
-128,0, 350,6
-96,9, 341,2
-152,3, 368,9
-42,1, 470,1
27,0, 492,9
97,8, 511,6
30,1, 499,8
38,3, 496,7
-64,0, 474,6
45,6, 497,5
-66,3, 481,2
16,6, 475,3
-68,8, 455,9
78,5, 449,4
137,1, 404,7
93,3, 409,4
123,0, 409,7
29,4, 411,7
55,5, 407,0
122,2, 403,4
11,5, 400,5
97,9, 401,8
17,8, 395,1
-12,2, 391,1
-115,9, 371,2
-39,8, 348,3
-127,3, 322,9
-106,2, 315,2
-187,9, 290,6
-140,7, 284,6
-221,5, 272,6
-69,1, 280,5
3,9, 303,0
-24,1, 301,1
-13,5, 303,7
-115,5, 300,5
-17,5, 344,5
-38,4, 326,4
-3,3, 342,3
-9,2, 239,8
-100,9, 238,6
-122,6, 228,3
-177,7, 229,3
-119,2, 223,4
-177,1, 219,2
-92,9, 235,0
-167,8, 231,8
-115,5, 239,3
-226,3, 233,5
-60,2, 247,5
3,2, 259,8
-44,1, 257,0
1,1, 320,5
-34,8, 323,7
287,3, 482,1
721,6, 711,8
1035,2, 864,3
1018,9, 845,5
1400,0, 1016,0
1595,7, 1083,1
1743,3, 1087,6
1830,5, 1083,9
1961,8, 1070,2
2016,7, 1070,8
2102,5, 1059,3
2240,3, 1032,2
2340,2, 1012,0
2383,6, 1002,0
2390,2, 999,8
2477,0, 943,7
2510,7, 926,0
2517,7, 920,9
2523,7, 917,1
2515,8, 919,2
2491,5, 934,5
2447,1, 972,1
2443,8, 972,3
2465,3, 955,5
2471,5, 947,5
2480,7, 940,0
2498,7, 954,0
2498,7, 946,1
2497,0, 940,8
2500,6, 948,7
2497,6, 942,8
2499,6, 944,5
2500,1, 953,2
2501,3, 948,2
2500,0, 947,7
2496,7, 958,4
2513,3, 950,7
2521,6, 953,9
2727,4, 972,8
3037,7, 1008,2
3110,8, 1016,3
3226,3, 1031,6
3245,9, 1032,8
3322,0, 1038,1
3422,8, 1081,0
3536,6, 1085,6
3483,0, 1120,7
3441,2, 1195,2
3434,7, 1199,6
3394,7, 1166,5
3388,8, 1154,0
3399,4, 1143,4
3397,8, 1123,7
3383,6, 1101,3
3198,7, 1120,7
830,8, 883,2
11,9, 684,0
11,9, 684,0
11,9, 684,0
42,4, 710,4
17,9, 700,3
72,1, 692,3
136,9, 560,2
163,0, 501,7
153,7, 512,8
135,4, 535,9
15,7, 700,3
22,6, 710,2
-16,2, 724,1
-83,3, 765,5
-127,3, 781,2
-128,8, 781,1
-419,1, 957,5
-419,3, 917,1
-446,0, 922,3
-427,8, 920,4
-341,4, 1021,6
-224,9, 1027,4
-218,7, 1044,9
-189,5, 1048,3
-199,2, 1051,3
-159,4, 1055,3
-120,6, 1061,7
-139,8, 1063,1
-166,5, 1063,0
-143,7, 1062,7
-185,3, 1068,2
-109,3, 1086,1
-136,4, 1081,5
-131,5, 1072,9
-151,0, 1067,8
-139,0, 1055,6
-144,7, 1054,7
-127,5, 1051,0
-165,3, 1054,7
-129,6, 1046,5
-134,8, 1048,2
-169,1, 1050,9
-117,2, 1052,7
-153,7, 1052,6
-178,5, 1055,0
-155,0, 1031,3
-140,3, 1019,1
-165,0, 1030,4
-154,2, 1032,8
-80,6, 1064,7
-120,1, 1056,6
-112,1, 1058,8
-113,1, 1054,3
-128,4, 1057,4
-94,1, 1060,4
-95,9, 1060,2
-102,3, 1053,9
-88,6, 1057,1
-125,4, 1057,1
-114,8, 1059,9
-113,4, 1057,4
-135,6, 1058,8
-133,8, 1061,1
-147,1, 1060,5
-139,5, 1059,0
-159,7, 1072,2
-133,0, 1076,8
-156,9, 1233,7
-184,3, 1301,9
-313,1, 1303,5
-302,5, 1293,3
-229,4, 1274,0
-202,7, 1269,8
-182,8, 1261,6
-213,6, 1279,3
-202,6, 1272,6
-230,3, 1281,3
-215,0, 1264,7
-234,5, 1244,6
-235,9, 1245,1
-240,9, 1239,6
-270,5, 1264,4
-287,0, 1283,3
-266,7, 1279,9
-188,3, 1273,6
-226,6, 1291,3
-196,3, 1282,1
-163,3, 1271,8
-209,3, 1287,7
-211,3, 1291,6
-186,4, 1289,8
-203,2, 1293,6
-187,1, 1291,7
-199,8, 1292,3
-143,4, 1289,8
-190,0, 1293,7
-159,6, 1276,0
-152,0, 1275,0
-218,4, 1280,1
-231,7, 1279,4
-203,6, 1274,9
-204,7, 1259,9
-252,8, 1278,9
-201,8, 1265,1
-229,9, 1268,1
-222,7, 1260,7
-207,3, 1253,9
-180,6, 1222,6
-220,8, 1201,6
-255,3, 1192,8
-214,8, 1184,6
-247,6, 1187,0
-252,9, 1177,5
-232,5, 1178,8
-271,9, 1145,3
-253,1, 1125,8
-268,7, 1109,2
-238,4, 1114,8
-243,7, 1112,1
-232,7, 1103,3
-231,8, 1091,4
-250,9, 1091,1
-263,2, 1084,0
-246,1, 1085,4
-268,9, 1076,0
-242,0, 1082,0
-39,2, 1103,7
-79,6, 1091,4
-201,1, 1069,5
-183,0, 1067,8
-143,1, 1074,5
-19,8, 1136,1
89,5, 1157,3
81,5, 1160,8
123,9, 1184,9
143,3, 1197,8
145,0, 1198,4
156,5, 1202,3
237,0, 1207,6
306,3, 1220,6
345,4, 1216,9
412,4, 1228,6
483,6, 1243,4
531,9, 1252,6
647,5, 1274,1
726,4, 1292,2
668,2, 1278,3
690,4, 1282,5
732,8, 1291,2
762,3, 1299,0
795,6, 1304,8
794,7, 1301,9
799,1, 1295,9
868,9, 1297,1
1259,9, 1401,6
1347,9, 1426,0
1335,2, 1430,7
1339,1, 1424,9
1397,3, 1376,6
1424,3, 1423,4
1427,6, 1419,8
1446,1, 1422,8
1455,9, 1431,6
1456,8, 1434,4
1441,0, 1455,2
1418,0, 1455,3
1422,1, 1443,2
1477,1, 1436,7
1502,1, 1427,2
1620,7, 1430,2
1681,6, 1432,4
1752,7, 1439,5
1766,8, 1445,5
1780,0, 1450,1
1782,5, 1450,5
1780,1, 1451,0
1780,8, 1450,3
1772,5, 1451,9
1765,6, 1451,9
1766,7, 1456,6
1773,9, 1458,8
1773,6, 1458,8
1760,2, 1452,2
1751,5, 1451,0
1736,0, 1445,3
1759,3, 1450,4
1794,2, 1458,2
1799,8, 1459,5
1794,1, 1458,2
1792,7, 1455,8
1780,5, 1456,7
1780,8, 1456,1
1782,6, 1433,6
1785,5, 1433,2
1783,4, 1448,8
1785,4, 1439,1
1767,4, 1455,2
1771,3, 1444,1
1769,9, 1442,3
1804,3, 1448,8
1761,9, 1425,5
1742,7, 1414,8
1484,4, 1333,6
1480,7, 1338,4
1335,5, 1295,0
892,3, 1166,7
487,0, 1036,2
313,5, 994,8
43,7, 932,6
99,8, 944,6
35,8, 933,5
40,7, 941,8
65,7, 955,1
96,0, 968,5
133,7, 972,5
132,6, 976,0
181,1, 834,8
171,1, 840,4
128,8, 877,2
181,5, 786,9
166,0, 820,0
148,5, 854,9
195,9, 752,1
149,7, 821,0
70,8, 945,3
71,5, 949,8
69,8, 951,8
42,2, 934,0
51,6, 938,6
67,5, 950,7
63,8, 950,9
75,1, 952,7
77,5, 957,5
83,2, 959,2
69,3, 952,5
72,2, 954,8
56,6, 949,3
64,0, 948,8
76,4, 963,4
143,3, 997,3
116,7, 985,1
-629,2, 999,6
-566,4, 992,5
-474,8, 993,3
-458,9, 1008,4
-358,7, 1011,7
-365,2, 1019,3
-379,5, 1013,1
-301,8, 1046,5
-224,5, 1056,2
-232,9, 1051,3
-178,7, 1037,0
-152,7, 1031,8
-151,7, 1035,2
-184,0, 1040,4
-132,4, 1036,9
-154,6, 1039,0
-157,2, 1044,5
-186,0, 1046,6
-147,8, 1054,9
-149,9, 1059,7
-121,4, 1061,3
-151,3, 1059,0
-85,3, 1060,3
23,8, 990,6
-15,2, 987,1
216,3, 817,5
244,4, 803,0
259,8, 789,6
257,9, 778,4
273,7, 766,0
302,4, 755,5
273,7, 756,4
297,3, 760,2
267,7, 756,9
53,2, 746,5
-131,8, 726,0
-260,4, 705,8
-330,2, 688,3
-420,8, 662,5
-428,3, 632,9
-429,8, 633,0
-403,4, 646,5
-413,7, 646,7
-410,4, 640,0
-424,2, 626,3
-471,3, 614,1
-364,6, 644,1
-296,3, 647,5
-295,3, 615,2
-306,1, 593,0
-305,5, 593,7
-317,2, 594,3
-274,3, 606,7
-253,5, 607,4
-156,1, 631,0
-211,3, 616,3
-267,8, 606,3
-434,8, 533,2
-447,1, 521,2
-388,6, 535,9
-269,8, 583,3
-129,8, 632,0
-63,1, 620,9
191,1, 534,3
282,8, 506,0
299,2, 498,9
540,3, 418,7
507,1, 427,0
515,6, 405,5
576,7, 375,5
572,1, 351,7
580,1, 344,5
585,5, 334,0
588,1, 309,5
587,8, 266,5
574,4, 270,7
574,4, 268,1
816,7, -74,1
909,2, -120,2
935,6, -135,3
936,8, -133,7
1024,9, -139,2
1069,1, -143,6
1058,8, -147,0
1091,4, -142,3
1111,4, -148,3
1136,9, -156,1
1159,9, -165,6
1199,0, -185,9
1213,2, -196,9
1218,8, -198,9
1248,9, -211,2
1251,6, -212,3
1258,7, -215,0
1276,1, -221,3
1291,9, -226,6
1351,2, -245,2
1381,3, -246,5
1378,8, -243,8
1499,1, -206,6
1574,0, -177,0
1694,3, -139,4
1774,8, -111,6
1918,7, -64,6
1923,9, -65,0
1936,3, -67,0
1966,0, -70,6
1969,1, -71,2
1979,3, -73,9
1992,4, -79,2
2002,5, -89,3
2008,3, -103,8
2018,4, -106,6
2037,6, -119,9
2061,9, -124,7
2092,6, -137,2
2099,8, -137,3
2118,5, -136,6
2189,3, -117,3
2208,1, -30,7
1721,1, 81,0
1425,2, -152,7
-385,4, 787,4
189,0, 482,9
101,4, 529,3
424,7, 359,0
241,8, 456,3
-387,1, 792,3
-361,1, 794,8
-352,9, 782,7
-349,1, 782,2
-271,3, 811,0
-267,9, 811,3
-245,4, 816,6
-215,2, 818,1
-205,4, 816,0
-197,4, 815,0
-198,7, 821,2
-196,0, 827,8
-198,0, 827,7
-198,8, 829,7
-196,7, 828,5
-79,5, 666,4
-104,5, 674,4
-159,5, 708,6
-199,8, 733,1
-355,5, 732,5
-346,6, 751,4
-307,1, 715,3
-328,7, 712,0
-315,3, 703,2
-353,5, 663,5
-318,5, 651,3
-305,0, 648,0
-300,9, 646,0
-415,5, 603,8
-454,9, 593,2
-395,3, 582,8
-390,8, 582,4
-411,6, 559,8
-483,5, 554,1
-474,6, 549,5
-519,3, 546,2
-479,6, 543,3
-527,6, 540,7
-460,6, 544,1
-454,9, 554,2
-461,1, 541,0
-461,7, 539,6
-462,6, 536,3
-456,1, 540,2
-528,4, 537,5
-530,4, 534,1
-530,4, 534,1
-512,2, 398,6
-522,1, 398,4
-539,6, 393,1
-583,3, 389,6
-581,2, 398,7
-583,3, 400,1
-475,2, 382,3
-475,2, 382,3
-533,3, 379,6
-583,9, 359,9
-584,7, 366,8
-588,5, 360,1
-538,2, 334,0
-537,0, 350,5
-553,9, 355,9
-554,0, 330,2
-518,6, 310,5
-503,8, 306,4
-507,5, 298,9
-507,9, 298,2
-507,9, 298,2
-556,8, 229,1
-538,5, 231,8
-531,2, 232,9
-218,5, 317,4
-534,8, 245,9
-283,4, 300,8
-392,9, 270,3
-504,5, 231,6
-516,4, 232,8
-545,8, 229,6
-545,8, 229,6
-545,8, 229,6
146,9, 596,4
149,9, 600,3
151,6, 600,9
245,8, 641,5
279,4, 653,9
199,3, 619,5
356,6, 681,1
352,3, 678,1
339,6, 671,5
391,7, 694,7
484,0, 701,7
552,3, 725,4
493,0, 712,1
545,3, 735,9
626,9, 767,6
753,1, 845,6
769,9, 855,1
910,3, 944,4
932,5, 960,5
1044,5, 1020,8
1082,6, 1041,8
1073,3, 1035,2
1083,2, 1035,0
1109,0, 1045,4
1113,4, 1047,7
1170,1, 1061,1
1172,3, 1063,2
1185,0, 1064,6
1246,1, 1074,7
1278,4, 1076,3
1300,6, 1072,4
1307,7, 1073,7
1356,1, 1091,9
1440,2, 1130,1
1530,2, 1162,1
1706,3, 1218,2
1733,3, 1206,0
1851,6, 1251,5
1926,2, 1280,7
1958,1, 1296,8
2037,7, 1320,8
2425,0, 1441,3
2425,4, 1442,3
2440,2, 1437,3
2474,7, 1413,9
2473,4, 1414,2
2471,9, 1416,9
2468,1, 1417,6
2461,6, 1429,1
2451,7, 1445,4
2434,7, 1449,6
2421,6, 1458,9
2405,5, 1474,8
2382,6, 1491,2
2412,1, 1471,8
2390,8, 1476,7
2364,0, 1396,1
2389,6, 1412,8
2384,5, 1409,5
2379,8, 1408,9
2380,9, 1403,1
2402,4, 1397,7
2436,5, 1392,2
2465,9, 1397,7
2466,6, 1406,9
2472,8, 1409,0
2660,4, 1371,9
3227,0, 1333,2
3450,5, 1330,2
3495,8, 1335,8
3602,6, 1320,7
3632,5, 1320,4
3649,6, 1322,2
3632,9, 1321,9
3626,2, 1355,4
3620,1, 1343,5
3648,8, 1356,9
3661,5, 1351,0
3664,9, 1351,4
3726,3, 1313,5
3735,8, 1300,3
3789,8, 1271,7
3760,1, 1262,3
3771,5, 1261,0
3735,1, 1268,7
3689,9, 1270,1
3692,2, 1267,1
3683,4, 1261,5
3697,7, 1233,4
3694,8, 1223,7
3713,1, 1205,8
3699,1, 1199,9
3703,1, 1189,6
3689,9, 1158,9
3709,9, 1121,6
3716,5, 1113,8
3696,3, 1105,0
3679,9, 1099,2
3699,0, 1087,9
3707,5, 1059,8
3674,7, 1053,8
3679,3, 1019,2
3646,2, 1001,6
3658,5, 997,5
3643,2, 992,9
3664,7, 979,6
3700,9, 939,9
3722,8, 912,2
3747,2, 889,4
3739,3, 864,3
3739,9, 867,4
3604,3, 906,4
3609,0, 881,7
3605,5, 877,0
3607,5, 861,2
3628,3, 847,4
3617,1, 841,4
3599,4, 851,6
3601,8, 844,3
3588,2, 845,2
3500,0, 892,8
3355,5, 860,3
2834,8, 878,9
2847,3, 878,3
2768,1, 891,4
2776,1, 889,3
2618,1, 924,6
2609,0, 925,4
2584,3, 938,4
2473,5, 985,0
2471,3, 983,5
2477,5, 980,6
2500,2, 968,4
2514,5, 949,7
2502,8, 961,7
2527,8, 937,2
2571,1, 943,8
2570,2, 943,2
2616,5, 938,9
2637,3, 947,3
2635,7, 969,1
2661,0, 961,7
2711,7, 945,5
2822,7, 932,5
3335,0, 1014,6
3508,7, 1046,4
3628,4, 1031,1
3735,7, 1035,1
3697,7, 995,1
3710,7, 986,7
3730,4, 1001,2
3792,9, 1019,8
3846,3, 1014,8
3811,7, 1047,4
3804,7, 1050,5
3793,2, 1072,3
3783,5, 1085,5
3783,8, 1081,1
3743,4, 1081,7
3751,9, 1083,2
3759,3, 1078,7
3896,8, 988,2
3834,8, 1025,7
3840,7, 1028,5
3905,4, 992,9
3904,6, 997,0
3905,8, 998,4
3972,0, 969,7
3945,2, 976,3
3910,0, 989,2
3889,0, 993,8
3823,4, 1005,8
3812,6, 1007,0
3835,3, 975,4
3896,4, 934,8
3866,8, 932,1
3798,6, 954,7
3760,8, 947,9
3566,9, 952,1
3371,6, 960,1
3210,6, 978,5
3139,8, 966,8
3085,0, 975,2
2982,1, 983,6
2962,1, 987,3
2933,6, 987,1
2868,4, 1011,8
2853,2, 1015,2
2618,6, 991,6
2528,4, 972,3
2408,5, 980,6
2133,5, 944,9
1213,4, 820,0
-60,2, 575,4
-54,6, 604,8
-64,7, 599,6
-77,7, 600,7
-127,7, 604,8
-127,4, 604,1
-182,9, 641,4
-205,6, 643,8
-263,7, 648,6
-284,6, 655,9
-306,1, 679,8
-309,5, 709,9
-314,4, 714,0
-321,3, 715,5
-235,3, 701,6
-237,8, 701,9
-237,1, 704,2
-243,7, 724,7
-177,8, 742,2
-190,9, 751,6
-199,1, 758,2
-136,6, 760,6
-158,3, 766,8
-122,8, 758,8
-140,1, 761,6
-122,4, 766,2
-149,9, 767,2
-102,5, 765,0
-120,9, 767,4
-105,4, 765,8
-139,6, 771,2
-93,9, 767,8
-72,3, 764,1
-72,8, 763,8
-74,0, 757,9
-108,6, 759,1
-91,9, 755,6
-51,9, 752,6
-81,7, 757,8
-37,4, 770,0
-66,2, 773,8
-85,6, 779,5
-82,3, 782,4
-81,2, 791,0
-53,1, 800,4
-66,3, 813,1
-37,4, 813,0
-33,6, 814,0
-43,3, 815,0
-23,4, 815,5
-54,6, 820,3
-62,1, 824,3
-42,8, 822,2
-123,4, 889,3
-123,8, 896,2
-45,0, 932,4
-51,1, 944,0
-46,1, 941,5
-95,2, 950,7
-94,9, 951,2
-121,8, 963,9
-125,2, 959,5
-220,9, 961,6
-246,1, 919,3
-176,7, 926,7
-123,7, 951,5
-124,5, 951,1
-115,3, 955,8
-3,3, 966,1
100,2, 965,6
222,2, 961,6
287,3, 961,8
405,5, 958,8
451,9, 950,6
525,0, 955,2
569,4, 958,8
621,7, 958,2
627,6, 955,4
681,1, 958,5
662,9, 958,4
710,2, 956,2
719,5, 954,6
738,0, 939,8
755,6, 916,7
781,2, 911,3
799,5, 909,7
801,5, 909,7
852,1, 900,6
873,8, 901,0
922,8, 897,5
953,6, 896,2
1172,2, 890,7
1377,1, 898,5
2445,2, 883,9
2508,9, 899,4
2690,3, 916,0
2640,3, 907,1
2877,6, 926,3
3166,9, 952,0
3165,5, 952,2
3197,3, 938,0
3176,9, 971,1
3213,9, 947,8
3270,4, 916,7
3289,7, 898,0
3299,1, 890,8
3269,5, 912,3
3308,1, 887,7
3301,6, 893,3
3261,6, 921,4
3261,9, 924,8
3376,9, 860,8
3636,4, 826,2
3732,3, 890,8
3930,5, 888,7
3930,5, 888,7
3934,7, 889,9
3935,8, 890,3
3937,7, 890,8
3930,7, 891,1
3936,7, 856,6
3930,9, 859,5
3880,1, 874,4
3799,6, 903,1
3838,7, 877,7
3790,1, 882,3
3738,8, 904,4
3719,3, 912,1
3710,3, 915,4
3796,7, 880,7
3750,8, 917,3
3749,0, 921,0
3729,1, 945,8
3699,0, 950,6
3701,7, 950,2
3693,6, 951,5
3787,4, 924,4
3804,8, 913,7
3805,2, 910,9
3815,5, 906,3
3811,0, 909,0
3806,8, 901,8
3804,7, 904,8
3885,6, 835,8
3970,9, 790,5
3955,1, 792,4
3759,4, 858,7
3865,3, 807,5
3858,7, 806,5
3840,1, 802,6
3824,2, 795,4
3770,6, 779,1
3788,0, 777,4
3812,4, 772,0
3575,4, 809,2
3316,8, 865,2
3333,1, 853,0
3285,4, 855,2
3187,3, 881,8
3215,8, 869,6
3164,8, 874,4
3135,2, 889,3
3083,6, 887,0
2988,0, 915,8
2977,2, 917,4
2959,8, 888,1
2946,7, 890,6
2936,5, 885,9
2927,5, 869,6
2850,8, 891,7
2785,0, 888,2
2732,4, 887,4
2758,9, 891,9
986,6, 687,4
948,0, 700,7
896,1, 695,4
837,8, 702,9
309,5, 683,3
2558,0, 1180,0
1558,8, 1051,6
1774,0, 1143,6
-387,0, 636,6
-387,0, 636,6
-389,8, 625,2
-391,6, 618,2
-392,4, 615,0
-215,4, 761,6
-80,3, 770,4
-99,8, 776,6
-79,6, 780,3
-93,1, 779,9
-99,5, 792,1
-50,6, 802,2
-74,7, 798,4
-67,2, 787,1
-114,2, 779,0
-89,9, 780,5
-99,4, 782,5
-79,1, 783,0
-49,9, 784,9
-43,2, 786,6
-26,8, 800,9
-32,6, 806,5
-43,0, 827,3
-103,5, 864,3
-86,3, 873,9
-117,2, 872,6
-86,8, 867,9
-114,2, 869,3
-95,7, 861,0
-70,5, 854,3
-100,3, 856,4
-133,7, 855,0
-164,8, 853,6
-72,2, 849,4
-72,8, 849,4
-63,8, 838,8
-110,2, 833,3
-99,6, 825,7
-103,2, 823,5
-82,9, 808,8
-109,6, 812,6
-71,9, 799,2
-48,1, 786,1
-59,8, 791,5
-97,0, 811,2
114,1, 797,6
92,5, 804,6
376,9, 809,8
966,8, 815,8
1227,2, 814,3
1227,2, 792,5
1317,1, 718,1
1590,1, 603,7
1673,6, 564,9
1676,6, 563,6
1685,5, 561,0
1688,7, 563,2
1665,9, 552,9
1626,6, 531,6
1232,1, 316,9
1124,1, 222,6
1100,5, 201,0
1094,1, 195,9
1090,1, 182,3
1071,4, 87,1
1089,4, 124,1
1089,6, 108,5
1084,3, 51,4
1088,1, 52,9
1104,6, 37,1
1120,4, 30,3
1218,0, -11,9
1360,3, -105,8
1412,5, -118,4
1491,8, -156,7
1619,1, -211,4
1631,6, -216,3
1657,8, -200,1
1661,0, -220,4
1677,2, -186,4
1691,0, -191,8
1701,6, -194,1
1722,1, -198,2
1716,9, -197,7
1721,4, -197,8
1743,9, -200,0
1755,1, -206,1
1781,3, -208,7
1788,5, -207,4
1791,2, -207,5
1793,2, -207,0
1797,0, -213,4
1813,9, -210,1
1817,7, -209,8
1823,6, -205,6
1828,0, -211,7
1842,8, -228,9
1878,7, -218,8
1911,8, -230,0
1899,2, -242,1
1949,2, -243,7
1948,8, -243,9
1949,6, -243,5
2105,4, -197,0
2136,2, -177,0
2149,4, -146,1
2159,2, -147,5
2199,3, -155,8
2232,0, -170,7
2282,0, -202,0
2316,5, -215,5
2326,2, -218,5
2335,8, -222,5
2353,8, -228,7
2392,3, -235,0
2412,4, -242,7
2424,5, -245,2
2446,3, -250,2
2482,9, -253,5
2511,4, -255,8
2579,2, -254,8
2578,4, -255,5
2566,6, -256,7
2626,3, -256,9
2630,1, -257,4
2648,4, -260,2
2672,4, -262,4
2699,7, -265,9
2702,2, -267,1
2692,6, -263,2
2673,3, -259,2
2673,2, -259,1
1393,9, 89,1
814,3, 128,3
540,7, 142,0
-14,2, 195,5
-81,3, 213,5
-104,4, 202,8
-140,7, 176,6
-120,4, 196,5
-93,6, 229,2
-93,6, 229,2
877,4, 899,3
645,5, 802,0
792,6, 881,6
2089,3, 2165,0
2397,8, 2476,6
2407,1, 2529,1
2558,8, 2719,7
2590,1, 2706,6
2601,9, 2739,8
2640,7, 2844,6
2644,3, 2867,9
2604,5, 2894,9
2644,6, 2862,5
2639,8, 2867,4
2637,7, 2874,1
2621,1, 2910,9
2625,5, 2885,7
2614,7, 2898,2
2618,5, 2877,5
2596,2, 2838,1
2596,4, 2833,2
2604,9, 2722,0
2361,3, 2402,3
2135,6, 2101,4
1277,2, 1035,1
1352,2, 1142,7
1115,0, 867,3
646,1, 448,4
541,0, 338,7
511,0, 286,5
303,1, 191,7
301,0, 192,9
305,3, 194,4
343,6, 206,6
350,7, 220,8
352,2, 224,6
349,2, 218,7
349,7, 220,4
348,4, 217,1
154,6, 191,4
20,6, 207,7
31,3, 267,9
-472,8, 294,2
-472,8, 294,2
-482,2, 260,4
-489,8, 233,0
-488,9, 218,7
-441,6, 254,6
-393,2, 290,6
-215,5, 398,1
-179,3, 415,5
-163,8, 425,8
-153,1, 436,1
-100,4, 484,9
-83,8, 492,1
-76,8, 492,1
-45,9, 493,2
-59,5, 483,7
-33,1, 489,5
-29,4, 489,1
-53,5, 478,3
37,4, 441,9
-216,1, 379,2
-51,0, 420,3
-106,1, 396,2
-30,3, 417,9
-124,6, 377,0
-50,4, 390,8
-74,1, 364,1
45,8, 341,3
47,3, 342,0
48,4, 342,2
71,0, 360,0
64,6, 358,2
42,1, 372,0
-89,1, 325,4
-52,7, 319,9
49,9, 323,8
26,9, 317,1
-32,4, 358,8
-127,1, 325,2
-84,1, 361,5
8,5, 400,6
76,7, 452,8
102,0, 472,0
81,5, 474,2
75,2, 494,3
62,4, 491,1
45,1, 486,6
31,0, 491,0
41,3, 514,9
61,6, 528,7
77,2, 537,4
81,2, 537,0
87,6, 539,5
83,4, 530,0
84,3, 529,7
83,3, 494,5
-21,1, 463,4
56,0, 521,2
192,5, 530,3
220,8, 528,8
409,3, 468,6
601,0, 387,2
668,6, 368,2
693,6, 381,2
689,8, 367,5
731,3, 376,3
725,9, 372,5
755,7, 382,0
823,1, 397,1
901,5, 370,1
898,7, 351,2
875,4, 301,7
846,6, 207,1
865,3, 241,8
869,5, 226,8
900,8, 192,6
877,3, 112,9
945,5, 92,4
1121,0, 134,5
1227,7, 154,3
1297,1, 153,0
1272,9, 151,6
1284,6, 121,8
1384,0, 101,2
1368,4, 99,5
1207,0, 52,7
1208,3, 57,9
1256,2, 77,7
1272,6, 88,8
1219,1, 106,3
1267,6, 96,0
1242,5, 99,9
1253,8, 98,0
1289,1, 77,3
1317,6, 48,7
1323,3, 40,6
1351,9, 21,8
1369,7, 4,6
1394,4, -21,4
1591,9, -101,8
1762,7, -159,4
1792,5, -166,2
1873,2, -197,3
1915,5, -206,8
1917,2, -205,6
1927,2, -208,1
1973,0, -211,4
1970,4, -207,9
1987,1, -213,6
2038,8, -246,0
2057,7, -256,1
2066,9, -261,3
2081,0, -258,2
2085,8, -258,7
2083,6, -260,1
2082,6, -261,3
2136,4, -258,4
2121,5, -254,2
2119,7, -256,6
2140,2, -258,0
2123,6, -263,3
2203,1, -257,1
2355,4, -175,6
2448,5, 136,1
816,5, 211,2
658,9, 259,5
559,6, 248,3
590,4, 276,1
570,2, 278,6
555,3, 280,8
560,1, 285,9
579,6, 324,3
584,5, 331,3
583,0, 327,4
570,1, 317,3
552,2, 324,2
547,8, 327,3
544,1, 323,0
538,9, 315,0
532,4, 315,3
528,3, 298,7
528,0, 296,5
527,9, 298,0
519,4, 274,6
522,4, 276,6
522,0, 272,4
522,2, 274,2
523,9, 280,5
525,8, 276,0
526,5, 284,8
528,5, 289,7
530,1, 296,8
530,3, 301,4
361,4, 255,1
272,9, 224,8
274,0, 225,1
-671,0, 82,5
-664,7, 71,9
-661,8, 67,2
-652,5, 56,5
-652,5, 56,5
-590,4, 10,8
-570,7, 6,0
-602,5, -3,6
-570,3, -6,5
-574,5, -26,6
-629,5, -50,6
-637,9, -76,8
-608,7, -28,9
-660,2, -114,5
-629,2, -114,4
-600,9, -115,5
-594,4, -116,0
-594,4, -116,0
-673,1, -238,1
-678,8, -246,9
-678,8, -246,9
-678,8, -246,9
-644,2, -284,6
-644,2, -284,6
-644,2, -284,6
-644,2, -284,6
408,6, -50,0
409,0, -49,4
409,2, -49,0
487,1, -24,6
524,8, -21,2
565,9, 0,5
583,0, 12,2
601,8, 26,0
662,2, 54,0
684,1, 61,4
698,6, 64,7
739,9, 54,0
772,9, 42,5
764,2, 46,8
783,8, 43,9
852,9, 21,4
869,9, 31,4
888,8, 33,0
898,4, 25,9
914,7, 27,8
953,0, 7,1
976,0, 1,2
1016,9, 14,0
1029,1, -5,7
1046,3, -19,2
1049,4, -25,6
1070,6, -9,8
1117,3, -7,4
1137,5, -9,9
1173,1, -6,3
1195,8, -9,8
1212,1, -11,8
1223,4, -12,8
1239,0, -30,8
1300,6, -66,5
1350,8, -46,9
1357,5, -48,0
1433,3, -30,8
1551,3, -2,7
1649,4, 9,2
2143,3, 19,5
2361,3, -15,2
2376,9, -17,5
2616,3, -39,6
2696,3, -43,6
2986,7, -28,2
3047,9, -26,3
3163,5, -33,8
3189,4, -81,9
3178,8, -60,6
3177,1, -69,0
3182,2, -81,2
3190,4, -92,5
3175,5, -67,3
3176,7, -69,5
3177,2, -66,3
3201,1, -75,3
3206,8, -75,6
3201,0, -74,9
3203,9, -75,2
3198,5, -73,3
3191,3, -71,9
3182,5, -75,0
3180,9, -72,7
3172,2, -69,4
3174,1, -68,7
3191,2, -64,5
3149,7, -22,2
3142,0, -14,6
3165,8, -41,9
3134,9, -47,1
3136,9, -53,5
3130,6, -49,3
3143,8, -61,0
3163,8, -75,2
3151,0, -52,6
3155,7, -51,4
3156,9, -49,5
3172,4, -44,7
3174,3, -27,1
3171,0, -27,6
3145,0, -26,1
3145,8, -28,1
3145,8, -31,8
3144,9, -29,3
3144,4, -30,9
3166,1, -43,0
3189,8, -59,3
3172,4, -48,2
3165,3, -38,2
3161,0, -8,7
3160,9, -11,2
3166,7, -19,0
3176,8, -41,9
3194,4, -24,4
3186,3, -26,2
3144,2, 0,8
3156,5, -3,9
3159,9, -11,1
3192,9, -28,0
3164,7, -25,2
3167,4, -25,3
3166,3, -23,9
3166,3, -25,6
3162,0, -24,0
3161,2, -23,1
3163,4, -24,6
3153,6, -21,1
3122,6, -9,4
3154,5, -38,8
3133,5, -19,1
3168,6, -32,0
3148,7, -7,6
3125,6, 11,6
3131,2, 10,9
3075,0, 64,3
3060,8, 74,9
3039,9, 67,9
3041,2, 68,8
3042,7, 65,2
3026,6, 71,3
3030,7, 64,3
3032,2, 84,4
2916,3, 322,0
2568,3, 2897,3
3479,8, 1827,0
1206,4, 406,1
461,3, -74,0
475,4, -49,8
515,6, 5,1
522,3, 10,9
365,9, -50,1
317,3, -4,4
-80,5, -87,3
-288,3, -172,9
-345,9, -234,0
-385,5, -276,2
-394,8, -286,0
-394,8, -286,0
-526,7, -164,3
-578,2, -203,9
-578,2, -203,9
-124,4, -140,4
54,3, -5,2
129,2, -14,5
210,8, -1,6
235,2, 3,6
263,4, 19,0
246,4, 12,5
405,9, 76,3
484,9, 107,1
485,1, 116,3
541,1, 160,6
582,1, 189,8
655,9, 233,5
732,1, 282,0
745,5, 286,2
638,5, 585,9
3289,9, 457,2
2904,6, 554,8
2634,0, 629,4
2477,3, 674,6
2433,7, 692,7
2334,5, 748,5
2324,5, 768,8
2319,7, 796,2
2339,9, 799,9
2345,1, 807,2
2358,2, 808,3
2378,3, 800,3
2393,4, 798,2
2410,3, 793,7
2432,9, 796,0
2415,4, 798,5
2419,2, 798,5
2431,9, 795,6
2452,9, 791,0
2439,4, 788,9
2420,0, 784,7
2197,6, 849,4
1962,8, 844,7
1676,9, 835,8
1104,8, 837,1
1079,9, 785,3
795,3, 806,0
847,7, 857,0
872,5, 834,6
179,9, 853,8
177,8, 845,3
187,9, 862,2
201,6, 896,6
200,4, 885,3
195,4, 885,0
160,2, 854,2
163,6, 854,7
135,0, 827,1
130,1, 822,6
145,6, 839,5
155,2, 830,1
148,5, 826,6
160,1, 843,0
157,5, 855,4
157,0, 865,5
157,6, 862,3
158,5, 866,1
157,5, 871,1
158,4, 868,1
190,8, 852,8
188,3, 857,7
200,3, 877,9
206,4, 869,7
189,5, 851,6
178,2, 851,8
179,6, 856,9
173,3, 857,0
115,2, 882,8
-7,4, 889,1
-37,5, 890,9
-213,4, 892,0
-310,7, 927,7
-260,7, 947,8
-223,0, 974,9
-203,1, 975,4
-157,3, 988,8
-158,4, 1007,3
-126,2, 996,8
-138,9, 1001,1
-126,4, 990,7
-110,2, 981,6
-113,3, 993,6
-82,7, 996,0
-95,3, 997,5
-99,7, 992,9
-113,3, 996,5
-109,1, 995,7
-108,3, 996,8
-91,8, 965,4
-96,9, 971,3
-96,8, 971,1
-112,1, 978,3
-98,0, 973,1
-95,6, 964,1
-102,1, 969,9
-89,5, 971,3
-100,3, 980,2
-98,9, 976,7
-104,3, 953,8
-90,8, 915,5
-96,4, 904,5
-71,9, 896,6
-108,5, 923,4
-104,1, 921,9
-108,8, 931,9
-76,7, 911,5
-83,3, 919,9
-66,6, 909,5
-85,1, 920,5
-94,3, 923,7
-77,9, 916,2
-80,1, 917,1
-60,3, 917,0
-38,4, 912,6
-43,3, 915,1
-53,2, 924,0
-58,2, 922,5
-36,9, 900,8
-95,1, 915,7
-67,5, 908,6
-92,7, 902,5
-95,2, 892,8
-102,5, 910,4
-71,7, 891,9
-77,3, 894,1
-78,8, 895,3
-87,9, 895,5
-118,2, 891,7
-108,3, 898,7
-103,9, 893,2
-83,0, 886,4
-90,2, 889,6
-73,0, 887,6
-52,6, 893,3
-81,3, 890,6
-49,3, 833,5
-71,9, 824,3
-96,4, 791,8
-102,6, 788,5
-118,4, 755,4
-87,0, 763,6
-81,9, 762,6
26,9, 760,2
163,5, 744,9
823,4, 747,1
1237,5, 740,3
1356,8, 736,7
1666,7, 737,0
1915,2, 747,7
1987,5, 755,2
2006,9, 750,5
2006,2, 750,8
2324,1, 766,7
2375,0, 739,2
2385,6, 730,7
2372,4, 731,3
2406,5, 695,3
2424,3, 684,1
2434,6, 685,0
2473,3, 685,3
2500,7, 690,0
2544,6, 721,6
2663,2, 800,8
2668,9, 808,6
2856,3, 941,0
3097,1, 1118,0
3109,9, 1125,4
3125,1, 1134,8
3145,0, 1137,8
3138,9, 1138,7
3128,4, 1141,8
3129,8, 1143,4
3132,9, 1141,7
3129,9, 1137,4
3132,5, 1131,2
3128,5, 1132,9
3117,0, 1133,8
3091,4, 1124,5
3092,0, 1126,1
3077,6, 1135,1
3000,8, 1176,1
2525,5, 1440,9
2524,7, 1441,4
2513,2, 1443,3
2442,1, 1438,8
2375,3, 1445,8
2320,2, 1443,6
2282,9, 1443,9
2219,1, 1442,3
2201,6, 1443,7
2201,9, 1445,4
2170,1, 1437,4
2159,8, 1437,5
2174,4, 1441,1
2147,9, 1447,1
2145,4, 1454,9
2200,1, 1450,5
2179,1, 1458,1
2159,0, 1466,5
2181,7, 1459,4
2172,1, 1459,1
2166,0, 1464,1
2344,7, 1452,4
2606,6, 1441,3
2695,8, 1437,4
3134,6, 1400,4
3092,6, 1385,1
3454,5, 1346,6
3481,1, 1295,5
3487,5, 1313,1
3489,2, 1323,4
3488,9, 1335,5
3472,4, 1349,5
3469,2, 1358,0
3447,4, 1352,9
3446,3, 1354,6
3438,8, 1357,7
3438,4, 1364,1
3443,1, 1365,0
3424,7, 1363,1
3414,3, 1382,2
3412,5, 1407,6
3414,8, 1410,6
3426,3, 1385,4
3547,3, 1380,8
3570,4, 1378,0
3684,5, 1382,4
3709,8, 1365,4
4003,8, 1347,0
3953,9, 1355,3
4071,5, 1338,9
4055,9, 1342,9
4078,0, 1368,1
4086,6, 1380,4
4085,1, 1388,8
4074,9, 1335,3
4025,1, 1314,6
4058,9, 1316,0
4055,2, 1343,2
4035,6, 1338,3
4035,7, 1320,6
4031,4, 1320,5
4024,8, 1322,3
4018,8, 1329,6
4018,7, 1310,5
4014,2, 1275,9
4006,2, 1249,0
3970,9, 1230,4
3967,5, 1227,9
3950,6, 1202,5
3929,3, 1176,5
3931,4, 1179,1
3908,6, 1162,9
3749,3, 1282,8
3684,7, 1324,5
3575,4, 1425,1
3153,1, 2132,9
3043,8, 2354,3
3036,4, 2348,2
2909,7, 2474,1
2746,1, 2773,5
2727,9, 2802,3
2622,6, 2910,1
2573,5, 2920,7
2615,3, 2886,1
2490,6, 2903,6
2524,6, 3000,5
2558,2, 2995,5
2600,6, 3003,0
2605,3, 3018,8
2697,7, 3043,7
2645,5, 3063,4
2672,4, 3070,0
2731,5, 3072,3
2762,1, 3083,2
2757,1, 3060,2
2704,2, 3085,0
2101,2, 2880,9
2101,2, 2880,9
-437,3, 870,9
-330,8, 878,2
-363,2, 873,6
-355,0, 891,3
-344,9, 901,6
-331,1, 895,3
-296,1, 908,1
-282,1, 912,8
-224,8, 975,8
-156,8, 984,8
-157,3, 996,8
-140,9, 996,4
-137,4, 1022,2
-115,9, 1043,1
-99,3, 1045,2
-105,0, 1043,8
-182,4, 1055,0
-228,2, 1010,3
-230,7, 1011,7
-234,2, 1020,0
-186,4, 986,9
-185,1, 985,7
-271,8, 995,5
-268,6, 1005,8
-287,9, 1000,5
-234,7, 937,4
-236,2, 941,1
-218,9, 936,8
-217,1, 939,0
-214,9, 944,2
-211,5, 924,0
-216,0, 919,3
-208,2, 912,2
-178,0, 888,2
-184,3, 895,4
-167,1, 863,4
-132,8, 855,4
-111,3, 805,9
-110,2, 888,3
-95,5, 845,4
-82,9, 792,2
-133,5, 860,3
82,7, 903,4
180,7, 904,4
247,6, 908,1
661,2, 893,6
826,0, 895,1
984,5, 897,3
999,0, 899,9
1018,8, 874,7
1059,0, 865,5
1021,2, 820,1
1015,7, 812,3
1030,8, 807,5
1015,2, 781,0
1028,5, 789,3
1018,6, 748,0
1025,2, 736,2
1023,3, 739,8
1028,5, 727,1
1021,6, 702,8
1035,3, 696,0
1048,0, 676,8
1070,0, 646,9
1076,6, 646,6
1079,4, 648,4
1090,2, 649,9
1119,6, 662,3
1148,1, 667,8
1167,5, 671,1
1168,4, 666,6
1173,0, 661,4
1189,9, 662,8
1209,1, 654,5
1252,3, 623,0
1260,1, 614,8
1262,4, 611,8
1274,5, 608,5
1347,9, 625,6
1377,0, 634,4
1385,3, 637,6
1385,7, 640,5
1391,6, 630,5
1390,9, 639,9
1572,5, 565,4
1517,0, 592,1
1554,9, 598,6
1591,1, 595,8
1600,1, 596,0
1615,3, 611,3
1660,4, 618,4
1675,0, 618,6
1687,0, 616,4
1721,0, 621,8
2009,1, 676,5
2390,4, 664,0
3028,8, 634,5
3693,1, 633,8
3621,3, 620,2
3700,8, 619,6
3734,5, 621,2
3688,4, 606,1
3693,4, 588,3
3735,6, 578,8
3785,0, 584,8
3785,6, 618,7
3789,3, 635,1
3790,3, 646,2
3785,6, 666,6
3786,9, 665,6
3784,2, 599,9
3783,9, 576,6
3914,4, 210,0
3735,3, 203,7
3677,1, 238,7
3641,8, 258,1
3599,8, 259,7
3540,8, 246,8
3504,5, 245,0
3495,6, 266,8
3465,5, 297,5
3450,4, 319,7
3419,6, 373,9
3424,4, 362,8
3423,2, 365,0
3422,8, 377,4
3456,7, 305,3
3454,0, 288,2
3339,1, 278,2
2601,5, 303,5
2543,6, 332,1
2543,0, 359,2
1736,7, 368,9
1193,9, 330,6
836,4, 312,2
794,2, 308,7
799,3, 322,0
755,8, 326,3
742,3, 329,4
618,5, 354,7
605,3, 367,8
605,9, 363,7
507,0, 255,4
393,5, 218,3
408,1, 223,3
370,8, 223,5
375,4, 217,5
361,6, 222,9
235,1, 210,7
-53,1, 269,2
-517,6, 175,0
-524,4, 141,8
-535,7, 108,3
-558,4, 101,9
-541,6, 133,3
-501,9, 121,1
-475,0, 106,5
-458,6, 95,0
-457,9, 68,0
-479,5, 15,6
-488,0, -2,5
-477,7, -10,5
-484,1, -21,1
-483,9, -22,3
-484,2, -22,5
-485,0, -25,7
-494,2, -63,7
-479,6, -55,8
-464,5, -53,3
-448,3, -49,4
-447,7, -49,3
-325,2, -4,3
-213,3, 78,5
-186,4, 95,7
-120,3, 155,9
38,9, 285,9
33,6, 253,8
-4,2, 240,0
-8,5, 213,7
-23,3, 200,6
-28,0, 210,0
-20,3, 216,8
-18,8, 205,7
-20,1, 173,6
-24,7, 164,3
-22,7, 167,1
-23,3, 166,1
-30,8, 136,6
-33,7, 132,0
-44,1, 145,4
-48,1, 144,4
-50,9, 143,8
-55,6, 149,2
-37,7, 154,2
173,8, 110,7
273,2, 115,5
364,1, 81,5
429,6, 82,1
399,9, 81,8
408,5, 41,2
395,5, -8,7
401,0, -8,7
369,3, -26,8
392,0, -41,0
399,4, -55,7
434,5, -106,4
434,6, -113,8
446,4, -124,2
472,7, -138,6
534,2, -120,2
544,9, -113,8
548,1, -110,9
604,2, -192,8
606,2, -208,6
622,4, -212,3
622,0, -183,0
642,8, -244,0
642,2, -245,4
640,3, -249,4
636,4, -257,4
1052,8, -67,9
1214,8, 73,1
1275,3, 127,8
2686,7, 3026,5
2653,7, 3049,1
2653,7, 3049,1
2623,8, 2838,9
2621,1, 2808,2
2622,2, 2816,7
2631,3, 2930,8
2631,5, 2939,3
2630,8, 2898,2
2634,2, 2927,1
2643,4, 2931,5
2655,4, 2979,3
2628,0, 2805,6
2527,8, 2301,7
2492,4, 1885,8
2482,0, 1760,9
2424,7, 1356,0
2462,6, 1200,5
2471,2, 1330,3
2415,8, 295,9
2420,1, 297,5
2413,8, 324,7
2427,9, 299,0
2440,9, 303,7
2459,0, 297,0
2468,3, 290,6
2480,4, 270,8
2485,8, 269,1
2488,1, 264,5
2494,0, 258,3
2510,4, 241,1
2517,2, 231,4
2509,4, 234,9
2536,1, 242,1
2537,1, 242,7
3542,0, -70,1
3809,4, -147,5
3995,4, -184,7
3968,6, -160,1
3331,9, 172,6
3366,6, 172,7
3285,1, 207,7
3288,0, 223,3
3294,0, 234,9
3241,7, 273,1
3229,5, 283,4
3229,3, 285,7
3210,0, 273,4
3198,4, 274,8
3080,0, 282,1
3081,3, 282,0
1720,5, 539,2
1784,9, 522,7
1325,6, 453,3
1417,0, 499,6
1192,0, 461,6
521,8, 346,1
667,3, 468,6
594,7, 441,3
481,3, 376,6
400,6, 348,7
383,1, 332,6
312,4, 272,5
356,9, 305,5
430,4, 356,0
513,9, 388,9
517,7, 410,7
550,3, 415,2
524,9, 416,6
528,4, 421,1
547,9, 426,6
565,8, 438,9
569,7, 457,8
572,7, 463,5
595,0, 494,2
582,0, 477,6
630,4, 528,7
625,0, 525,4
615,9, 530,6
337,6, 467,8
259,3, 442,7
278,5, 443,6
-46,7, 355,0
-135,3, 272,8
-249,0, 237,6
-181,3, 270,3
-250,6, 245,4
-243,5, 245,9
-165,4, 229,3
-191,2, 271,8
-81,9, 324,3
-80,5, 333,0
-31,5, 346,2
-66,0, 345,5
-80,4, 311,5
-107,3, 321,4
-19,9, 364,3
-44,6, 366,8
-5,5, 376,9
-40,7, 378,2
-7,2, 379,2
69,7, 404,5
74,1, 405,9
63,3, 417,8
-1,1, 419,6
26,1, 462,7
79,9, 485,0
85,2, 456,8
105,9, 441,6
99,7, 439,4
106,1, 476,3
47,3, 488,4
59,5, 505,7
3,2, 507,6
69,7, 521,0
23,0, 527,1
71,7, 521,7
-1,4, 512,5
98,3, 503,4
157,3, 460,7
113,8, 459,7
146,2, 461,5
73,2, 452,8
91,0, 446,9
159,1, 441,0
92,7, 442,3
139,1, 449,2
-34,4, 453,5
41,2, 457,5
-31,1, 461,0
9,0, 466,3
-17,2, 464,5
25,1, 470,8
-53,8, 466,0
20,2, 463,7
-57,5, 451,9
45,8, 456,7
92,2, 464,9
41,8, 458,8
41,2, 466,5
-94,8, 462,6
-64,6, 465,6
80,7, 478,2
62,5, 482,1
136,7, 535,0
-49,4, 524,5
56,7, 538,2
8,9, 530,7
65,2, 525,8
9,9, 531,9
54,0, 525,4
-40,2, 522,5
62,5, 529,2
-55,2, 527,2
375,7, 609,4
510,4, 659,9
591,2, 696,9
726,4, 760,7
745,1, 767,4
720,5, 736,1
708,2, 718,4
668,4, 640,2
676,7, 668,3
646,7, 620,4
691,1, 588,6
703,9, 583,5
727,4, 584,2
743,7, 589,4
797,6, 635,4
833,2, 646,8
841,6, 646,1
869,3, 659,3
959,1, 740,8
956,9, 698,9
975,8, 767,4
1036,5, 880,4
1329,3, 1364,4
1440,1, 1496,4
1656,1, 1670,6
1810,9, 1830,3
2091,7, 2078,0
2108,5, 2103,7
2142,5, 2153,4
2183,9, 2192,1
2274,1, 2148,4
3665,2, 868,7
3763,8, 779,8
3698,5, 834,8
3739,9, 799,9
3696,8, 856,3
3660,4, 904,4
3647,7, 924,1
3625,4, 924,2
3612,1, 922,8
3611,7, 922,7
3608,0, 922,7
3608,6, 923,0
3616,5, 923,9
3647,9, 921,6
3649,9, 923,3
3604,2, 928,6
2726,2, 1022,5
2893,9, 1001,5
2683,9, 1034,2
2631,2, 1040,0
1962,1, 1147,0
1969,5, 1150,2
1979,4, 1136,6
1985,2, 1138,1
1988,8, 1115,7
2010,5, 1096,1
2024,7, 1085,5
2023,1, 1089,7
2027,9, 1089,6
2027,3, 1075,7
2024,4, 1083,0
2015,4, 1099,2
1978,5, 1148,4
1979,8, 1159,2
2031,6, 1126,6
2027,2, 1128,8
2044,4, 1101,3
2017,6, 1144,2
1998,4, 1153,7
2005,6, 1125,8
1880,8, 1149,8
1520,0, 1142,8
1278,9, 1084,3
790,3, 1014,2
765,2, 1016,5
656,6, 1016,6
648,1, 1015,7
571,6, 1008,1
564,9, 1005,0
587,4, 1018,8
578,8, 1022,1
585,6, 1019,3
591,2, 1029,4
606,0, 1034,0
617,0, 1044,8
597,3, 1042,5
604,1, 1046,3
603,7, 1043,6
594,9, 1033,1
597,3, 1044,0
589,9, 1041,1
616,7, 1034,0
614,7, 1031,0
629,6, 1041,3
640,2, 1061,9
636,4, 1061,8
635,4, 1062,7
621,6, 1042,8
649,1, 1060,7
643,7, 1050,1
652,7, 1056,3
646,4, 1055,7
645,5, 1056,0
635,3, 1049,4
609,0, 1032,0
600,9, 1026,7
610,9, 1032,4
614,4, 1037,0
607,1, 1037,5
465,0, 1049,5
419,9, 1052,4
422,8, 1050,9
498,5, 1045,9
67,4, 1079,0
-128,1, 1108,3
-443,0, 1123,6
-413,9, 1129,6
-444,3, 1121,7
-371,9, 1121,5
-341,3, 1139,2
-334,1, 1150,3
-332,5, 1127,8
-338,7, 1149,4
-294,0, 1143,7
-289,9, 1151,9
-254,3, 1152,6
-267,9, 1154,2
-221,5, 1164,6
-219,7, 1167,1
-232,8, 1164,1
-217,9, 1169,5
-240,5, 1167,3
-227,4, 1156,8
-262,6, 1156,6
-229,9, 1159,7
-199,9, 1165,9
-214,7, 1168,5
-240,0, 1163,1
-283,3, 1167,7
-223,1, 1185,5
-230,5, 1184,1
-224,9, 1184,8
-204,2, 1185,7
-219,5, 1176,5
-231,0, 1177,0
-201,9, 1181,8
-206,6, 1182,2
-226,7, 1183,7
-189,0, 1183,0
-191,2, 1182,6
-202,4, 1177,9
-248,3, 1187,9
-230,6, 1192,2
-189,3, 1201,1
-205,3, 1203,2
-241,5, 1188,3
-283,2, 1207,6
-251,8, 1198,1
-267,9, 1204,2
-290,7, 1206,5
-218,5, 1212,9
-228,5, 1212,2
-242,5, 1213,5
-262,5, 1213,4
-220,9, 1213,3
-265,7, 1225,0
-218,7, 1213,3
-258,0, 1220,1
-244,6, 1226,2
-176,8, 1214,1
-152,8, 1208,2
-112,9, 1188,3
-113,0, 1186,9
-257,1, 1194,9
-274,2, 1196,1
-265,0, 1197,0
-264,5, 1197,2
-266,2, 1194,4
-337,2, 1187,1
-331,7, 1180,7
-245,5, 1154,3
-296,7, 1127,7
-350,2, 1118,6
-313,5, 1106,6
-310,2, 1104,1
-299,6, 1091,8
-222,6, 1081,8
-226,3, 1081,8
-224,3, 1079,4
-251,0, 1080,4
-262,1, 1081,2
-225,1, 1085,9
-230,8, 1087,6
-119,8, 1109,4
24,7, 1132,2
118,0, 1148,5
284,0, 1193,7
405,4, 1228,1
546,5, 1267,4
799,7, 1334,8
974,7, 1387,0
967,5, 1387,2
980,2, 1391,5
978,4, 1388,8
988,7, 1394,0
1005,0, 1396,7
1042,7, 1406,2
1047,3, 1407,1
1046,8, 1415,1
1058,3, 1416,6
1039,4, 1411,2
1036,9, 1410,8
1045,1, 1416,3
1036,8, 1379,2
1043,5, 1381,5
1041,2, 1376,0
1070,9, 1388,2
1074,7, 1390,6
4002,9, 868,8
4002,9, 868,8
3974,7, 887,5
3933,7, 897,4
3923,5, 892,9
3940,2, 843,1
3946,3, 841,6
3941,3, 843,3
3909,4, 839,2
3886,6, 836,5
3881,4, 835,5
3867,8, 841,7
3856,3, 851,3
3840,2, 865,5
3843,2, 844,3
3874,9, 781,1
3869,2, 785,4
3872,9, 781,1
3876,2, 767,7
3868,4, 773,9
3857,1, 765,0
3833,5, 779,1
3791,2, 783,5
3834,4, 716,2
3824,1, 683,8
3812,7, 692,6
3335,8, 407,9
2394,0, 832,2
2169,1, 936,5
2040,0, 992,7
1928,6, 1032,7
1863,0, 1056,4
1840,9, 1080,5
1823,0, 1072,7
1843,5, 1086,5
1839,2, 1070,1
1852,2, 1051,6
2016,2, 1257,5
2039,3, 1263,7
2022,0, 1261,6
1949,3, 1292,0
2088,6, 1303,5
2238,8, 1282,4
2339,6, 1269,8
2471,4, 1250,6
2457,0, 1236,5
2463,8, 1239,2
2468,5, 1238,7
2420,9, 1260,4
2225,7, 1345,7
2152,8, 1388,0
2169,9, 1407,4
2117,5, 1408,6
2107,7, 1431,0
2105,9, 1410,0
2107,0, 1413,0
2107,0, 1422,5
2097,4, 1431,5
2100,1, 1424,8
2062,4, 1457,9
1970,5, 1429,8
1712,0, 1416,6
1635,0, 1428,2
1496,3, 1432,2
1491,3, 1431,3
1536,3, 1427,0
1565,9, 1431,9
1583,0, 1439,6
1645,4, 1472,2
1601,6, 1486,5
1706,1, 1464,3
1773,7, 1456,6
1786,7, 1455,2
1778,3, 1460,7
1783,1, 1458,9
1756,4, 1436,1
1774,8, 1447,4
1768,1, 1442,7
1802,9, 1457,6
1788,7, 1451,3
1758,1, 1460,3
1767,4, 1453,4
1796,7, 1470,8
1785,0, 1465,2
1784,3, 1464,2
1760,1, 1450,2
1779,5, 1448,6
1799,1, 1443,7
1850,9, 1428,8
691,2, 1207,5
-10,3, 1040,9
-204,3, 998,2
-219,7, 992,5
-195,4, 990,8
-263,8, 978,9
-276,7, 977,6
-207,1, 1016,5
-212,9, 1015,7
-213,7, 1020,8
-80,7, 1050,0
-91,8, 1070,8
-42,4, 1049,7
-43,3, 1049,9
-75,9, 1037,1
-82,8, 1049,9
-97,5, 1061,5
-116,6, 1063,7
-120,7, 1063,1
-65,9, 1045,6
-102,0, 1039,9
-126,4, 1040,6
-330,2, 1114,2
-402,5, 1146,2
-402,2, 1146,8
-500,1, 1167,1
-516,8, 1181,1
-500,6, 1186,3
-466,8, 1206,3
-450,0, 1211,7
-430,2, 1212,0
-390,5, 1213,4
-337,6, 1209,5
-345,0, 1215,1
-321,0, 1219,4
-253,3, 1227,0
-268,6, 1230,0
-229,7, 1224,7
-288,2, 1233,6
-231,4, 1220,9
-243,0, 1226,9
-192,4, 1239,5
-235,1, 1238,6
-215,1, 1232,6
-255,2, 1229,4
-238,7, 1221,7
-259,0, 1223,3
-219,4, 1218,7
-212,2, 1217,5
-237,0, 1223,3
-185,5, 1215,1
-220,9, 1220,9
-210,4, 1219,3
-208,0, 1220,3
-211,0, 1220,2
-246,5, 1227,2
-222,7, 1229,5
-262,8, 1231,7
-217,7, 1226,3
-237,1, 1225,4
-237,8, 1215,9
-260,8, 1211,3
-241,9, 1204,5
-252,0, 1200,5
-219,9, 1192,4
-162,0, 1189,4
-75,2, 1184,5
291,4, 1194,9
302,8, 1201,6
320,3, 1200,4
301,5, 1145,3
312,6, 1151,9
311,4, 1131,4
326,1, 1122,1
336,8, 1094,4
352,6, 1083,3
363,7, 1076,6
502,5, 1100,4
2609,6, 2778,2
2640,2, 2811,5
2729,1, 2873,6
2502,2, 496,5
2534,1, 521,3
2538,6, 531,0
2535,0, 540,5
2532,6, 539,7
2535,6, 534,9
2529,9, 540,0
2532,5, 547,5
2528,8, 551,3
2524,6, 561,1
2524,7, 563,5
2533,3, 570,7
2538,4, 574,4
2570,1, 568,4
2567,0, 569,0
2582,9, 566,9
2597,1, 558,8
2602,1, 556,3
2611,5, 550,8
2627,8, 541,4
2629,6, 541,7
2637,0, 537,5
2678,8, 526,9
2694,5, 523,5
2703,5, 517,7
2698,0, 516,1
2669,3, 507,8
2621,4, 499,2
2548,8, 505,7
2537,3, 505,4
2512,2, 505,0
2349,4, 522,6
2346,6, 523,9
2353,4, 512,5
2367,6, 493,5
2341,5, 489,8
2138,9, 437,5
2252,6, 424,4
380,6, 83,4
2545,2, 1647,6
1249,6, 873,3
1249,6, 873,3
1241,7, 870,2
1241,8, 870,3
58,9, 181,3
16,0, 161,8
46,3, 206,2
43,1, 203,4
48,4, 179,1
49,8, 179,0
78,8, 206,8
97,7, 222,2
153,9, 280,4
40,3, 290,0
-99,6, 277,2
-147,7, 246,3
-141,9, 251,4
-175,8, 233,1
-195,1, 228,0
-196,3, 228,9
-186,8, 256,3
-180,1, 264,4
-178,9, 266,5
-165,9, 284,5
-126,9, 303,8
-150,6, 277,1
-188,4, 238,7
-184,4, 229,9
-179,4, 236,0
-91,0, 309,5
-40,0, 348,4
-14,0, 367,6
0,3, 369,5
1,9, 369,4
10,1, 373,2
12,3, 371,2
5,0, 336,8
5,1, 344,3
5,2, 352,2
-5,9, 315,2
-4,4, 325,9
-7,5, 302,5
-9,3, 309,4
-26,5, 330,6
-27,5, 331,6
-23,8, 320,3
-23,0, 324,2
-5,6, 352,7
-13,7, 371,7
-4,4, 368,2
9,1, 365,0
12,7, 367,2
13,6, 367,4
14,2, 369,2
12,7, 366,7
4,6, 362,7
-9,1, 354,6
1,7, 336,2
4,5, 315,4
-0,8, 192,3
-8,3, 180,7
-19,3, 175,2
-136,4, 91,4
-100,7, 95,8
-123,3, 80,3
-209,1, 0,0
-201,4, 4,9
-209,0, 2,5
-241,5, -18,7
-235,8, -14,8
-248,3, -22,8
-252,2, -15,3
-250,4, -4,9
-249,7, -5,3
-251,1, -11,3
-254,9, -18,6
-342,3, -146,8
-254,6, -61,7
-211,1, -20,8
-206,9, -39,4
-203,8, -30,5
40,7, 834,8
248,6, 1243,7
171,5, 608,5
152,2, 329,7
158,6, 329,8
468,5, 143,5
598,3, 67,0
594,2, 54,2
592,0, 48,6
148,8, 287,6
243,3, 321,6
363,0, 151,6
425,1, 157,4
426,4, 412,4
438,6, 882,3
520,1, 733,4
706,2, 649,0
750,1, 406,6
786,5, 389,9
789,1, 377,9
886,2, 421,1
911,2, 428,4
901,0, 411,4
893,4, 366,5
891,6, 297,2
3390,0, 663,6
3418,6, 620,4
3431,5, 630,2
3439,3, 636,1
3523,0, 544,8
3512,0, 559,7
3523,1, 553,4
3545,3, 549,3
3527,5, 582,6
3518,7, 601,8
3509,0, 604,3
3454,3, 623,8
3153,4, 703,0
2757,6, 782,9
2762,1, 781,2
2397,3, 826,0
2407,0, 800,7
2428,5, 781,3
2430,0, 772,9
2435,8, 765,3
2445,6, 749,3
2418,4, 754,0
2398,1, 758,8
2364,4, 782,9
2352,0, 783,2
1333,5, 810,8
996,1, 813,0
678,9, 827,9
1163,3, 1091,1
-83,6, 833,1
-175,6, 824,9
-188,6, 820,7
-177,5, 829,4
-184,5, 827,3
-174,3, 836,9
-298,7, 836,9
-568,6, 812,8
-505,8, 798,0
-472,2, 792,6
-629,7, 795,9
-482,2, 800,3
-436,0, 811,4
-455,7, 808,6
-458,9, 793,7
-433,1, 823,6
-389,4, 821,4
-392,4, 824,6
-345,8, 823,0
-322,6, 825,9
-340,4, 849,1
-326,4, 855,1
-173,4, 940,3
64,4, 1160,0
201,0, 1204,1
175,6, 1218,4
209,0, 1222,8
214,6, 1225,1
215,0, 1213,4
197,2, 1201,6
167,0, 1210,7
178,4, 1210,1
157,0, 1194,6
119,0, 1205,6
89,0, 1205,0
100,2, 1202,6
6,6, 1227,5
14,6, 1222,7
-19,8, 1223,9
-22,9, 1206,5
-61,5, 1189,2
-68,2, 1206,7
-217,7, 1104,4
-245,4, 1102,3
-375,7, 1085,2
-371,1, 1055,5
-343,1, 1056,5
-352,6, 1064,3
-356,9, 1067,8
-321,7, 1082,1
-329,4, 1097,0
-303,9, 1091,9
-297,0, 1087,1
-303,5, 1094,0
-319,4, 1096,3
-328,9, 1097,2
-332,8, 1075,2
-326,2, 1077,2
446,2, 808,5
459,1, 802,6
452,5, 792,4
419,9, 752,9
392,9, 750,9
365,8, 732,8
350,2, 723,4
335,3, 700,8
325,0, 709,6
227,9, 711,6
-43,1, 699,0
-74,2, 692,8
-70,9, 707,5
40,1, 751,0
40,6, 757,0
28,0, 760,1
15,4, 772,3
40,5, 780,9
38,6, 780,0
25,0, 769,3
11,1, 770,0
-10,5, 745,7
-60,7, 762,6
-176,4, 814,7
-214,5, 812,7
-283,4, 822,1
-272,6, 802,5
-267,7, 793,0
-280,2, 803,7
-252,4, 803,6
-270,6, 807,4
-264,7, 792,3
-252,2, 776,5
-250,3, 781,3
-222,7, 815,6
-135,5, 840,4
-108,0, 838,0
-113,4, 830,9
-100,3, 830,1
-124,3, 830,3
-58,8, 827,5
-88,9, 819,6
127,1, 815,2
516,5, 796,5
574,5, 793,2
596,3, 791,4
1100,9, 755,4
1658,8, 749,1
1891,8, 749,6
1915,2, 739,9
2239,7, 764,6
2266,7, 763,0
2369,8, 755,9
2428,0, 754,8
2534,4, 741,7
2512,7, 741,4
2437,9, 731,3
2499,7, 724,7
2931,8, 561,1
3096,0, 541,9
3815,0, 515,4
3899,9, 518,9
3944,1, 473,5
3946,2, 469,4
3953,8, 463,3
3929,0, 477,7
3960,2, 437,9
3986,3, 402,7
4025,5, 352,4
4024,4, 345,6
4027,0, 345,3
4025,8, 344,7
3996,9, 348,3
3994,3, 355,8
3971,2, 379,0
3971,1, 386,0
3962,6, 414,8
3858,7, 449,1
3805,1, 466,4
3817,1, 460,2
3909,6, 343,8
3769,1, 339,1
3603,2, 348,9
2617,7, 415,9
2495,1, 431,2
2454,6, 433,6
2399,0, 442,6
2314,6, 458,5
2188,8, 479,6
2175,3, 472,5
2177,4, 481,8
2175,0, 480,2
2230,2, 437,2
2223,2, 423,0
2161,2, 424,5
2165,3, 406,5
1532,5, 445,3
1182,8, 348,1
139,3, 157,7
799,8, 287,4
226,6, 246,4
60,5, 215,1
31,9, 216,2
-24,3, 195,3
57,9, 248,0
88,0, 270,5
79,8, 267,5
114,0, 287,6
126,7, 296,8
134,4, 298,4
190,0, 307,1
147,1, 302,1
167,7, 305,0
176,6, 329,3
175,5, 325,7
183,4, 328,0
198,5, 329,6
202,6, 331,9
195,6, 329,7
200,0, 333,3
232,3, 358,9
347,5, 448,9
350,8, 456,7
348,1, 457,6
373,8, 466,5
378,6, 469,1
375,8, 469,1
384,8, 470,5
389,6, 474,2
397,9, 475,8
404,3, 477,8
403,1, 479,5
406,6, 485,2
423,1, 481,8
413,0, 476,3
410,1, 477,4
418,1, 475,5
412,6, 470,6
245,8, 445,6
8,5, 487,7
-83,1, 499,2
-134,0, 494,7
-161,7, 491,0
-237,1, 480,3
-153,8, 478,8
-235,5, 452,0
-298,7, 427,4
-276,0, 402,3
-276,7, 372,1
-184,0, 321,2
-231,1, 316,2
-187,1, 306,8
-254,4, 293,7
-239,4, 262,0
-186,7, 235,6
-203,0, 229,0
-200,0, 110,8
-243,0, 127,1
-256,9, 134,3
-147,7, 152,2
-102,5, 183,5
-86,2, 195,3
-1,8, 270,8
2,4, 271,1
-19,7, 261,9
-11,5, 253,0
12,9, 248,3
0,4, 231,8
525,9, 670,5
521,6, 673,1
518,1, 671,6
517,8, 671,8
323,0, 166,4
400,8, 201,7
362,9, 185,2
387,7, 163,3
276,6, 62,6
313,8, 87,3
218,4, 25,0
278,1, 53,0
216,0, -3,9
52,6, -158,2
-28,9, -115,3
-193,1, -230,3
-273,4, -214,5
-285,8, -212,1
-439,2, -266,5
-461,9, -278,1
-461,9, -278,1
-461,9, -278,1
70,1, -259,9
366,8, -232,7
374,5, -234,6
422,6, -161,2
581,8, -76,5
742,6, -71,3
781,9, -49,8
686,1, -49,3
1076,5, -26,0
1441,1, -7,5
1487,3, -5,2
1493,7, -9,2
1498,2, -7,0
1499,4, -1,8
1551,6, 25,4
1545,6, 23,7
1483,6, 44,5
1499,7, 43,5
1512,0, 40,3
1491,4, 39,7
1490,7, 31,4
1502,3, 17,6
1496,4, -18,7
1512,9, -30,9
1528,9, -92,5
1522,9, -127,9
1519,5, -119,6
1518,3, -134,3
1507,8, -151,9
1506,7, -164,9
1477,7, -174,8
1511,0, -225,9
1508,2, -250,8
1506,5, -248,6
1503,4, -238,4
1502,2, -241,0
1498,8, -239,4
1498,4, -240,1
1495,7, -238,2
1501,6, -234,0
1516,0, -226,2
1524,6, -219,3
1862,5, 77,5
2005,6, 242,3
2277,6, 597,2
2294,4, 615,2
2386,0, 739,5
2416,0, 774,4
2475,3, 811,5
2475,1, 812,2
2465,1, 832,5
2462,6, 836,3
2461,2, 830,5
2474,2, 829,0
2480,0, 825,5
2507,2, 812,4
2551,7, 805,9
2723,8, 790,1
2755,0, 773,7
3399,3, 590,4
3317,0, 618,6
3338,5, 612,9
3398,0, 611,6
3406,8, 631,1
3431,6, 635,9
3416,9, 644,7
3426,3, 635,8
3393,8, 672,9
3395,6, 673,1
3398,1, 673,4
3397,8, 674,5
3398,0, 659,0
3397,3, 656,2
3392,9, 660,4
3384,1, 662,4
3379,4, 665,3
3365,9, 672,5
3355,0, 685,1
3355,0, 686,8
3353,7, 687,8
3353,5, 688,1
3352,7, 688,4
2587,7, 730,8
2807,9, 712,2
2815,4, 711,0
2652,5, 742,6
2457,3, 787,5
2372,5, 802,7
2297,3, 825,0
2304,9, 834,3
2299,0, 842,7
2295,9, 849,6
2299,5, 842,6
2299,2, 845,0
2343,7, 828,4
2356,6, 819,4
2359,0, 819,0
2377,3, 809,1
2292,8, 1010,4
2238,6, 1222,2
2298,4, 1526,4
2342,2, 2071,8
2356,2, 2367,9
2440,1, 2898,5
2258,7, 2850,8
1978,6, 2463,1
2089,8, 2644,4
1818,4, 2263,1
1630,4, 2045,8
1160,6, 1579,6
787,3, 1321,2
643,1, 1174,3
571,7, 1128,1
468,5, 1021,6
406,1, 966,1
199,6, 775,5
115,6, 744,8
104,3, 745,3
49,9, 730,6
46,4, 729,8
35,9, 723,5
60,1, 733,6
49,0, 722,0
50,1, 723,7
44,9, 722,5
43,1, 719,8
21,2, 704,3
35,5, 709,0
36,7, 707,9
47,4, 716,4
50,6, 717,8
60,8, 728,0
68,5, 742,8
51,7, 729,4
43,1, 751,3
-35,2, 890,3
-55,2, 913,2
-37,7, 1145,0
233,0, 1221,4
177,3, 1245,2
108,1, 1228,0
-45,2, 1218,3
14,1, 1236,2
219,2, 1274,7
339,6, 1289,6
632,5, 1332,1
783,7, 1354,5
969,3, 1374,1
1051,1, 1383,4
1308,6, 1393,4
1331,7, 1392,2
1335,7, 1387,5
1343,0, 1387,4
1340,3, 1388,9
1344,9, 1400,8
1356,7, 1399,0
1395,9, 1404,0
1408,9, 1404,0
1426,6, 1414,8
1383,5, 1429,3
1373,6, 1430,0
1425,7, 1349,1
1164,2, 1350,9
415,5, 1351,8
252,3, 1344,8
21,6, 1336,7
-18,2, 1334,3
-171,8, 1329,7
-250,9, 1325,0
-194,6, 1337,5
-179,3, 1335,3
-180,3, 1334,8
-180,1, 1333,7
-174,7, 1327,1
-177,1, 1319,0
-193,0, 1317,7
-192,4, 1318,2
-396,4, 1350,8
-449,3, 1412,1
-475,1, 1412,9
-461,2, 1412,6
-505,1, 1384,5
-417,5, 1360,2
-421,5, 1369,9
-83,3, 1370,8
378,0, 1353,7
735,1, 1335,3
693,5, 1344,4
809,5, 1367,7
932,2, 1374,5
903,4, 1376,9
1001,4, 1342,6
1019,5, 1338,3
1034,8, 1339,3
988,1, 1343,4
975,4, 1344,2
634,7, 1377,1
606,5, 1374,1
325,8, 1368,7
247,4, 1366,4
30,7, 1347,2
-119,9, 1346,3
-241,3, 1350,6
-378,1, 1348,7
-348,5, 1341,2
-342,8, 1327,1
-302,3, 1335,1
-269,9, 1356,2
-266,1, 1347,0
-255,9, 1307,1
-276,7, 1325,4
-262,9, 1313,2
-295,0, 1341,8
-274,6, 1324,2
-289,2, 1331,1
-312,5, 1348,0
-307,2, 1325,6
-342,8, 1345,0
-314,9, 1320,4
-290,0, 1335,6
-257,8, 1311,3
-291,2, 1323,1
-291,3, 1308,1
-319,9, 1323,8
-314,2, 1306,9
-323,0, 1309,4
-326,6, 1336,6
-318,3, 1337,7
-316,7, 1344,5
-319,6, 1358,7
-249,9, 1335,7
-241,0, 1329,7
-156,2, 1315,2
-183,6, 1338,9
-146,7, 1392,5
78,0, 1460,2
115,4, 1466,9
234,9, 1491,9
208,4, 1491,1
322,9, 1495,9
459,0, 1495,8
521,9, 1494,4
604,1, 1489,6
633,4, 1488,4
656,2, 1473,2
654,1, 1463,9
658,3, 1457,9
678,8, 1463,3
691,9, 1455,4
703,4, 1449,6
716,5, 1432,8
734,1, 1413,4
749,7, 1395,1
764,5, 1389,4
827,6, 1359,9
886,5, 1308,2
914,2, 1293,4
972,3, 1297,8
989,5, 1299,5
1014,8, 1286,3
1051,2, 1280,2
1063,8, 1278,8
1109,1, 1252,7
1155,4, 1233,4
1169,0, 1221,0
1170,5, 1218,8
1226,8, 1193,6
1227,1, 1192,7
1246,2, 1184,0
1303,2, 1171,8
1348,2, 1156,3
1398,0, 1138,2
1440,0, 1106,5
1458,4, 1105,1
1459,7, 1098,9
1612,1, 1124,7
1653,3, 1149,4
1651,3, 1134,7
1710,1, 1096,0
1722,3, 1047,4
1754,3, 1009,1
1790,1, 979,4
1829,6, 969,4
1830,6, 960,5
1894,0, 914,1
1931,4, 946,3
1970,2, 926,7
2005,1, 939,7
2078,2, 920,7
2115,1, 927,5
2144,3, 930,1
2202,4, 940,3
2206,6, 931,1
2305,2, 940,3
2336,7, 915,4
2348,4, 920,3
2357,7, 907,3
2376,8, 892,0
2520,4, 821,9
2520,7, 829,3
2544,4, 816,5
2590,3, 811,5
2625,9, 803,4
2638,0, 796,2
2769,2, 740,9
2761,9, 745,3
2767,0, 743,1
2812,1, 715,4
2844,7, 694,4
2891,9, 682,5
2854,5, 693,7
2898,7, 679,2
2922,5, 683,5
2970,9, 678,4
2973,1, 676,9
3019,9, 660,8
3062,1, 631,8
3102,9, 607,3
3162,1, 594,6
3155,9, 605,8
3155,6, 605,3
3179,2, 599,2
3215,6, 601,4
3237,0, 600,6
3255,5, 596,6
3263,2, 597,8
3271,9, 589,7
3288,9, 597,3
3290,9, 605,3
3384,4, 590,5
3346,8, 600,0
3462,6, 574,5
3456,1, 569,6
3412,6, 537,6
3404,9, 533,7
3388,5, 526,1
2145,9, 440,3
1906,1, 623,6
1757,4, 536,7
1746,0, 542,0
1664,2, 418,3
1594,6, 415,0
1586,5, 409,8
1593,8, 427,6
1608,9, 426,4
1607,6, 435,4
1608,7, 323,9
1609,1, 317,4
1608,1, 313,1
1598,2, 288,0
1601,5, 299,0
1494,1, 304,1
1038,6, 252,0
990,8, 256,8
646,8, 229,9
553,0, 224,3
567,2, 227,0
615,8, 242,3
580,7, 245,2
496,2, 183,4
482,5, 179,8
435,9, 152,0
427,0, 151,1
403,1, 165,2
403,1, 180,2
420,4, 223,6
427,1, 228,9
437,6, 234,3
439,7, 231,8
436,5, 235,2
436,5, 217,7
397,1, 155,4
406,5, 175,8
410,2, 187,9
393,7, 163,3
396,0, 168,0
393,0, 153,5
397,4, 165,7
404,4, 165,8
402,8, 145,0
412,0, 155,9
418,9, 167,2
438,6, 206,0
416,5, 175,9
362,6, 193,1
353,6, 148,9
358,2, 144,9
352,8, 126,0
284,5, 101,9
-38,8, 223,1
-114,0, 102,7
-92,5, 107,7
-80,3, 110,7
-82,9, 112,6
-81,3, 118,3
-77,7, 118,2
-36,0, 189,4
11,2, 257,8
21,8, 310,7
26,4, 351,5
5,6, 333,4
-42,9, 387,4
-40,6, 388,0
-22,1, 400,3
-27,1, 398,5
-28,1, 340,4
-10,1, 388,2
-21,0, 358,5
3,8, 416,2
-71,1, 390,7
-69,6, 404,1
-190,7, 351,8
-105,0, 363,3
-179,3, 334,9
-107,0, 376,4
-172,9, 364,9
-109,9, 391,8
-215,4, 355,6
-44,6, 413,2
19,3, 420,0
15,5, 418,9
-11,5, 411,7
-147,0, 367,5
-100,2, 390,8
23,6, 436,0
-101,9, 380,1
31,8, 437,6
-56,8, 404,8
-86,9, 385,3
-202,5, 346,9
-67,3, 391,7
-141,5, 368,2
-69,4, 397,0
-190,8, 340,6
-72,2, 372,8
-184,4, 317,9
0,9, 382,2
-32,7, 347,7
105,2, 363,0
338,4, 343,8
437,2, 349,9
454,0, 350,8
444,9, 348,3
462,8, 348,8
521,2, 351,5
494,8, 279,0
564,0, 220,0
561,4, 227,9
615,5, 193,0
698,5, 204,7
769,7, 209,7
835,4, 204,3
843,0, 203,9
860,6, 160,5
871,8, 122,1
885,7, 55,6
895,9, -4,1
907,6, 9,2
920,4, 7,5
924,8, -2,2
972,9, 25,4
989,8, 23,6
1028,4, 7,8
1045,6, 19,4
1077,5, 39,8
1127,5, 147,3
1203,5, 589,8
1281,3, 690,2
1363,1, 758,2
1391,9, 840,5
1348,2, 777,7
1437,7, 774,2
1437,6, 766,4
1462,1, 761,2
1622,9, 731,7
1568,3, 739,2
1628,3, 733,9
1949,5, 683,7
2056,3, 668,0
2059,4, 663,8
2051,1, 692,3
2051,1, 692,2
2081,0, 663,4
2097,9, 615,1
2097,4, 600,9
2108,3, 606,7
2130,3, 619,0
2458,0, 595,1
2676,3, 573,2
2938,0, 522,0
2882,4, 543,1
2967,8, 533,0
3247,5, 490,8
3201,6, 578,8
3234,2, 556,3
3286,8, 483,6
3323,7, 471,7
3257,3, 525,8
3263,3, 514,8
3260,0, 513,2
3254,5, 516,3
3244,8, 535,9
3261,6, 505,4
3226,4, 570,8
3211,9, 563,2
3210,6, 560,3
3211,2, 572,0
3207,0, 583,4
3204,8, 592,9
3204,4, 604,7
3225,0, 607,7
3211,3, 616,9
3215,8, 619,2
3224,3, 621,5
3231,4, 628,8
3234,6, 632,4
3230,4, 630,2
3228,1, 607,5
3229,5, 618,6
3198,0, 649,3
3194,0, 637,3
3179,0, 653,2
3129,9, 671,2
3021,6, 704,6
2824,8, 791,9
2807,2, 802,1
2797,0, 808,8
2772,5, 825,5
2667,0, 886,9
2650,4, 905,0
2605,7, 945,4
2596,8, 951,6
2611,2, 949,0
2605,5, 951,3
2612,7, 943,2
2574,7, 961,3
2573,8, 961,5
2566,3, 965,5
2579,8, 959,7
2584,9, 960,6
2573,6, 975,1
2053,0, 1009,0
1974,1, 999,0
1809,5, 986,2
1643,8, 989,3
1722,1, 978,3
1415,0, 995,1
819,9, 990,5
699,4, 991,4
-182,5, 1000,7
-100,6, 1008,3
112,5, 1071,5
100,1, 1063,5
101,7, 1061,6
93,6, 1057,4
9,0, 1036,6
-116,7, 1030,9
-145,7, 1028,5
-243,2, 1042,5
527,6, 823,3
160,7, 991,3
-614,6, 1221,5
-621,7, 1194,6
-577,0, 1203,3
-601,3, 1220,2
-593,0, 1151,6
-506,8, 1093,4
-74,5, 882,3
-23,4, 844,9
33,3, 816,0
56,0, 801,3
115,7, 776,6
118,0, 774,2
129,3, 755,6
142,1, 753,4
131,8, 744,0
111,2, 738,7
104,7, 735,1
131,5, 738,9
50,5, 723,1
17,7, 744,5
-57,9, 859,6
-96,5, 950,4
-136,6, 1109,9
-142,4, 1105,9
-140,6, 1111,2
-132,8, 1092,6
-139,4, 1095,3
-132,1, 1088,9
-134,9, 1098,0
-135,4, 1070,6
-113,8, 1024,2
-115,5, 1032,5
-111,9, 1016,9
-94,8, 1017,9
-93,8, 1002,1
-98,3, 969,6
-100,3, 968,6
-94,9, 960,7
-114,4, 976,7
-105,7, 969,1
-104,8, 968,5
-117,0, 991,3
-128,4, 1024,1
-121,9, 1042,8
-143,9, 1046,7
-133,8, 1039,5
-144,0, 1054,1
-134,4, 1033,9
-128,2, 1010,2
-129,0, 1011,1
-104,2, 1020,6
-112,8, 1026,9
-103,9, 1026,2
-81,6, 1016,9
-97,7, 1025,2
-86,5, 1030,4
-120,4, 1029,5
-105,2, 1025,5
-107,5, 1034,1
-80,0, 1026,4
-93,0, 1033,4
-91,3, 1026,7
-106,2, 1036,4
-78,0, 1023,8
-84,3, 1027,5
-82,1, 1025,9
-79,2, 1034,5
-86,8, 1047,6
-28,4, 1029,8
-23,7, 1030,3
183,7, 1001,1
177,7, 1001,3
221,8, 986,6
217,2, 982,8
208,3, 988,4
198,0, 980,5
214,4, 974,2
208,0, 976,3
395,6, 992,2
538,8, 1016,8
553,2, 1014,0
699,7, 1034,8
709,5, 1032,2
788,6, 1038,9
778,6, 1039,3
802,1, 1037,2
816,9, 1034,7
839,7, 1033,2
864,7, 1030,2
873,0, 1030,8
1011,4, 1041,8
1073,6, 1024,1
1773,0, 1029,0
2195,3, 1040,9
2394,8, 1050,9
2561,1, 1058,3
2580,7, 1059,8
2587,8, 1059,7
2767,6, 1065,8
2785,5, 1050,4
2880,8, 1026,0
2907,7, 1016,3
2978,7, 1035,7
2956,4, 1033,7
2925,1, 1032,0
2945,3, 1030,4
2953,6, 1032,7
2959,8, 1030,4
2949,1, 1024,1
2933,9, 1028,2
2939,9, 1026,8
2930,2, 1031,1
2928,6, 1031,8
2926,8, 1030,1
2924,8, 1026,3
2927,1, 1024,5
2928,0, 1013,0
2931,1, 1007,4
2938,0, 992,3
2926,4, 987,2
2926,8, 986,8
2901,2, 996,9
2901,3, 998,6
2907,5, 995,9
2912,3, 995,6
2914,0, 1016,3
2916,0, 1017,9
2910,4, 1026,7
2910,8, 1024,2
2912,1, 1022,5
2915,5, 1021,0
2913,9, 1019,4
2911,1, 1016,8
2903,5, 1014,1
2888,1, 1008,1
2885,1, 998,8
2887,8, 998,8
2887,2, 1006,6
2886,0, 1007,1
2876,5, 1009,1
2882,3, 1012,1
2881,0, 1017,3
2923,6, 1014,2
3383,6, 952,3
3602,8, 997,7
3622,1, 970,6
3657,0, 987,8
3657,8, 995,1
3681,5, 971,1
3683,3, 980,6
3657,1, 981,0
3662,9, 987,6
3651,3, 998,0
3639,4, 1002,5
3623,9, 1005,7
3625,9, 1003,8
3628,1, 1003,2
3638,8, 991,8
3643,3, 986,8
3645,1, 986,9
3658,9, 979,5
3684,5, 947,5
3663,3, 962,4
3666,2, 961,7
3666,3, 955,6
3619,2, 963,7
3606,9, 965,2
3620,0, 962,0
3657,4, 943,8
3665,9, 930,6
3550,6, 920,7
3448,2, 917,8
3409,3, 916,5
3167,2, 951,6
3093,7, 959,0
3074,3, 977,7
3072,8, 977,9
3053,2, 986,3
3002,6, 989,6
2932,8, 969,4
2165,6, 1015,3
2199,4, 1016,4
2046,2, 978,8
1914,2, 950,9
1856,6, 924,1
1853,4, 919,8
1442,9, 783,7
1438,2, 778,0
1428,0, 763,9
1416,4, 756,4
1431,8, 782,0
1448,2, 809,3
1413,2, 775,5
1414,9, 771,8
1373,2, 747,5
1181,4, 715,7
958,5, 675,2
822,7, 660,7
459,3, 605,3
379,4, 599,8
423,7, 627,7
417,6, 615,3
451,0, 633,6
470,6, 612,4
441,7, 619,8
376,3, 538,9
403,8, 568,3
382,9, 553,7
392,8, 559,6
404,4, 573,0
433,2, 594,3
445,9, 598,6
144,8, 491,7
237,2, 540,2
188,8, 520,4
112,3, 492,8
113,1, 499,1
-145,7, 387,4
-230,2, 355,8
-164,7, 393,4
-162,5, 380,6
-54,6, 450,3
31,6, 518,0
-290,0, 356,2
-171,5, 424,0
-235,8, 366,5
-180,3, 393,6
-151,6, 400,4
-136,3, 422,1
-165,5, 422,6
-244,2, 483,6
-240,8, 619,4
-206,9, 711,9
-212,2, 719,5
-174,8, 763,2
-202,4, 782,0
-201,0, 784,9
-188,2, 794,1
-125,8, 828,6
-85,3, 793,0
-111,8, 793,5
-132,7, 797,4
-129,0, 807,6
-126,5, 818,9
-148,2, 818,7
-160,2, 806,1
-178,4, 798,9
-156,4, 789,4
-130,9, 779,8
-128,4, 783,3
-156,7, 783,2
-143,0, 773,0
-122,4, 767,1
-132,1, 764,5
-76,3, 742,7
-89,3, 763,4
-112,2, 766,9
-155,2, 752,7
-152,4, 744,9
-133,5, 766,3
-137,0, 754,9
-135,6, 693,5
-135,6, 683,4
-135,4, 685,3
-152,4, 696,2
-129,7, 719,7
-77,0, 721,5
-27,1, 737,7
437,7, 675,0
494,2, 666,7
581,7, 649,0
594,9, 606,8
555,4, 551,7
562,6, 544,3
539,3, 468,1
579,3, 444,1
595,3, 419,6
607,7, 396,9
610,8, 397,0
617,5, 390,2
639,4, 376,3
668,2, 363,1
676,0, 359,0
746,4, 328,9
770,0, 325,2
788,0, 326,4
806,7, 311,7
837,9, 308,7
832,2, 311,6
858,0, 309,6
896,5, 297,0
889,8, 303,5
1387,6, 202,1
1483,3, 175,6
1520,1, 165,7
1565,4, 151,5
1579,6, 145,0
1591,1, 139,1
1624,8, 125,3
1627,0, 123,1
1647,2, 121,2
1678,2, 109,7
1689,5, 110,9
1699,6, 106,7
1721,1, 97,3
1735,5, 88,5
1904,2, 7,6
1982,9, -28,8
2068,9, -54,7
2281,4, -117,2
2247,9, -107,4
2278,9, -81,4
2319,5, -92,2
2333,6, -102,1
2346,9, -115,9
2391,7, -155,2
2382,6, -160,9
2377,8, -161,9
2403,8, -180,1
2428,0, -183,8
2444,1, -191,9
2448,1, -193,6
2452,5, -192,1
2454,5, -192,8
2462,9, -190,3
2469,6, -189,5
2493,9, -195,7
2490,4, -192,5
2484,9, -194,9
2497,4, -196,2
2507,9, -199,0
2515,3, -199,1
2537,0, -191,9
2530,9, -190,8
2735,4, -228,9
2442,1, -154,0
2053,4, -125,1
1866,7, -114,9
1956,3, -122,7
1790,5, -126,2
973,7, -140,0
386,4, -153,1
267,7, -145,4
178,9, -111,7
172,2, -108,6
181,9, -69,9
176,0, -76,5
184,9, -66,3
238,2, -27,7
241,1, -23,8
278,4, 30,9
286,8, 63,8
282,0, 75,6
252,1, 70,1
50,9, 216,0
-36,8, 281,9
-38,8, 282,1
-127,2, 189,4
-93,2, 186,3
-61,8, 204,8
-62,8, 182,5
-35,3, 215,0
-35,9, 211,7
114,2, 347,2
123,5, 360,3
90,7, 356,2
-26,7, 343,2
-35,7, 363,8
-34,8, 365,6
37,3, 424,1
40,1, 427,7
52,9, 442,3
62,9, 447,7
-285,0, 365,7
391,8, 379,9
480,5, 402,9
455,9, 393,1
621,8, 383,7
681,4, 386,7
1067,9, 384,6
1138,1, 387,0
1190,9, 388,9
1230,0, 382,9
1284,0, 301,6
1279,3, 265,7
1281,6, 222,8
1271,7, 192,3
1277,0, 183,9
1306,4, 151,1
1444,4, 84,0
1445,0, 80,6
1585,7, 48,1
1562,3, 53,6
1541,8, 58,0
1670,3, 19,3
1664,1, 14,7
1641,6, -2,8
1661,9, 5,6
1635,6, -7,6
1623,2, -14,5
1608,3, -20,4
1592,8, -29,8
1564,3, -62,3
1562,4, -55,3
1519,3, -79,0
1483,3, -95,6
1504,2, -100,7
1459,4, -115,5
1430,1, -118,0
1251,2, -120,3
1238,3, -133,3
1061,9, -187,0
-107,4, -287,2
-496,6, -137,7
-493,4, -124,9
-503,2, -116,0
-504,1, -102,1
-507,5, -106,0
-511,6, -109,3
-519,2, -129,5
-523,9, -167,1
-275,9, -153,1
-140,5, -13,8
-64,4, 54,4
-64,1, 54,3
-40,7, 78,9
-100,3, 50,7
-100,3, 50,7
-98,8, 51,0
-68,6, 56,8
-74,2, 50,1
-74,2, 48,0
-59,8, 55,6
-22,3, 83,9
-11,5, 92,0
499,3, 319,4
523,9, 341,3
586,3, 384,9
631