Listening for gaze data, press any key to exit...
545,1, 666,0
586,1, 700,1
586,1, 700,1
667,7, 1583,6
653,6, 1951,6
648,9, 2008,2
644,8, 2085,9
630,0, 2280,4
646,0, 2295,8
656,8, 2281,8
684,4, 2312,7
710,1, 2345,9
697,2, 2349,0
696,7, 2351,6
702,7, 2366,6
735,0, 2369,2
741,1, 2377,6
748,4, 2381,9
748,0, 2384,3
752,2, 2363,2
755,4, 2362,0
2475,4, 1157,4
2405,1, 1049,7
2374,8, 1321,1
2235,0, 1340,4
2232,6, 1343,9
2240,2, 1343,1
2241,5, 1342,8
2267,9, 1314,1
2267,0, 1314,8
2311,8, 1298,0
2370,6, 1284,1
2371,1, 1277,7
2374,4, 1270,9
2375,7, 1269,9
2374,8, 1269,7
2374,4, 1272,9
2369,3, 1272,6
2377,8, 1267,9
2396,1, 1258,4
2411,3, 1250,5
2412,4, 1248,0
2370,5, 1236,0
2306,6, 1193,5
1546,8, 717,4
1392,3, 619,8
1357,1, 598,1
1330,7, 580,6
1313,3, 567,2
1312,2, 570,2
1311,4, 573,9
1308,6, 566,6
1305,4, 559,6
1274,4, 523,3
1220,6, 459,5
1177,3, 367,7
1151,6, 312,3
1146,7, 311,1
1098,8, 219,5
1093,3, 228,5
1093,2, 236,3
1101,7, 246,3
1109,0, 258,1
1115,3, 269,6
1130,7, 275,9
1129,1, 277,7
868,2, 249,9
887,0, 254,1
781,2, 244,4
781,9, 243,5
770,0, 243,1
761,7, 239,7
772,6, 254,1
778,1, 255,4
765,7, 248,3
749,9, 243,7
764,0, 241,2
756,9, 251,1
749,5, 234,2
722,9, 213,6
712,5, 206,7
665,1, 177,0
642,6, 160,6
630,4, 134,6
630,6, 143,3
629,7, 102,6
651,0, 148,8
652,3, 148,1
665,3, 171,7
690,2, 193,0
691,4, 189,8
690,8, 129,1
691,4, 152,4
698,4, 162,1
685,0, 176,2
701,4, 214,1
709,5, 181,1
722,1, 203,1
719,0, 212,3
714,0, 225,2
715,0, 227,4
721,3, 229,8
733,6, 216,0
732,6, 210,1
732,1, 209,0
734,6, 205,0
737,6, 208,6
736,0, 208,3
723,8, 212,7
722,0, 210,7
719,8, 207,2
717,6, 206,9
716,2, 206,0
716,9, 159,4
717,7, 151,1
717,5, 159,4
716,6, 179,0
717,0, 203,1
715,8, 224,8
714,9, 222,5
714,1, 217,8
715,6, 230,3
715,6, 225,1
716,4, 233,7
716,3, 235,0
713,6, 228,8
704,3, 235,6
704,4, 228,9
704,0, 230,5
703,9, 229,9
702,2, 221,5
688,2, 232,4
691,5, 230,0
686,3, 209,0
693,1, 210,3
699,3, 224,1
744,3, 239,9
814,3, 245,3
864,5, 248,1
886,8, 247,4
944,3, 252,9
968,7, 253,2
1008,8, 282,8
994,3, 263,9
976,4, 264,9
953,2, 254,6
944,8, 252,4
947,8, 245,4
968,9, 250,7
961,7, 259,1
972,2, 256,7
960,5, 252,1
963,6, 252,0
1000,5, 226,0
1001,8, 217,0
995,6, 192,3
1015,2, 169,5
1013,7, 166,9
1026,7, 160,1
1039,4, 141,7
1040,5, 137,6
1041,0, 129,4
1043,6, 127,9
1042,9, 127,4
1045,1, 126,9
1045,2, 123,4
1090,1, 179,5
1127,0, 216,3
1237,0, 365,2
1319,2, 477,3
1364,0, 548,3
1430,9, 665,2
1438,1, 670,2
1438,0, 669,1
1443,0, 659,9
1439,1, 650,1
1440,3, 650,3
1436,7, 643,9
1431,4, 621,1
1425,8, 606,9
1421,0, 605,6
1956,2, 503,3
2480,8, 390,8
2483,8, 388,7
2631,2, 337,6
2648,2, 332,1
2750,2, 296,7
2748,8, 301,9
2888,3, 254,8
2886,8, 257,2
2886,5, 258,6
2885,7, 259,0
2793,5, 299,1
2812,6, 303,8
2791,0, 384,9
2794,5, 392,4
2806,4, 382,5
2830,0, 342,9
2832,0, 336,3
2832,5, 332,7
2834,5, 332,5
2835,5, 332,5
2828,6, 340,4
2824,9, 352,0
2818,5, 364,6
2796,8, 386,8
2790,5, 395,1
2786,6, 395,2
2792,8, 390,0
2791,4, 388,1
2784,3, 391,4
2785,0, 390,2
2791,7, 390,5
2785,5, 392,7
2782,4, 400,1
2777,0, 409,8
2772,4, 408,7
2767,0, 410,8
2751,5, 407,3
2752,4, 405,1
2761,1, 400,4
2763,6, 396,6
2763,3, 392,9
2763,4, 392,9
2770,1, 396,8
2760,9, 404,6
2763,0, 403,8
2767,0, 405,4
2778,4, 408,8
2781,6, 408,7
2784,9, 398,0
2782,4, 396,9
2771,3, 392,4
2771,0, 390,6
2760,9, 387,8
2764,9, 387,3
2772,7, 381,9
2773,1, 384,0
2780,9, 386,7
2785,0, 386,4
2784,4, 385,4
2783,7, 384,2
2779,0, 383,9
2781,3, 382,9
2780,7, 377,1
2778,4, 378,0
2773,0, 376,4
2768,0, 381,8
2767,7, 382,7
2768,1, 382,2
2772,3, 377,8
2773,2, 375,0
2784,9, 368,9
2788,4, 363,9
2786,9, 363,3
2782,1, 363,1
2771,2, 307,5
2720,3, 349,0
2302,2, 710,2
1660,0, 1302,1
1562,8, 1389,1
1524,1, 1395,5
1520,1, 1403,3
1526,5, 1409,0
1525,5, 1415,4
1519,5, 1421,2
1523,0, 1431,8
1513,7, 1432,0
1517,0, 1429,9
1527,8, 1410,6
1537,1, 1395,4
1537,2, 1410,3
1537,1, 1393,3
1527,4, 1399,4
1537,5, 1402,7
1541,8, 1402,2
1547,0, 1402,8
1534,1, 1371,2
1552,4, 1378,8
1552,0, 1377,1
1529,6, 1342,2
1505,0, 1285,9
1458,7, 1188,3
1387,3, 1051,0
1383,3, 1041,6
1385,1, 1037,5
1377,0, 1040,2
1381,3, 1041,8
1414,5, 1037,6
1469,0, 1031,5
1553,3, 1135,5
1602,8, 1187,0
1639,5, 1269,1
1631,1, 1249,8
1638,6, 1243,5
1659,9, 1276,6
1660,5, 1289,0
1650,1, 1296,4
1649,0, 1298,0
1762,1, 1666,6
1775,0, 1742,4
1873,0, 1986,9
1890,2, 2028,7
1869,4, 1961,7
1863,2, 1944,6
1910,9, 2059,3
1911,2, 2075,5
1918,9, 2076,5
1927,7, 2081,3
1935,6, 2086,6
1948,5, 2092,0
1945,5, 2113,7
1943,9, 2117,5
1962,0, 2149,8
1966,8, 2149,2
2136,3, 2298,0
2248,1, 2392,5
2277,5, 2433,8
2309,5, 2459,9
2293,0, 2507,3
2301,7, 2520,4
2321,5, 2555,4
2330,2, 2549,6
2337,9, 2528,1
2335,6, 2508,2
2319,9, 2521,8
2331,0, 2587,8
2348,0, 2618,0
2354,3, 2621,2
2349,4, 2618,7
2151,4, 2344,6
1966,6, 2052,7
1935,2, 2032,4
1841,7, 1859,1
1671,2, 1514,7
1618,4, 1438,4
1553,4, 1330,6
1547,1, 1324,2
1541,7, 1325,3
1530,0, 1324,3
1530,8, 1311,8
1531,4, 1307,2
1528,5, 1306,5
1521,0, 1308,9
1516,2, 1311,4
1518,0, 1314,8
1516,0, 1323,8
1514,8, 1322,9
1493,8, 1328,0
1471,3, 1299,0
1374,6, 1246,2
976,9, 1066,4
673,3, 929,8
633,6, 915,7
566,2, 900,0
481,5, 871,1
444,3, 864,2
413,1, 856,6
430,8, 858,8
351,9, 859,8
325,3, 878,7
178,3, 1094,0
182,1, 1074,7
177,6, 1089,9
16,8, 1242,5
-27,0, 1263,8
-27,2, 1250,2
-112,4, 1295,5
-110,1, 1293,3
-44,3, 1302,8
-44,8, 1309,2
-61,1, 1310,0
-2,3, 1318,4
5,2, 1320,1
40,0, 1324,0
49,7, 1319,4
75,6, 1313,0
87,4, 1311,2
85,1, 1310,0
67,2, 1304,4
66,2, 1304,2
88,0, 1312,1
86,6, 1312,1
98,5, 1316,0
93,1, 1315,0
82,0, 1313,4
62,4, 1300,7
50,2, 1304,5
26,9, 1304,9
36,2, 1304,4
30,1, 1303,8
13,5, 1291,7
31,3, 1292,8
72,9, 1290,0
70,1, 1285,2
91,2, 1308,9
88,4, 1306,1
53,7, 1290,2
54,1, 1292,3
46,7, 1280,7
44,4, 1278,5
48,0, 1281,3
49,7, 1282,2
78,0, 1299,4
92,1, 1304,1
91,6, 1302,7
120,4, 1299,9
125,1, 1293,5
119,3, 1289,1
116,0, 1284,7
117,1, 1282,4
124,7, 1280,1
126,2, 1282,3
144,5, 1289,6
162,7, 1302,3
194,4, 813,5
206,8, 812,0
206,8, 805,9
208,6, 812,7
218,4, 833,2
256,3, 818,7
336,9, 804,7
980,8, 804,3
1269,8, 810,2
1358,2, 805,4
1383,6, 803,6
1801,1, 717,2
1863,2, 702,8
2017,9, 648,6
2217,0, 578,4
2228,8, 577,5
2197,1, 548,5
2188,0, 532,3
2235,0, 508,1
2280,2, 469,3
2340,3, 441,0
2363,1, 431,7
2393,0, 412,0
2395,4, 413,9
2397,4, 406,9
2395,6, 400,4
2397,1, 403,0
2389,0, 407,5
2371,8, 424,8
2359,4, 441,6
2232,8, 630,2
1944,3, 1189,3
1880,4, 1359,2
1923,0, 1250,3
1932,3, 1392,8
2152,9, 2047,6
2226,8, 2200,9
2257,1, 2279,7
2282,1, 2343,1
2280,7, 2359,3
2263,3, 2343,7
2300,7, 2413,9
2296,6, 2401,1
2291,3, 2390,3
2295,7, 2401,9
2334,5, 2492,2
2329,5, 2480,4
2344,5, 2494,0
2338,8, 2487,1
2351,4, 2517,7
2393,2, 2572,3
2392,6, 2571,7
2377,5, 2550,7
2343,1, 2489,0
2329,8, 2496,3
2340,1, 2503,6
2302,6, 2476,7
2197,7, 2373,3
2204,8, 2384,0
2048,5, 2188,5
1362,5, 1433,8
733,7, 785,0
539,5, 642,3
368,4, 491,6
660,2, 553,2
249,5, 440,2
170,0, 390,8
140,0, 385,4
199,4, 414,7
100,1, 369,0
147,4, 398,8
204,6, 447,0
288,0, 478,6
288,4, 482,1
292,6, 480,5
301,6, 475,2
307,5, 495,0
319,6, 505,2
320,0, 483,6
318,7, 481,9
322,9, 493,8
320,7, 499,1
317,3, 515,3
244,6, 611,0
223,5, 646,2
184,5, 695,3
227,9, 719,1
273,9, 771,7
215,3, 763,5
227,4, 777,5
218,4, 770,4
298,7, 786,1
275,4, 785,5
332,1, 811,0
358,9, 814,9
347,5, 826,4
407,0, 865,6
405,5, 862,9
458,2, 785,3
460,5, 787,2
454,8, 799,7
463,8, 799,1
489,4, 788,4
451,3, 788,1
447,9, 782,7
516,7, 770,8
473,8, 991,4
565,8, 960,4
618,0, 955,9
598,6, 984,2
554,2, 1033,4
503,2, 1079,9
488,6, 1120,9
483,7, 1114,9
468,1, 1104,5
465,4, 1117,1
461,4, 1114,4
458,7, 1113,2
452,6, 1098,7
457,3, 1109,4
430,7, 1070,7
349,6, 944,8
309,7, 928,0
297,5, 918,8
263,4, 882,4
282,9, 864,1
236,5, 858,7
210,0, 888,6
219,3, 870,9
210,9, 888,1
234,7, 888,9
221,9, 869,8
215,5, 868,5
207,6, 850,2
221,2, 881,5
211,1, 859,1
219,2, 878,7
208,5, 846,3
208,0, 871,5
189,5, 844,3
160,8, 857,3
202,5, 914,5
187,5, 892,8
196,7, 904,1
172,5, 873,1
141,2, 808,2
144,3, 828,6
143,2, 795,5
156,3, 781,3
156,1, 780,3
151,3, 759,3
137,1, 738,0
134,0, 725,0
140,9, 720,7
144,1, 717,9
143,5, 717,4
131,8, 713,7
126,2, 711,3
121,2, 708,1
112,5, 710,6
108,6, 712,8
109,4, 711,6
105,9, 712,2
99,0, 717,0
96,6, 720,3
99,5, 720,1
97,1, 729,6
102,3, 726,9
108,7, 724,6
110,4, 721,7
115,6, 719,7
113,0, 722,1
110,3, 723,8
112,2, 721,1
125,9, 718,2
127,1, 717,5
136,1, 724,0
135,2, 731,0
133,4, 734,8
147,7, 741,3
138,9, 736,1
127,4, 727,5
136,2, 718,7
138,4, 715,8
171,6, 717,8
183,0, 725,7
342,1, 822,8
389,7, 891,3
393,8, 887,0
402,8, 888,7
405,2, 901,7
404,5, 895,5
402,8, 904,9
400,2, 896,2
399,1, 901,7
385,7, 863,7
377,5, 877,4
376,4, 880,2
376,0, 892,6
377,3, 879,5
422,8, 856,2
696,6, 785,7
779,8, 790,1
802,1, 793,7
836,0, 792,6
1069,9, 737,3
1093,1, 726,0
1115,4, 714,5
1414,0, 633,6
1454,0, 610,7
1491,1, 576,1
1519,6, 538,2
1517,8, 531,6
1523,3, 492,2
1528,2, 477,4
1535,5, 459,9
1539,0, 433,1
1548,2, 433,4
1561,0, 421,3
1607,9, 413,5
1652,5, 398,7
2156,8, 263,0
2812,2, 145,8
3039,3, 82,1
3116,9, 67,4
3167,0, 57,4
3426,0, -12,5
3421,4, 41,7
3403,1, 63,2
3399,4, 44,0
3379,3, 52,1
3371,3, 59,7
3367,9, 65,2
3371,5, 63,5
3370,5, 64,5
3426,0, 12,1
3456,0, -31,1
3477,5, -50,8
3486,5, -40,8
3488,5, -45,7
3511,9, 66,8
3521,9, 62,7
3549,0, 37,6
3565,1, 29,7
3560,1, 24,6
3556,4, 30,5
3544,0, 28,8
3524,0, 16,4
3518,7, 31,6
-114,1, 166,4
-103,2, 183,4
-96,7, 182,9
-95,7, 184,0
-75,1, 193,7
-53,7, 208,2
33,5, 299,6
69,5, 333,5
111,7, 358,9
138,4, 376,4
135,5, 373,6
150,9, 392,1
206,8, 426,2
203,0, 426,3
224,5, 437,1
204,2, 398,4
148,6, 396,3
140,6, 374,4
140,6, 374,4
141,6, 373,4
143,6, 364,1
143,8, 363,2
144,7, 363,8
144,5, 363,7
144,7, 364,0
144,5, 364,8
143,8, 366,4
135,0, 359,5
165,8, 356,6
41,9, 251,5
117,1, 267,5
64,0, 248,1
81,3, 239,9
50,7, 246,7
109,7, 256,8
63,7, 245,1
108,9, 247,6
71,1, 238,3
127,6, 250,3
118,6, 304,5
127,7, 354,5
161,6, 354,3
158,0, 359,0
185,0, 370,4
161,0, 341,4
179,0, 329,3
211,2, 370,7
540,9, 509,6
490,9, 581,2
502,4, 635,9
489,3, 671,2
525,0, 717,2
524,8, 714,4
522,3, 715,4
519,8, 716,7
515,8, 719,0
521,7, 711,9
517,6, 715,3
507,3, 688,5
506,7, 686,0
617,3, 721,8
689,0, 752,1
746,2, 812,6
841,1, 903,9
975,6, 1044,0
1036,2, 1116,8
1018,1, 1112,3
1044,0, 1135,7
949,6, 1079,5
899,4, 1049,2
874,2, 1037,0
747,8, 966,3
747,5, 967,4
745,9, 968,2
744,6, 968,7
740,4, 964,4
740,5, 966,6
744,0, 967,2
751,9, 969,3
760,4, 970,5
812,7, 952,1
945,9, 893,1
1013,8, 854,5
1089,7, 810,0
1152,2, 772,8
1157,7, 767,5
1162,0, 768,2
1164,2, 771,5
1167,7, 775,3
1170,0, 777,9
1171,1, 779,5
1174,8, 777,4
1174,2, 776,7
1181,6, 780,9
1179,9, 779,7
1172,6, 769,2
1174,0, 772,8
1154,1, 761,2
1071,2, 755,2
1037,4, 756,3
879,3, 763,4
551,0, 785,8
400,1, 794,7
132,0, 819,8
187,4, 758,7
154,6, 770,9
71,3, 813,0
114,0, 758,1
115,9, 781,5
109,6, 794,8
102,6, 815,7
113,4, 866,8
140,0, 881,0
140,8, 883,8
161,9, 883,7
176,2, 897,9
216,1, 913,0
195,3, 902,1
214,0, 909,0
195,4, 897,5
179,2, 886,0
153,0, 878,7
116,8, 863,7
134,5, 868,9
93,7, 834,9
151,3, 845,5
131,5, 840,4
200,4, 887,6
222,3, 895,6
310,7, 916,5
380,7, 763,3
373,8, 845,5
363,7, 868,2
389,8, 783,6
383,8, 845,2
391,0, 795,3
384,2, 835,0
383,9, 846,0
334,3, 901,2
323,2, 933,2
314,1, 933,7
292,8, 927,8
307,3, 928,1
304,6, 924,7
312,3, 926,1
313,8, 927,0
295,1, 927,9
322,3, 930,0
335,5, 930,0
308,3, 926,9
316,1, 927,0
325,3, 927,4
364,6, 930,0
362,4, 940,3
345,5, 939,7
333,2, 940,1
359,3, 934,4
309,4, 934,1
315,2, 934,2
315,9, 933,2
296,0, 932,3
294,6, 936,5
289,6, 942,3
163,3, 1020,6
143,4, 1032,0
86,9, 1029,4
93,3, 1025,3
34,7, 1012,1
60,6, 1015,8
52,8, 1006,7
-9,1, 1003,0
5,7, 1003,7
4,9, 1006,6
27,9, 1008,7
33,9, 1020,1
73,0, 1028,3
98,5, 1029,8
80,3, 1034,7
113,6, 1033,6
113,0, 1033,4
144,0, 809,3
159,1, 792,7
156,5, 773,0
139,4, 731,9
160,0, 697,4
157,0, 653,1
170,0, 643,7
145,0, 634,1
162,3, 625,7
117,8, 614,4
151,0, 617,7
131,6, 604,5
164,8, 608,9
148,8, 625,5
30,4, 694,2
44,1, 705,9
18,3, 716,3
57,0, 710,8
21,6, 701,3
-19,5, 694,9
27,0, 702,0
-0,1, 692,9
43,8, 702,5
59,3, 710,1
110,6, 717,1
65,6, 710,4
107,4, 715,2
79,1, 709,1
130,0, 713,7
133,4, 697,4
60,7, 684,3
73,3, 686,9
138,5, 704,5
202,5, 722,3
270,5, 754,7
264,9, 756,6
283,0, 762,3
279,2, 773,7
328,3, 780,2
337,6, 766,8
335,2, 741,4
297,1, 731,2
337,9, 734,2
372,8, 738,3
282,6, 724,0
300,1, 724,4
319,2, 722,9
331,9, 726,4
362,7, 726,9
424,2, 723,5
460,2, 689,3
512,7, 683,9
565,5, 688,1
600,5, 701,5
650,0, 706,2
619,9, 658,3
623,8, 661,7
623,8, 661,4
610,8, 645,5
564,0, 635,2
571,1, 634,3
607,0, 643,7
563,0, 617,7
530,3, 594,0
541,8, 589,0
553,9, 594,7
643,8, 623,9
651,1, 607,4
662,6, 607,1
697,3, 541,3
776,3, 451,2
903,9, 407,4
1022,9, 347,6
1093,2, 322,7
1123,5, 311,9
1170,6, 285,3
1198,0, 244,7
1195,0, 236,7
1185,6, 198,2
1188,0, 204,0
1188,3, 191,6
1188,5, 172,6
1192,8, 171,5
1193,6, 171,1
1196,8, 167,6
1196,3, 165,4
1194,7, 159,7
1193,8, 155,3
1205,4, 157,1
1209,6, 157,4
1207,7, 156,4
1213,2, 156,9
1214,6, 156,6
1209,2, 154,8
1144,1, 140,0
939,4, 138,7
731,2, 139,2
526,3, 133,2
154,8, 119,1
114,1, 122,9
-36,7, 141,5
-42,2, 261,0
1,6, 310,1
0,4, 304,9
-21,6, 298,6
-13,4, 299,0
-23,7, 312,0
-2,6, 316,3
138,3, 437,0
54,6, 402,5
68,5, 392,4
24,6, 395,6
101,8, 432,4
58,4, 392,2
76,1, 374,7
92,2, 375,5
170,1, 402,8
154,5, 396,4
182,3, 372,8
206,9, 378,6
223,4, 379,8
227,6, 381,9
216,5, 378,9
206,4, 376,3
211,8, 377,1
214,9, 377,5
221,1, 378,8
221,1, 378,8
206,6, 408,8
191,8, 439,2
20,8, 388,7
27,3, 393,4
62,3, 412,2
87,0, 450,2
107,4, 464,3
173,2, 485,0
146,5, 482,2
203,1, 498,4
210,6, 517,8
270,1, 542,8
217,0, 535,4
278,5, 561,1
181,6, 538,4
242,0, 569,6
136,4, 515,2
211,1, 554,6
128,3, 513,1
10,3, 428,7
54,5, 452,6
17,9, 428,5
105,8, 474,2
80,6, 419,2
163,1, 384,9
152,7, 417,4
170,5, 381,8
185,7, 305,0
-26,7, 146,6
35,2, 168,6
-56,8, 119,6
-273,5, -71,9
202,4, 306,6
-18,7, 131,6
237,9, 315,2
127,2, 216,8
262,2, 294,0
265,0, 287,4
236,1, 268,2
-144,6, 7,5
207,6, 285,5
199,4, 274,7
-8,0, 162,3
135,7, 170,3
114,6, 347,3
144,0, 457,4
194,8, 487,8
193,6, 487,2
216,0, 449,2
203,7, 451,3
233,5, 505,5
228,5, 512,7
223,5, 513,2
224,8, 514,5
237,1, 524,9
237,3, 525,1
403,6, 579,1
483,6, 602,7
480,4, 602,1
844,7, 726,1
811,7, 749,5
801,9, 748,7
758,9, 708,4
753,5, 715,5
771,8, 715,6
765,0, 715,8
758,6, 706,4
762,4, 646,7
815,9, 641,4
944,5, 575,8
1002,8, 556,3
1041,8, 544,4
1055,0, 542,6
1104,0, 570,9
1095,5, 560,0
1092,8, 542,8
1057,1, 488,0
1060,1, 459,1
1072,7, 439,0
1075,9, 429,1
1074,7, 420,3
1079,4, 391,1
1071,6, 364,2
1080,5, 356,0
1092,3, 341,9
1108,3, 324,4
1184,7, 320,4
1777,6, 375,0
1812,9, 371,1
1867,2, 373,0
2097,5, 374,7
2058,2, 373,2
2347,1, 362,3
2941,0, 340,5
2992,7, 327,7
3003,5, 310,5
3058,0, 249,1
3057,8, 249,9
3057,2, 253,0
3022,5, 303,5
3028,1, 293,1
3004,1, 320,0
2967,6, 326,7
2971,5, 328,2
2967,8, 325,8
2980,8, 324,4
2981,2, 324,0
2993,0, 325,9
2990,6, 324,5
2917,5, 342,3
2438,0, 428,5
2033,9, 498,1
1784,3, 535,7
1563,7, 572,2
706,4, 679,3
616,3, 698,1
508,6, 710,7
478,0, 688,2
463,8, 689,6
457,9, 683,2
458,1, 697,5
456,3, 698,2
465,4, 679,5
465,8, 676,3
459,4, 690,6
484,6, 714,0
488,1, 717,5
488,2, 705,0
487,0, 698,9
488,2, 716,7
469,9, 695,9
416,5, 689,7
409,2, 686,6
337,2, 654,6
315,6, 644,4
-17,2, 449,6
-22,9, 428,3
-53,8, 356,7
11,8, 185,8
82,5, 233,0
153,7, 282,6
199,6, 321,4
277,4, 398,0
287,0, 414,2
298,9, 427,7
307,1, 437,3
308,1, 436,4
308,2, 444,2
316,2, 448,4
319,4, 448,0
325,3, 436,6
325,1, 432,6
298,2, 405,7
295,8, 405,5
295,4, 405,8
295,4, 405,0
307,6, 325,2
279,3, 358,5
262,9, 358,2
207,0, 380,4
207,7, 372,2
212,5, 373,7
214,4, 375,0
213,1, 374,9
221,7, 375,8
226,2, 376,2
259,0, 529,0
261,2, 529,6
262,9, 529,9
276,6, 543,1
301,9, 529,5
315,1, 499,2
326,0, 471,0
322,4, 479,7
329,3, 457,6
336,6, 451,5
331,3, 461,5
341,2, 464,5
351,5, 465,2
354,4, 464,8
331,7, 469,6
308,6, 451,1
325,5, 437,1
327,6, 435,4
324,9, 450,8
329,4, 444,9
331,1, 469,8
333,5, 511,1
343,1, 523,9
344,8, 524,0
343,2, 521,3
339,6, 522,9
319,9, 481,9
319,4, 480,2
314,2, 474,8
261,7, 441,2
261,7, 441,2
258,2, 438,5
259,0, 441,3
262,6, 435,8
260,6, 432,2
247,2, 430,7
241,4, 425,8
254,7, 425,4
260,7, 426,2
346,8, 451,6
414,8, 605,7
556,7, 669,6
515,0, 671,3
490,7, 681,1
447,8, 664,8
481,2, 672,5
446,3, 682,0
451,6, 669,1
444,0, 665,7
437,5, 661,2
487,6, 666,8
480,6, 661,9
471,0, 657,7
489,8, 659,1
488,1, 654,2
486,3, 653,1
463,1, 639,4
302,4, 565,8
322,4, 578,5
326,7, 583,0
239,0, 540,9
262,5, 552,5
279,0, 567,3
272,8, 565,5
296,0, 584,1
296,7, 584,7
469,2, 607,8
937,3, 655,3
990,8, 643,7
1050,8, 629,4
1048,7, 623,3
1058,1, 641,6
1043,2, 611,6
1049,4, 598,3
1042,8, 590,5
1039,5, 588,1
1033,2, 591,2
1038,0, 594,9
1049,8, 603,1
1052,7, 604,9
1065,0, 614,1
1121,8, 682,7
1211,3, 812,5
1297,9, 964,8
1346,6, 1050,8
1348,5, 1055,0
1517,1, 1367,4
1511,1, 1360,1
1508,0, 1360,6
1510,6, 1373,7
1507,6, 1369,6
1501,5, 1358,0
1408,2, 1331,7
820,9, 1150,4
563,9, 1055,7
672,0, 1094,9
544,2, 1047,6
475,1, 1026,6
356,4, 971,6
273,2, 936,3
291,4, 936,6
283,2, 923,4
281,7, 921,1
278,0, 919,3
268,8, 918,4
249,5, 916,5
216,7, 914,9
145,1, 1047,6
102,8, 1059,6
99,0, 1101,8
94,9, 1127,7
106,4, 1100,7
119,4, 1131,8
144,3, 1162,1
199,5, 1235,5
201,1, 1240,8
203,7, 1246,9
204,6, 1250,5
194,1, 1258,5
192,2, 1258,4
195,1, 1255,9
196,3, 1256,7
197,6, 1255,6
202,2, 1252,2
211,0, 1250,8
215,0, 1248,0
218,9, 1249,6
237,4, 1204,3
247,2, 1157,9
320,5, 956,8
325,4, 922,7
346,7, 876,0
370,7, 807,5
377,9, 811,1
368,9, 810,1
356,3, 807,1
366,2, 808,4
371,9, 808,3
380,7, 826,1
378,0, 819,6
394,4, 820,4
403,2, 838,2
396,8, 825,5
307,5, 844,1
307,0, 835,5
143,4, 790,4
129,4, 796,2
87,9, 785,1
98,3, 816,5
90,5, 803,2
99,1, 821,9
143,2, 826,2
141,0, 832,8
140,7, 825,6
162,8, 855,8
185,9, 845,8
191,5, 851,5
184,8, 851,2
172,1, 876,4
175,5, 863,5
173,9, 877,2
179,8, 869,4
186,5, 858,5
171,3, 875,5
174,4, 856,4
167,6, 856,0
151,0, 864,3
148,0, 839,8
110,0, 843,5
114,7, 829,5
122,7, 824,9
130,7, 800,5
130,4, 810,6
116,2, 792,5
116,6, 806,2
127,8, 789,3
112,3, 806,3
115,8, 787,9
104,0, 795,0
107,5, 811,6
111,3, 802,1
116,0, 806,6
132,2, 782,8
140,5, 803,0
138,9, 821,8
139,3, 798,1
135,6, 831,2
135,5, 814,7
128,8, 810,0
123,0, 789,8
115,2, 807,1
107,3, 788,7
110,5, 810,7
109,6, 788,9
109,8, 814,4
113,6, 791,2
107,9, 797,1
108,4, 831,6
118,0, 817,4
125,4, 832,8
144,7, 807,5
153,5, 815,0
151,8, 837,4
152,7, 813,8
192,8, 817,1
397,7, 921,8
781,4, 1125,2
926,8, 1207,2
1017,3, 1257,3
1062,2, 1285,0
1188,5, 1356,2
1190,2, 1356,0
1191,2, 1356,2
1181,5, 1353,4
1177,1, 1348,9
1173,9, 1343,3
1169,5, 1340,6
1126,8, 1322,2
1126,8, 1322,2
425,8, 1132,6
282,2, 1079,3
123,0, 1033,5
129,2, 1037,7
130,2, 1035,5
100,8, 1031,9
184,0, 1063,8
312,8, 1101,5
306,4, 1100,2
307,0, 1100,4
311,1, 1100,0
353,4, 1104,4
359,2, 1109,0
357,8, 1112,5
310,2, 1110,2
332,0, 1111,2
326,4, 1109,5
336,2, 1109,7
378,4, 1118,8
371,4, 1108,1
375,2, 1104,5
371,2, 1102,0
342,2, 1080,8
327,6, 1070,1
309,7, 1058,6
293,0, 1046,0
203,8, 983,4
175,5, 956,9
112,3, 907,4
131,0, 927,1
121,5, 919,2
131,6, 929,0
105,3, 909,1
117,2, 920,3
114,1, 919,8
95,5, 906,4
86,0, 892,9
83,9, 900,4
74,7, 883,7
83,9, 899,6
79,0, 884,9
81,0, 896,7
69,4, 912,9
66,4, 901,0
58,5, 899,7
52,1, 874,3
86,8, 865,3
233,3, 832,6
290,4, 851,1
416,7, 848,9
459,1, 834,5
465,5, 831,0
567,2, 819,6
561,3, 832,7
551,8, 834,4
540,5, 828,8
535,4, 831,7
534,6, 820,0
535,2, 826,9
530,2, 824,9
524,2, 815,6
517,6, 813,6
513,2, 810,7
507,7, 807,1
494,4, 797,8
490,0, 798,5
488,8, 799,2
489,2, 798,3
478,3, 798,6
474,7, 792,4
462,6, 768,6
451,4, 774,7
449,6, 769,0
288,4, 722,7
227,3, 713,6
217,2, 724,0
208,6, 726,1
259,3, 807,8
251,4, 771,0
236,5, 777,0
240,0, 748,0
242,4, 742,4
244,4, 778,3
243,1, 766,9
246,1, 768,6
248,5, 750,0
272,7, 749,1
278,9, 776,1
286,5, 771,8
288,1, 785,3
303,2, 772,0
266,2, 748,3
271,6, 739,3
289,0, 721,4
302,4, 690,1
298,9, 687,4
256,0, 639,9
178,8, 607,4
115,3, 547,5
150,8, 538,5
176,1, 491,5
126,0, 464,6
127,6, 453,6
127,3, 435,2
118,6, 440,4
159,9, 442,5
113,7, 468,4
117,7, 471,4
141,6, 532,5
193,2, 546,1
178,8, 540,8
227,2, 496,5
210,5, 507,4
215,8, 518,0
187,5, 503,5
203,9, 515,3
281,3, 561,3
291,6, 589,8
328,3, 603,8
336,4, 614,9
332,3, 614,8
384,6, 625,0
402,6, 620,5
400,4, 615,3
387,0, 589,8
378,0, 606,6
373,9, 611,0
348,9, 621,6
335,0, 621,3
270,7, 620,0
301,1, 635,4
257,0, 679,7
254,3, 701,6
258,8, 703,2
287,0, 706,8
361,0, 718,7
346,1, 715,3
337,6, 725,7
419,5, 761,1
434,1, 766,3
440,9, 769,5
380,5, 789,1
378,0, 790,0
390,4, 790,7
434,4, 790,4
624,7, 810,6
702,1, 812,8
747,6, 806,3
778,5, 796,5
828,0, 781,7
822,4, 731,8
819,4, 737,9
712,4, 617,8
679,9, 570,5
698,0, 527,1
731,9, 487,8
824,5, 450,5
872,7, 423,6
1001,6, 375,0
1094,0, 343,3
1184,3, 312,8
1193,1, 310,9
1217,5, 307,0
1238,5, 298,7
1255,7, 295,7
1264,5, 296,0
1279,8, 297,8
1287,7, 298,4
1298,8, 297,9
1339,7, 287,9
1353,4, 284,3
1367,5, 267,3
1373,7, 256,9
1383,2, 238,0
1385,8, 231,3
1393,1, 212,9
1405,5, 182,8
1404,8, 187,1
1431,5, 171,1
1440,1, 143,5
1417,2, 155,4
1291,7, 214,0
1152,5, 339,8
1094,0, 406,1
1028,5, 471,8
1010,2, 518,3
993,7, 558,6
1008,5, 570,2
1002,0, 561,0
1009,0, 568,7
1008,8, 567,8
1007,2, 561,3
1001,3, 554,1
1001,8, 549,1
1002,4, 549,9
1003,0, 547,1
1002,0, 548,6
1006,5, 554,3
1007,2, 559,7
1007,5, 561,4
1008,2, 561,1
1007,7, 562,5
1016,6, 560,0
1001,9, 559,1
705,9, 479,2
-249,0, 263,3
-235,9, 321,2
-196,9, 345,7
-175,0, 343,3
-173,7, 343,3
-348,8, 178,9
-320,3, 204,0
-247,9, 288,3
-248,3, 286,8
-251,5, 279,5
-231,3, 301,9
-230,6, 306,6
-229,6, 308,3
-228,0, 307,3
-239,5, 303,1
-258,2, 276,7
-260,8, 267,6
-262,1, 263,1
-224,1, 287,8
-194,5, 309,2
-189,8, 305,7
-163,3, 323,4
-134,4, 345,9
-49,3, 476,4
27,8, 537,2
61,3, 569,7
131,9, 621,3
152,2, 635,3
165,8, 640,1
186,0, 648,3
185,2, 648,2
177,4, 655,1
178,5, 656,6
178,8, 650,3
178,5, 645,9
168,7, 651,7
171,5, 642,7
166,0, 642,3
165,5, 642,2
165,3, 639,8
163,7, 640,1
222,2, 681,2
220,6, 688,4
328,6, 771,7
358,7, 680,1
348,7, 751,4
366,7, 717,9
347,2, 765,0
307,2, 717,4
319,7, 646,5
292,6, 669,4
275,6, 705,1
263,9, 775,4
275,3, 815,2
287,7, 842,1
313,8, 856,5
356,5, 852,4
335,7, 860,5
345,6, 857,7
350,6, 858,1
318,0, 875,7
325,5, 872,3
323,4, 874,0
336,0, 866,5
305,3, 876,8
302,9, 871,9
266,0, 878,2
210,1, 885,3
224,9, 878,1
216,8, 877,6
214,4, 862,8
113,4, 829,8
128,2, 814,7
89,2, 798,8
99,4, 787,4
68,0, 745,0
40,1, 762,0
38,9, 761,1
45,7, 760,6
72,9, 759,4
65,1, 765,8
116,3, 756,9
234,1, 796,3
324,7, 820,0
344,3, 822,4
379,5, 830,9
390,6, 830,8
415,4, 815,4
407,8, 824,9
410,4, 813,6
403,6, 788,7
365,9, 792,7
363,8, 792,2
369,7, 789,9
367,5, 794,1
376,6, 794,7
385,6, 802,9
401,5, 804,1
399,7, 809,4
388,6, 816,4
387,6, 818,4
411,3, 820,9
409,2, 821,5
413,8, 827,2
413,1, 823,2
415,5, 823,3
423,8, 821,1
428,7, 819,8
432,5, 822,0
440,0, 824,8
439,7, 824,6
453,0, 831,3
449,5, 829,2
451,0, 829,7
449,0, 827,3
448,0, 827,1
446,5, 825,6
447,1, 822,5
109,9, 772,7
150,1, 781,7
202,1, 797,4
431,3, 908,6
606,4, 994,6
662,1, 1026,1
679,7, 1039,7
651,7, 1043,9
644,7, 1042,8
673,2, 1055,5
694,7, 1058,6
688,8, 1056,4
690,9, 1055,7
677,3, 1047,4
674,9, 1056,7
691,4, 1073,1
689,6, 1075,4
682,9, 1071,3
672,6, 1065,8
671,8, 1064,4
700,1, 1041,5
693,0, 1045,1
678,7, 1044,5
660,4, 1031,6
650,7, 1034,5
645,3, 1031,7
650,7, 1037,1
706,5, 1036,7
687,7, 1040,9
1310,4, 1339,6
1364,7, 1364,6
1396,8, 1379,0
1407,3, 1384,7
1425,2, 1394,1
1486,5, 1425,2
1479,4, 1424,2
1475,4, 1424,2
1473,2, 1424,7
1468,3, 1430,1
1469,2, 1429,6
1479,0, 1426,4
1517,5, 1413,7
1530,2, 1413,8
1575,1, 1413,9
1655,9, 1422,8
1656,2, 1427,9
1707,6, 1441,8
1705,5, 1447,5
1713,2, 1447,3
1713,4, 1444,8
1703,7, 1434,3
1703,8, 1437,7
1705,5, 1439,0
1705,1, 1438,8
1700,3, 1436,7
1697,3, 1437,9
1688,0, 1430,5
1690,7, 1433,9
1706,9, 1432,6
1721,8, 1433,6
1720,6, 1433,2
1721,6, 1432,1
1712,9, 1429,0
1721,6, 1433,5
1731,1, 1432,7
1731,6, 1432,1
1758,7, 1455,5
1763,9, 1456,1
1764,8, 1456,9
1761,0, 1451,0
1754,5, 1448,1
1752,2, 1447,1
1747,8, 1445,2
1741,3, 1444,5
1735,1, 1443,1
1747,4, 1438,5
1739,5, 1433,7
1765,9, 1416,1
1755,9, 1413,0
1663,8, 1383,7
1663,5, 1382,8
1747,0, 1367,1
1492,2, 1294,4
400,6, 966,0
371,8, 967,3
278,7, 936,3
265,3, 933,2
215,3, 914,1
200,9, 908,8
166,3, 890,7
210,2, 915,9
194,8, 933,4
192,8, 934,1
139,9, 916,4
133,4, 912,8
158,7, 910,1
166,6, 918,2
189,3, 923,0
86,6, 1177,7
16,6, 1230,7
46,6, 1270,4
31,9, 1285,8
22,3, 1287,8
90,9, 1331,9
110,6, 1348,9
93,2, 1362,2
109,2, 1363,6
114,6, 1365,8
125,1, 1363,4
117,5, 1362,7
156,2, 1364,7
193,4, 1351,1
177,5, 1360,3
189,8, 1358,4
204,1, 1351,4
221,1, 1339,5
194,8, 1354,6
140,7, 1368,0
152,9, 1365,1
188,0, 1357,1
147,0, 1365,0
133,6, 1368,1
157,8, 1363,5
128,7, 1375,8
162,8, 1369,4
130,9, 1374,6
150,6, 1364,1
137,6, 1337,0
80,8, 1329,9
62,9, 1318,0
82,8, 1316,6
50,2, 1319,5
71,5, 1314,0
60,1, 1311,2
91,6, 1302,5
94,3, 1302,0
45,5, 1312,5
52,0, 1312,9
75,7, 1310,0
55,8, 1314,6
61,2, 1315,7
111,9, 1310,0
69,2, 1328,6
107,0, 1322,9
75,9, 1333,6
113,0, 1324,9
94,1, 1328,8
114,6, 1319,4
128,5, 1302,3
88,0, 1315,8
97,1, 1312,9
94,8, 1312,8
45,2, 1334,0
50,3, 1333,8
74,5, 1333,5
81,8, 1333,5
96,1, 1332,2
122,8, 1338,6
145,6, 1332,7
127,1, 1336,3
177,0, 1325,5
132,5, 1332,2
179,2, 1323,4
126,9, 1330,6
97,1, 1338,8
135,5, 1328,9
110,7, 1332,7
116,6, 1324,7
147,8, 1320,2
122,8, 1322,6
65,8, 1329,4
95,4, 1324,0
24,9, 1327,4
76,7, 1323,6
75,0, 1320,2
79,0, 1316,6
28,9, 1315,1
62,7, 1310,2
30,6, 1313,2
70,7, 1309,6
36,4, 1313,7
52,6, 1307,0
23,8, 1299,1
136,1, 1258,1
261,7, 1214,1
335,8, 1185,2
379,5, 1180,4
400,4, 1178,4
419,6, 1185,5
439,3, 1183,5
566,5, 1181,7
539,4, 1180,7
463,1, 1170,3
450,9, 1167,3
434,0, 1167,2
186,0, 1231,1
145,5, 1240,1
93,8, 1249,8
55,4, 1259,0
56,7, 1263,2
23,2, 1270,7
0,0, 1274,6
6,1, 1270,4
54,3, 1269,5
60,5, 1266,2
87,4, 1241,6
161,6, 1163,7
291,2, 1042,8
417,1, 955,9
409,9, 960,7
403,2, 963,1
644,6, 799,1
641,6, 801,9
642,5, 799,4
623,6, 799,3
621,6, 799,7
625,3, 798,2
623,1, 798,7
634,9, 789,4
639,9, 786,6
649,7, 767,9
649,3, 765,4
653,4, 763,7
659,8, 762,5
654,9, 755,3
640,4, 742,9
598,3, 706,8
243,5, 353,4
303,1, 432,0
291,8, 433,5
114,7, 244,4
92,8, 204,2
64,0, 203,7
-9,6, 125,4
1,7, 161,1
86,3, 237,4
18,6, 212,0
146,6, 218,2
188,3, 220,7
192,3, 149,2
227,6, 201,0
223,8, 204,5
117,5, 196,2
117,5, 196,2
57,7, 173,0
371,5, 288,2
144,7, 196,2
261,5, 275,1
133,8, 217,8
256,4, 222,0
168,0, 180,0
-119,5, 42,9
-144,1, 23,3
-162,8, -15,5
-163,1, -15,2
114,9, 136,8
-186,5, -22,4
-210,5, -52,2
-217,2, -63,2
197,3, 336,1
284,6, 328,9
171,7, 265,5
262,0, 336,7
321,3, 460,8
240,4, 804,2
303,8, 1134,1
387,1, 1213,9
434,2, 1306,0
376,0, 1332,5
352,4, 1332,9
301,5, 1327,1
304,9, 1329,0
309,4, 1327,2
312,5, 1325,7
316,3, 1319,3
328,4, 1319,5
321,1, 1322,7
284,6, 1315,9
176,2, 1304,8
209,8, 1313,2
182,5, 1303,7
214,9, 1303,1
209,9, 1303,0
201,4, 1299,5
211,3, 1303,7
219,8, 1301,4
248,1, 1287,3
231,3, 1286,0
222,0, 1261,5
200,5, 1139,0
191,2, 1107,3
191,1, 1058,3
184,7, 941,1
206,8, 913,9
224,7, 884,2
245,2, 897,9
258,4, 897,3
279,7, 892,0
277,7, 888,3
277,2, 896,9
299,9, 916,1
295,7, 908,5
305,8, 907,4
293,8, 881,4
296,3, 882,1
285,8, 898,7
283,3, 887,1
237,7, 951,0
227,6, 970,3
214,8, 997,8
198,6, 1034,0
179,4, 1062,6
148,0, 1124,6
135,6, 1112,1
119,5, 1107,1
124,7, 1107,8
131,5, 1110,4
174,2, 1121,4
204,6, 1147,1
206,3, 1144,4
222,8, 1142,2
223,2, 1140,6
226,2, 1172,5
228,9, 1162,0
238,2, 1136,4
232,6, 1161,2
214,6, 1178,0
194,1, 1216,2
183,3, 1263,3
174,7, 1275,8
177,4, 1287,4
186,7, 1283,3
198,1, 1289,4
199,9, 1304,7
196,7, 1289,1
218,8, 1271,0
212,6, 1277,6
212,2, 1270,1
214,1, 1268,6
214,7, 1267,5
214,1, 1273,6
220,5, 1298,3
225,1, 1288,8
228,2, 1284,0
221,8, 1298,1
220,5, 1293,3
219,8, 1289,1
211,7, 1273,1
204,1, 1267,1
201,6, 1282,6
202,8, 1282,6
223,1, 1275,8
219,7, 1291,9
218,5, 1296,0
218,4, 1293,7
208,9, 1312,8
215,2, 1301,6
212,9, 1306,1
210,1, 1312,2
202,1, 1314,6
209,5, 1316,7
214,9, 1334,4
217,3, 1345,5
238,7, 1396,7
235,7, 1395,0
233,8, 1420,4
238,2, 1417,9
240,9, 1417,8
224,5, 1422,4
218,6, 1415,3
232,4, 1390,3
225,0, 1401,4
217,7, 1395,5
216,4, 1388,6
193,2, 1411,1
186,0, 1418,0
180,1, 1415,4
187,5, 1403,6
205,3, 1404,8
300,2, 1363,4
457,1, 1325,3
817,3, 1247,4
2969,0, 1054,9
2976,1, 1037,9
3008,7, 1014,8
3026,2, 979,3
2959,4, 788,4
2959,8, 808,1
2952,9, 788,9
2975,6, 848,8
3016,7, 938,5
3059,7, 964,2
3065,4, 968,4
3120,9, 920,9
3144,2, 880,5
3128,2, 894,4
3130,3, 903,3
3130,2, 902,9
3103,9, 901,3
3039,6, 773,6
2782,5, 759,6
2808,3, 758,5
2814,5, 682,8
2796,8, 692,3
2792,9, 680,7
2807,2, 645,6
2804,3, 645,3
2809,5, 637,1
2812,5, 628,2
2821,2, 621,3
2815,3, 626,3
2760,4, 517,3
2768,1, 491,0
2761,7, 475,2
2747,2, 469,0
2757,4, 464,3
2765,0, 461,2
2760,9, 467,1
2771,7, 463,1
2762,9, 466,1
2769,7, 465,0
2788,8, 443,2
2782,7, 451,5
2781,2, 455,1
2781,5, 454,5
2745,4, 468,2
2743,8, 468,3
2757,1, 464,3
2765,3, 459,3
2769,1, 451,9
2788,6, 408,8
2767,5, 396,8
2728,9, 386,1
2208,3, 408,0
1244,8, 473,1
906,3, 517,2
589,8, 515,7
175,8, 528,0
127,1, 527,0
93,6, 525,3
78,9, 521,4
38,7, 517,2
34,1, 516,5
94,4, 543,0
228,1, 664,1
227,9, 666,4
275,2, 666,2
301,4, 680,9
295,9, 684,5
291,5, 680,8
331,2, 690,2
327,8, 676,7
332,3, 666,5
337,6, 671,8
334,2, 663,2
330,3, 650,2
338,4, 662,5
342,7, 651,8
358,8, 645,2
366,0, 645,5
383,2, 661,0
384,6, 652,1
420,9, 643,1
423,1, 670,4
423,8, 658,0
425,0, 641,9
424,7, 640,5
427,9, 649,7
428,3, 655,4
429,7, 655,4
398,8, 633,2
331,7, 594,5
214,2, 521,0
159,6, 390,5
121,1, 359,9
67,0, 324,1
121,4, 332,9
42,3, 314,1
100,3, 375,0
117,4, 405,6
148,9, 424,6
106,2, 438,0
144,6, 452,6
106,7, 445,4
172,4, 462,4
136,6, 461,6
166,8, 464,3
134,4, 465,8
212,4, 467,5
287,8, 490,6
284,2, 490,5
281,5, 504,3
225,4, 499,4
252,2, 509,5
303,3, 529,9
296,2, 554,3
284,3, 557,2
283,9, 553,8
286,3, 543,7
288,0, 547,0
290,0, 548,4
270,3, 573,6
207,3, 627,7
214,4, 638,1
263,4, 650,7
247,7, 648,2
291,7, 645,1
244,1, 636,5
273,5, 641,4
222,7, 626,2
256,8, 631,8
203,1, 614,3
233,9, 610,0
209,7, 602,3
130,6, 569,0
139,9, 570,4
130,5, 567,3
174,2, 572,9
146,6, 566,2
96,1, 559,1
140,3, 565,5
104,9, 561,9
146,1, 574,3
151,4, 582,4
201,8, 598,6
166,4, 598,2
209,2, 603,9
164,5, 591,4
209,2, 604,7
165,8, 596,1
208,3, 617,1
187,0, 610,7
118,4, 578,2
139,0, 584,4
122,0, 583,6
165,5, 593,1
153,0, 586,5
123,6, 571,3
124,2, 568,9
130,3, 570,5
130,0, 569,9
134,8, 564,3
142,2, 559,2
153,8, 525,7
187,8, 502,2
185,0, 530,9
245,1, 593,8
318,6, 667,9
295,7, 639,4
762,4, 916,9
919,9, 999,9
963,5, 1019,1
1069,5, 1072,6
1076,4, 1073,3
1200,8, 1091,2
1213,5, 1093,8
1185,7, 1072,5
1192,8, 1075,2
1195,3, 1072,4
1187,0, 1063,3
1185,2, 1064,2
1195,0, 1064,4
1203,6, 1065,5
1200,2, 1064,6
1209,7, 1064,3
1205,1, 1064,3
1209,1, 1063,4
1203,2, 1060,1
1207,4, 1057,2
1344,3, 1072,3
1398,1, 1076,8
1426,4, 1077,6
1519,5, 1085,2
1984,2, 1187,4
2185,3, 1223,1
2816,8, 1347,6
3037,6, 1388,8
3168,5, 1411,9
3192,9, 1409,8
3285,4, 1415,2
3268,1, 1401,1
3261,4, 1395,1
3252,9, 1385,8
3260,6, 1381,8
3276,6, 1383,2
3314,1, 1380,1
3312,7, 1379,0
3323,0, 1380,3
3310,2, 1383,5
3284,3, 1384,1
3275,2, 1381,8
3221,3, 1393,3
3246,4, 1382,9
3247,6, 1381,1
470,7, 963,5
476,8, 977,7
464,5, 974,4
469,7, 971,9
468,5, 970,1
469,5, 969,8
464,1, 968,5
463,1, 968,7
375,1, 941,9
393,3, 947,9
400,8, 951,4
423,3, 989,9
312,4, 1031,0
393,1, 998,4
296,5, 1054,3
191,1, 1145,7
153,2, 1231,5
126,4, 1271,8
121,4, 1267,3
120,0, 1265,0
122,0, 1259,2
157,3, 1311,9
177,8, 1309,2
186,6, 1287,6
236,1, 1206,6
204,7, 1275,4
294,7, 1140,6
290,1, 1165,9
271,2, 1211,3
259,6, 1246,5
233,9, 1315,5
223,5, 1328,8
218,4, 1331,5
217,2, 1331,6
271,0, 1245,5
292,3, 1211,3
276,7, 1252,2
299,8, 1212,8
307,5, 1199,9
324,2, 1145,9
294,2, 1187,7
254,2, 1191,7
206,1, 1219,6
206,1, 1217,4
125,8, 1298,9
127,4, 1305,7
127,2, 1305,7
135,1, 1307,7
137,4, 1337,1
137,2, 1333,6
118,5, 1305,8
89,1, 1287,0
70,0, 1275,6
211,5, 1303,9
152,9, 1286,0
201,5, 1299,1
128,8, 1275,4
153,5, 1285,8
166,0, 1286,8
196,6, 1312,0
198,1, 1317,7
168,1, 1370,7
165,4, 1437,8
168,7, 1403,3
176,8, 1445,5
168,4, 1451,0
168,6, 1456,2
157,8, 1465,6
163,9, 1461,8
163,0, 1457,8
167,5, 1455,0
172,1, 1446,1
180,6, 1443,3
182,7, 1437,3
185,3, 1432,3
182,8, 1439,8
181,6, 1440,1
180,6, 1441,2
164,8, 1455,2
163,5, 1456,4
166,4, 1452,8
166,6, 1458,2
173,4, 1453,7
180,8, 1455,9
180,4, 1463,7
186,6, 1464,3
186,4, 1466,6
180,9, 1446,7
181,4, 1445,5
174,5, 1456,6
177,0, 1455,3
178,5, 1460,9
178,2, 1452,7
175,7, 1451,9
165,3, 1463,5
164,3, 1464,7
167,6, 1458,8
162,8, 1462,3
165,7, 1458,7
165,8, 1458,7
176,2, 1442,4
168,6, 1443,6
162,6, 1449,5
157,9, 1455,1
169,3, 1447,2
161,0, 1455,4
155,1, 1458,9
180,1, 1438,2
177,0, 1440,4
176,9, 1438,8
182,4, 1444,9
181,0, 1441,0
181,4, 1438,8
173,5, 1451,1
175,6, 1442,8
175,7, 1435,6
171,4, 1443,1
172,7, 1441,2
171,6, 1437,8
176,3, 1424,9
175,0, 1420,3
185,5, 1408,3
221,4, 1385,1
387,1, 1310,6
520,9, 1250,8
596,9, 1217,6
609,4, 1187,0
609,0, 1187,4
608,7, 1186,5
611,4, 1191,2
608,8, 1177,5
-96,3, 55,9
-100,6, 42,3
-100,6, 42,3
-188,3, -53,5
-189,3, -54,6
-173,9, -36,5
-82,9, 64,2
129,8, 297,8
241,3, 388,1
247,9, 392,4
260,8, 399,5
340,7, 451,6
337,7, 452,2
344,9, 502,6
346,2, 489,3
390,3, 601,1
440,6, 689,5
407,0, 750,4
416,5, 755,5
419,7, 759,6
418,5, 759,3
439,1, 754,1
414,3, 753,9
428,5, 745,6
427,8, 741,7
406,4, 732,0
418,1, 734,9
410,5, 731,3
418,3, 731,8
430,0, 725,4
364,2, 714,2
376,1, 713,6
373,3, 712,0
392,3, 710,9
422,1, 691,8
431,4, 664,7
431,3, 662,1
424,7, 647,0
424,8, 649,0
-110,2, -171,7
-87,1, -136,2
-127,4, -198,1
-91,8, -155,4
118,8, 91,8
363,1, 374,0
382,6, 396,1
383,6, 392,5
380,3, 298,0
377,7, 242,9
371,3, 234,8
340,7, 200,3
343,3, 250,1
338,0, 237,1
360,8, 225,0
307,4, 233,0
373,8, 296,7
353,3, 291,3
376,0, 301,3
329,1, 283,3
385,4, 299,8
416,8, 317,1
391,8, 308,0
394,3, 316,4
323,9, 294,7
332,1, 272,7
331,2, 263,4
333,8, 241,0
353,7, 259,9
355,6, 281,6
342,6, 465,7
382,3, 455,6
394,1, 530,0
474,7, 941,9
452,7, 934,4
444,5, 933,0
434,5, 917,1
433,3, 921,2
454,9, 918,1
455,4, 918,7
481,2, 919,1
482,1, 920,2
515,6, 923,9
513,5, 923,2
494,2, 917,8
573,7, 920,5
565,1, 919,3
508,9, 908,1
519,8, 901,8
470,3, 895,9
470,2, 885,0
453,3, 878,3
445,8, 877,5
428,5, 851,1
414,5, 850,5
419,9, 848,3
381,2, 837,8
327,1, 828,2
325,7, 827,8
187,7, 875,0
167,6, 863,3
155,5, 862,0
148,2, 865,3
175,4, 895,6
192,6, 896,4
262,0, 963,8
255,4, 957,2
274,8, 978,8
259,7, 960,1
279,1, 973,6
267,1, 958,9
294,8, 980,9
306,3, 976,5
303,1, 944,6
313,9, 964,9
321,3, 985,7
300,4, 957,1
310,3, 984,5
312,4, 991,6
309,9, 994,4
320,7, 1013,5
312,3, 991,7
327,0, 1002,7
314,1, 980,9
310,3, 971,8
313,1, 998,6
311,1, 992,2
304,5, 995,2
304,7, 991,8
258,0, 949,6
237,5, 946,2
234,3, 945,5
222,7, 952,2
214,4, 934,4
197,1, 930,7
197,7, 972,9
197,0, 953,9
216,0, 972,3
205,6, 942,3
209,3, 949,1
213,6, 969,7
205,4, 930,7
215,7, 979,0
206,4, 952,1
195,6, 945,8
180,5, 921,0
171,4, 943,5
152,5, 918,2
151,5, 934,6
135,6, 910,9
134,2, 912,1
126,8, 885,8
126,3, 885,5
130,1, 902,1
120,3, 884,1
125,7, 901,8
109,6, 869,0
113,7, 876,8
128,0, 900,1
113,1, 864,5
121,7, 888,5
107,8, 860,3
94,8, 839,9
98,2, 845,7
115,6, 876,0
111,1, 867,5
122,3, 874,9
116,1, 856,5
112,6, 836,7
104,7, 810,9
119,6, 837,9
141,2, 850,0
134,3, 838,6
137,0, 835,6
121,5, 801,2
156,8, 785,8
503,6, 983,9
669,7, 1051,6
799,4, 1112,1
956,7, 1170,6
1101,6, 1214,2
1163,3, 1229,8
1497,3, 1333,1
1586,6, 1346,9
1626,1, 1355,2
1697,6, 1334,4
1691,3, 1337,5
1699,7, 1364,1
1702,4, 1363,1
1731,6, 1373,1
1725,8, 1375,8
1801,5, 1394,8
1807,2, 1398,4
1809,4, 1404,1
1854,3, 1420,9
1856,5, 1426,5
1858,6, 1426,7
1873,0, 1424,0
1875,3, 1422,3
1850,3, 1420,4
1843,6, 1419,9
1806,3, 1422,6
1788,2, 1424,0
1744,4, 1427,4
1723,1, 1429,9
1725,5, 1427,9
1725,7, 1428,3
1728,1, 1428,4
1740,3, 1438,7
1704,6, 1417,7
1663,7, 1429,9
1660,1, 1431,2
1658,8, 1434,7
1666,3, 1428,8
1690,9, 1425,4
1690,1, 1425,5
1692,7, 1423,6
1717,2, 1422,5
1758,1, 1431,8
1741,1, 1434,6
1727,0, 1417,8
1139,3, 1053,6
1132,8, 1058,8
1049,2, 1002,0
483,5, 611,3
281,8, 471,9
-41,1, 248,9
-72,0, 235,6
7,6, 312,9
19,7, 334,9
88,9, 419,9
208,2, 483,5
224,8, 523,8
307,6, 547,0
277,2, 542,0
241,0, 524,2
258,5, 536,6
245,5, 518,6
234,1, 510,5
355,3, 557,8
343,3, 600,4
355,4, 612,3
358,8, 619,4
384,5, 628,0
406,4, 641,5
356,9, 634,1
410,7, 679,5
346,8, 639,5
387,9, 660,9
383,8, 648,9
426,4, 663,0
370,6, 629,3
399,3, 639,7
223,9, 522,6
245,7, 527,6
215,5, 509,4
262,1, 531,8
216,5, 504,4
136,0, 445,8
169,8, 457,4
163,4, 433,8
40,1, 240,9
123,0, 231,6
88,7, 204,6
178,6, 102,2
-8,6, 49,0
226,7, 113,6
138,3, 88,4
202,6, 102,8
224,7, 111,6
224,0, 150,9
222,8, 180,2
220,7, 208,3
248,9, 227,4
254,8, 223,6
257,5, 293,5
257,8, 300,8
258,2, 320,7
258,0, 333,7
252,3, 370,3
235,2, 364,3
229,5, 341,8
220,0, 328,2
214,7, 319,7
212,4, 313,5
191,7, 285,5
210,7, 307,3
213,2, 311,9
206,4, 307,4
204,9, 305,8
210,3, 308,7
210,0, 308,3
204,6, 299,9
208,0, 298,2
200,2, 243,1
193,6, 181,3
193,6, 181,0
209,9, 232,4
195,1, 234,3
187,2, 235,3
179,9, 235,7
151,3, 216,1
-357,2, -20,2
-51,4, 104,9
-64,8, 116,4
-43,3, 123,4
152,0, 234,1
87,9, 202,8
113,5, 227,1
-25,8, 154,5
7,9, 183,6
112,3, 236,8
117,4, 221,6
121,3, 216,0
132,9, 235,3
141,8, 246,8
144,6, 245,8
150,1, 258,7
153,1, 258,4
161,7, 262,8
178,5, 288,9
186,8, 299,3
203,1, 315,6
216,5, 333,1
204,1, 323,3
145,0, 274,4
-30,5, 166,7
74,3, 244,9
-22,2, 181,3
-27,9, 172,5
-20,7, 177,6
89,5, 238,2
132,8, 258,7
12,2, 188,9
111,2, 242,9
79,0, 225,3
70,9, 215,0
-61,8, 139,7
55,9, 219,1
156,2, 279,2
184,9, 317,7
187,0, 329,3
153,3, 297,6
132,5, 278,2
83,9, 233,8
82,1, 206,4
102,0, 208,6
101,8, 186,4
47,7, 60,3
55,6, 64,2
61,7, 46,1
65,8, 46,9
1,3, -5,0
-308,0, -49,3
-332,9, -248,4
-259,3, -101,6
-187,2, 37,7
-157,1, 55,9
-169,2, 59,6
-86,8, 107,8
-88,7, 105,6
-4,4, 167,0
-45,8, 151,9
0,8, 154,8
116,9, 170,8
1149,4, 1319,8
1125,2, 1168,1
1078,8, 1175,5
1084,1, 1198,3
1094,8, 1199,0
1072,2, 1201,6
1077,6, 1198,7
1063,3, 1192,2
1002,1, 1171,4
997,5, 1169,3
1014,9, 1176,4
1072,9, 1195,9
1210,6, 1248,0
1307,4, 1322,9
1342,3, 1350,7
1404,3, 1395,0
1413,4, 1404,0
1416,7, 1422,4
1412,9, 1420,8
1407,5, 1414,4
1407,5, 1414,1
1408,3, 1416,4
1411,1, 1417,5
1409,3, 1421,9
1404,7, 1419,5
1413,7, 1423,1
1416,3, 1424,0
1418,7, 1426,7
1420,6, 1428,9
1410,3, 1428,0
1401,6, 1415,7
1400,8, 1414,0
1379,3, 1404,9
1384,6, 1400,2
1393,6, 1389,2
1406,5, 1398,8
1400,7, 1394,9
1400,1, 1395,8
1398,0, 1395,5
1391,2, 1393,9
1391,4, 1393,3
1401,2, 1400,3
1406,6, 1404,5
1411,2, 1406,3
1409,1, 1401,9
1411,0, 1380,8
1398,0, 1385,0
1463,7, 1397,0
1608,8, 1427,5
1595,1, 1416,1
1612,3, 1399,0
1627,0, 1388,4
1643,9, 1385,6
1659,3, 1410,3
1660,4, 1411,4
1661,1, 1411,5
1673,3, 1404,4
1666,8, 1413,2
1675,6, 1416,2
1697,5, 1427,3
1705,3, 1430,7
1696,9, 1431,0
1674,8, 1428,5
1674,2, 1427,7
1675,5, 1424,3
1679,1, 1424,1
1679,7, 1421,1
1685,3, 1421,3
1693,0, 1425,8
1700,4, 1438,0
1698,3, 1434,1
1705,1, 1435,1
1704,9, 1433,3
1701,8, 1432,9
1696,5, 1432,2
1672,5, 1423,7
1672,2, 1423,7
1522,0, 1375,3
1326,8, 1308,3
1236,5, 1268,4
1181,0, 1244,7
1192,2, 1249,6
1002,8, 1167,9
870,1, 1118,2
877,2, 1113,7
877,2, 1117,0
874,9, 1129,7
833,9, 1129,4
828,8, 1123,4
331,1, 953,4
18,4, 831,1
-2,5, 826,5
-43,0, 805,5
-79,3, 785,3
-63,8, 796,1
-34,7, 794,4
-32,0, 793,7
3,9, 809,6
39,6, 817,1
82,3, 832,7
96,2, 840,9
99,6, 833,8
69,6, 742,3
71,1, 695,3
112,4, 705,5
129,0, 734,3
260,3, 746,4
255,3, 748,3
279,0, 760,7
218,1, 708,4
172,9, 689,0
168,8, 680,4
64,0, 598,1
-44,5, 578,7
-50,0, 577,2
-58,7, 559,9
51,4, 565,7
80,4, 583,3
12,0, 579,0
21,2, 584,4
-2,4, 583,7
81,0, 572,9
71,8, 586,5
134,7, 686,6
177,0, 684,7
232,2, 734,9
247,6, 741,8
281,4, 854,4
323,9, 880,1
271,6, 900,9
281,1, 890,1
277,6, 902,0
293,5, 887,9
253,2, 884,2
255,4, 868,5
234,9, 873,4
159,7, 863,0
176,6, 861,1
152,1, 842,1
161,7, 824,6
157,0, 821,2
125,1, 832,4
151,0, 818,1
108,5, 805,5
132,6, 800,9
117,7, 801,4
138,2, 791,5
110,4, 796,5
134,2, 788,2
264,3, 813,3
339,8, 832,5
763,4, 975,4
797,2, 989,4
1066,0, 1107,9
1212,7, 1169,2
1315,9, 1211,6
1479,9, 1281,9
1541,3, 1297,7
1648,7, 1328,1
1678,8, 1334,3
1684,4, 1334,4
1687,5, 1329,3
1690,9, 1327,2
1690,3, 1328,5
1714,5, 1397,8
1713,0, 1388,4
1724,4, 1388,9
1730,2, 1394,4
1729,2, 1404,6
1727,2, 1414,0
1727,6, 1415,8
1732,5, 1404,4
1726,9, 1401,5
1725,0, 1406,0
1724,9, 1409,0
1721,1, 1416,6
1724,8, 1411,6
1731,9, 1409,0
1727,3, 1412,1
1729,0, 1415,2
1738,2, 1422,4
1755,4, 1437,4
1759,0, 1439,8
1760,5, 1434,8
1757,3, 1430,4
1743,1, 1426,5
1742,8, 1415,7
1742,2, 1419,5
1763,2, 1441,1
1756,2, 1438,0
1761,9, 1451,8
1751,4, 1447,0
1755,3, 1451,2
1749,9, 1448,8
1735,2, 1442,2
1727,6, 1437,1
1730,8, 1435,7
1745,6, 1444,4
1740,7, 1441,2
1754,1, 1450,4
1757,4, 1450,8
1759,0, 1448,0
1752,0, 1445,9
1743,2, 1443,0
1743,2, 1440,4
1732,2, 1433,0
1728,6, 1440,9
1727,1, 1443,1
1721,2, 1442,4
1719,6, 1443,2
1718,2, 1443,6
1707,6, 1446,6
1704,1, 1447,7
1706,2, 1444,3
1703,7, 1442,4
1712,8, 1445,9
1713,8, 1446,6
1715,6, 1446,2
1718,2, 1446,0
1716,9, 1437,2
1719,0, 1441,9
1708,9, 1436,0
1709,0, 1435,4
1701,3, 1426,1
1695,5, 1417,7
1697,2, 1423,4
1693,2, 1426,1
1677,2, 1418,3
1616,1, 1412,7
1455,7, 1298,2
1087,2, 1076,6
621,8, 798,3
453,1, 700,0
61,7, 483,0
61,7, 483,0
-67,6, 385,1
-94,5, 379,1
-106,3, 376,5
-101,8, 375,3
-91,9, 372,6
-201,4, -55,1
-186,9, -46,2
-174,2, -38,3
-171,9, -36,8
-212,0, -97,0
-206,5, -57,2
-195,4, -47,1
-221,6, -80,7
-231,1, -90,9
-169,5, -65,4
-169,2, -70,5
-166,6, 96,1
-226,6, 49,4
-296,9, -45,8
-319,5, -79,2
-256,9, -58,3
-261,1, -60,4
-279,3, -14,3
-243,3, 37,1
-119,3, 147,2
-73,1, 201,8
-83,2, 194,7
-93,7, 86,8
-83,5, 111,0
-73,9, 129,7
-71,4, 129,0
108,3, -18,3
28,7, -13,0
-69,0, 22,5
66,4, 209,9
46,0, 204,5
76,8, 223,2
14,3, 198,4
62,5, 222,6
24,4, 212,0
43,2, 185,1
54,5, 175,7
-45,4, 128,6
9,1, 110,6
27,7, 89,8
42,4, 78,0
55,6, 92,2
82,8, 123,5
133,9, 203,8
128,9, 201,5
131,4, 212,0
8,5, 106,2
5,2, 103,1
-72,7, 86,6
-50,4, 87,5
-35,9, 86,8
-47,2, 86,8
-65,1, 78,0
80,3, 164,4
98,7, 173,4
88,0, 146,8
81,7, 138,8
67,1, 122,8
78,3, 141,9
90,0, 166,6
88,9, 165,5
91,5, 170,0
86,4, 168,4
101,0, 177,1
127,4, 213,5
173,8, 340,2
220,0, 400,8
454,1, 635,7
540,3, 719,8
617,3, 777,4
811,7, 917,6
1238,6, 1228,7
1364,3, 1312,1
1386,5, 1302,7
1411,0, 1300,1
1463,1, 1292,7
1429,1, 1303,4
1446,0, 1301,6
1461,1, 1279,9
1478,6, 1287,2
1460,2, 1275,6
1492,1, 1285,0
1682,6, 1377,0
1697,9, 1386,2
1702,8, 1388,3
1741,4, 1406,2
1750,4, 1396,8
1752,8, 1402,4
1764,6, 1404,3
1765,8, 1409,8
1771,2, 1417,6
1775,8, 1426,1
1777,0, 1429,7
1792,1, 1431,2
1807,4, 1428,4
1814,1, 1415,2
1822,6, 1413,9
1837,0, 1407,8
1855,4, 1400,9
1852,8, 1403,5
1851,4, 1405,1
1850,7, 1405,4
1843,8, 1410,3
1843,7, 1417,1
1854,2, 1440,4
1866,3, 1442,8
1905,4, 1446,3
1896,3, 1435,2
1797,7, 1406,7
1789,6, 1413,1
1757,2, 1416,7
1730,8, 1441,4
1714,7, 1441,7
1728,4, 1434,9
1732,1, 1431,4
1734,6, 1428,9
1717,9, 1391,4
1713,0, 1385,8
1715,8, 1403,3
1688,4, 1416,6
1689,3, 1409,9
1680,3, 1414,4
1687,9, 1412,0
1688,6, 1415,4
1686,4, 1416,6
1685,4, 1421,3
1725,6, 1431,1
1737,6, 1431,0
1753,9, 1434,3
1760,2, 1434,6
1748,5, 1432,9
1741,5, 1439,1
1724,0, 1440,8
1723,2, 1439,0
1718,2, 1435,4
1709,8, 1433,8
1711,0, 1435,3
1711,6, 1442,9
1704,9, 1442,5
1700,9, 1440,6
1707,9, 1428,9
1712,9, 1425,0
1717,3, 1427,5
1740,5, 1428,2
1745,6, 1430,5
1727,8, 1423,4
1751,0, 1441,3
1736,5, 1431,1
1702,0, 1418,0
1417,9, 1288,8
1493,1, 1332,2
584,3, 1032,7
315,8, 937,8
286,2, 917,6
208,8, 888,6
208,3, 888,2
325,9, 941,8
328,0, 941,4
345,8, 944,7
353,5, 945,1
391,3, 955,1
384,1, 952,2
314,0, 916,5
312,5, 911,9
190,9, 803,0
93,5, 759,0
66,4, 739,7
52,8, 726,9
1,3, 693,5
-65,4, 636,5
-62,2, 643,1
-85,7, 626,4
-38,6, 653,3
18,4, 682,8
243,7, 806,4
254,4, 811,3
260,9, 814,3
337,8, 851,7
343,5, 877,4
359,3, 881,3
363,0, 872,2
370,0, 877,6
389,1, 877,0
404,4, 867,0
397,3, 868,8
393,0, 887,5
383,7, 887,5
384,7, 883,3
366,4, 890,3
370,8, 886,0
338,7, 896,3
364,2, 886,4
356,3, 895,5
327,9, 905,4
349,8, 904,2
302,3, 895,8
321,9, 896,4
283,4, 933,6
328,9, 898,8
330,3, 900,6
286,5, 948,1
252,1, 969,3
211,1, 993,8
201,9, 983,1
187,9, 973,5
163,2, 943,5
91,7, 893,1
114,0, 893,3
128,0, 878,4
98,5, 868,4
99,1, 858,3
111,5, 849,7
68,1, 854,9
78,4, 852,7
91,6, 868,0
121,6, 863,5
135,4, 872,2
125,3, 891,3
158,2, 911,4
152,9, 955,1
183,3, 955,1
167,2, 954,7
194,3, 951,6
171,2, 949,6
164,5, 942,5
110,6, 935,8
120,5, 935,7
89,0, 924,2
98,1, 907,3
98,8, 897,1
63,1, 901,9
73,1, 895,4
44,6, 892,7
67,8, 884,0
52,9, 883,7
71,4, 866,4
134,4, 860,2
238,8, 852,9
572,7, 850,6
2271,0, 692,1
2267,9, 681,4
2267,3, 680,0
2265,6, 681,9
2264,7, 683,2
2253,0, 700,6
2235,3, 722,0
2240,6, 727,1
2242,7, 725,3
2429,9, 654,6
2368,3, 648,4
2574,9, 674,2
2935,3, 715,7
3135,2, 802,5
3095,3, 790,3
3109,2, 811,7
3098,8, 833,1
3098,2, 869,9
3161,4, 918,4
3165,4, 922,2
3192,6, 925,2
3183,4, 927,2
3153,0, 935,3
3194,2, 923,1
3198,2, 926,7
3188,3, 897,5
3211,1, 906,4
3196,3, 898,3
3040,4, 880,5
2919,6, 847,7
1444,6, 788,5
1408,4, 791,6
34,9, 774,6
15,2, 735,4
-26,3, 718,2
1,9, 728,9
-24,6, 713,3
-49,3, 698,3
-32,9, 711,8
-93,5, 672,1
-78,6, 685,1
101,5, 777,6
202,7, 825,9
237,8, 841,6
335,4, 891,1
341,7, 896,8
342,1, 899,3
347,3, 902,3
353,1, 889,4
348,1, 904,3
299,9, 909,7
289,3, 892,5
272,8, 892,0
248,7, 865,8
188,3, 809,9
155,2, 788,3
158,2, 781,8
116,5, 812,1
96,9, 823,3
106,2, 814,4
64,1, 837,5
81,2, 826,3
78,2, 833,5
88,9, 815,7
78,8, 824,8
93,3, 812,4
74,4, 824,2
94,4, 817,5
83,3, 826,0
95,6, 819,8
83,4, 825,5
79,7, 823,7
65,5, 825,2
74,2, 828,3
90,0, 823,4
89,6, 824,0
76,0, 785,1
82,9, 776,0
62,0, 752,6
77,6, 730,6
68,3, 730,8
94,1, 711,7
80,1, 711,9
104,8, 689,4
82,3, 697,6
101,9, 690,2
92,2, 692,4
76,5, 695,0
84,1, 691,6
138,3, 756,6
170,1, 788,4
173,0, 797,1
161,9, 829,6
176,9, 817,3
170,2, 828,9
190,7, 819,1
196,2, 824,2
213,0, 819,6
192,3, 833,4
205,8, 818,1
199,4, 830,1
211,4, 827,7
205,0, 830,7
205,7, 821,0
183,3, 830,4
211,4, 793,8
212,5, 791,4
208,5, 794,3
209,5, 793,2
160,4, 800,0
145,3, 798,4
147,1, 798,3
146,5, 795,4
140,0, 790,2
137,4, 786,7
145,1, 789,6
150,9, 795,5
105,1, 815,3
85,2, 820,1
94,7, 809,9
98,8, 803,1
96,8, 786,6
140,2, 834,8
149,4, 918,7
193,5, 1147,3
206,6, 1250,7
171,4, 1318,7
188,9, 1332,6
164,2, 1351,1
180,2, 1345,4
174,7, 1348,0
179,8, 1346,6
178,7, 1342,5
161,3, 1345,8
160,4, 1347,8
166,3, 1350,3
158,7, 1352,2
158,1, 1351,9
159,1, 1349,0
160,6, 1347,3
164,4, 1335,1
164,0, 1332,7
163,7, 1325,9
163,7, 1325,8
106,9, 1001,7
106,3, 987,1
114,2, 971,0
112,2, 970,2
117,1, 986,4
119,1, 1001,5
116,3, 990,8
131,9, 1022,1
131,4, 1007,4
147,0, 972,6
307,5, 894,2
253,4, 933,1
252,1, 936,7
226,8, 958,1
157,2, 1001,4
143,4, 1002,7
144,3, 1006,5
137,9, 1001,4
119,6, 993,5
90,8, 990,3
118,2, 1021,5
134,7, 1038,6
127,0, 1096,6
86,2, 1095,2
97,1, 1137,2
120,9, 1180,3
84,0, 1177,2
101,6, 1204,4
96,5, 1182,4
100,1, 1186,2
88,8, 1183,8
96,4, 1188,2
85,6, 1180,8
74,7, 1192,0
56,5, 1171,8
64,8, 1181,1
61,6, 1152,6
71,4, 1176,7
81,1, 1147,7
70,2, 1134,5
90,9, 1143,1
67,5, 1119,3
65,3, 1113,5
65,5, 1104,1
56,9, 1064,8
54,6, 1037,8
84,2, 1063,3
73,7, 1044,7
78,2, 1049,5
78,5, 1039,9
116,9, 1019,8
531,9, 912,0
823,7, 1090,2
1209,9, 1299,0
1245,6, 1315,2
1436,3, 1423,9
1433,8, 1420,4
1425,8, 1410,9
1522,4, 1438,7
1526,6, 1435,2
1524,6, 1432,2
1525,0, 1434,9
1537,5, 1440,1
1582,5, 1426,2
1608,5, 1437,4
1651,2, 1449,3
1647,7, 1446,9
1649,6, 1448,4
1668,8, 1454,8
1679,4, 1455,4
1692,5, 1454,5
1703,0, 1431,6
1707,3, 1430,1
1708,5, 1428,2
1711,2, 1437,9
1719,3, 1453,5
1719,9, 1451,0
1706,1, 1461,2
1708,6, 1460,5
1711,6, 1444,3
1714,7, 1441,3
1727,5, 1437,4
1740,8, 1446,8
1739,7, 1447,7
1735,7, 1454,2
1729,7, 1453,2
1727,0, 1452,7
1730,9, 1455,2
1732,2, 1457,6
1730,9, 1457,5
1736,4, 1459,6
1745,8, 1459,1
1760,7, 1456,9
1772,3, 1461,3
1773,4, 1462,1
1774,4, 1462,8
1774,0, 1462,3
1773,1, 1462,8
1750,6, 1452,7
1757,0, 1457,8
1756,8, 1446,9
1759,8, 1454,8
1758,0, 1449,0
1759,8, 1434,5
1754,0, 1439,5
1758,9, 1432,9
1741,5, 1439,9
1743,3, 1441,7
1747,1, 1445,5
1754,1, 1431,7
1749,3, 1428,3
1747,0, 1434,8
1722,2, 1443,9
1708,9, 1444,7
1706,9, 1437,3
1637,1, 1426,0
1241,1, 1355,4
969,8, 1302,2
891,5, 1286,4
854,7, 1279,1
759,3, 1258,6
605,0, 1225,5
570,8, 1224,7
580,0, 1229,6
584,1, 1232,4
569,6, 1217,8
543,3, 1203,8
534,0, 1198,0
539,4, 1198,9
451,6, 1164,8
-8,5, 990,2
-84,6, 962,0
-107,3, 954,9
-53,7, 993,4
-64,5, 986,9
-140,9, 945,0
-112,6, 982,9
-114,2, 979,9
-105,4, 976,3
-101,5, 980,8
-99,9, 972,8
-52,7, 980,5
-35,2, 1008,3
-5,8, 1004,4
31,7, 1013,4
27,0, 1001,0
53,2, 1021,5
78,0, 1021,1
92,8, 1027,7
122,0, 1029,5
92,8, 1030,6
119,9, 1028,0
86,9, 1026,9
59,9, 1029,7
68,2, 1025,5
61,6, 1025,1
81,1, 1018,5
68,2, 1002,5
41,7, 995,1
59,3, 993,6
25,5, 992,0
42,1, 982,9
43,6, 975,5
26,6, 939,9
10,5, 941,2
20,0, 934,2
3,4, 920,3
17,5, 917,5
21,2, 902,6
46,2, 888,8
-9,5, 886,1
-43,2, 893,1
-33,0, 895,2
22,1, 915,8
25,7, 919,8
25,9, 933,9
7,8, 989,4
5,2, 1015,5
18,7, 1012,8
29,6, 1030,8
47,0, 1020,3
44,0, 1023,2
70,6, 1017,6
70,1, 1030,4
87,4, 1033,6
80,0, 1035,0
86,8, 1020,0
77,1, 1019,8
89,4, 1010,8
53,0, 1029,3
68,3, 1025,1
63,5, 1029,1
85,8, 1019,4
83,4, 977,7
103,7, 997,1
93,0, 989,1
42,2, 942,9
44,3, 943,3
26,3, 966,3
25,1, 956,9
10,9, 975,4
25,8, 972,4
42,2, 973,5
69,3, 961,0
41,4, 973,2
18,4, 971,1
29,1, 968,0
23,2, 970,6
51,2, 962,7
72,4, 956,8
41,1, 976,3
33,6, 979,6
47,0, 944,8
56,1, 931,5
254,0, 801,3
378,8, 831,2
452,5, 850,3
372,8, 825,7
1070,6, 933,8
1256,3, 974,6
1402,1, 1006,3
1419,7, 1010,0
1449,5, 1005,0
1479,3, 991,5
1490,5, 991,4
1509,8, 916,2
1568,8, 812,8
2770,9, 337,0
2671,5, 399,7
2670,5, 398,0
2656,7, 394,7
2659,4, 373,1
2683,0, 349,0
2691,2, 356,2
2784,3, 259,9
2920,9, 118,1
2734,8, 145,3
1975,5, 230,4
1622,7, 243,2
1163,2, 218,1
1038,3, 210,7
829,7, 183,8
283,5, 122,5
280,6, 122,6
-56,7, 133,0
-56,7, 133,0
-48,0, 142,2
-63,2, 117,3
-57,5, 58,8
-82,2, 67,7
-143,5, 32,7
-130,0, 33,6
-173,8, -27,2
-175,2, -29,4
-166,6, -31,1
-125,7, 42,9
-80,9, 128,2
-43,2, 173,2
-31,8, 183,4
-21,2, 180,5
11,4, 192,0
6,4, 200,4
10,8, 169,6
-128,6, 87,8
-182,9, 58,6
-169,2, 65,5
-175,5, 53,6
-202,6, 39,7
-198,1, 44,9
-204,2, 37,5
-209,8, 16,6
-225,7, 10,9
-232,6, 8,4
6,0, 137,3
2,3, 138,3
0,6, 138,8
-51,1, 20,9
9,9, 52,4
-23,1, 32,1
50,1, 75,8
103,8, 20,3
49,7, -70,1
75,2, -35,1
-1,1, 82,5
36,6, 70,0
21,4, 42,6
2,6, 117,3
14,9, 107,8
31,6, 95,8
33,3, 95,6
-29,8, 116,0
-133,8, 160,8
194,3, 79,2
256,4, 56,7
185,3, 85,7
23,4, 152,2
21,7, 151,0
189,0, 139,7
192,0, 149,5
169,0, 140,5
110,0, 74,7
97,8, 66,0
78,7, 60,8
69,5, 92,4
36,1, 104,1
3,5, 115,7
196,4, 69,3
177,7, -3,1
288,7, 38,3
122,7, -43,2
166,2, 79,7
201,4, 27,1
252,0, 42,6
550,0, 140,9
723,8, 212,3
706,2, 200,1
718,8, 192,2
846,0, 238,3
888,9, 240,5
899,7, 234,6
855,5, 165,5
860,0, 167,2
898,9, 190,6
896,7, 183,4
905,0, 184,5
911,5, 187,2
2279,4, 2139,6
2252,8, 2206,0
2237,3, 2251,3
2229,8, 2278,4
2174,0, 2276,9
2101,1, 2283,1
2088,3, 2292,9
2071,9, 2290,2
2063,8, 2291,0
2068,0, 2324,9
2088,3, 2355,2
2096,0, 2367,2
-258,0, 247,3
-215,0, 281,3
-139,6, 321,3
-59,4, 358,0
-13,7, 382,1
-57,3, 368,8
-163,3, 359,9
-166,1, 379,6
-149,5, 396,6
-146,3, 399,5
-121,5, 417,1
-137,1, 403,2
-145,2, 393,0
-145,5, 400,5
-148,5, 397,3
-119,7, 401,6
-144,7, 393,9
-136,1, 401,9
-140,5, 400,0
-146,6, 402,7
-140,1, 406,3
-142,3, 405,0
-139,6, 401,5
-52,1, 402,6
-81,3, 409,0
-11,0, 418,7
-19,5, 415,8
34,3, 423,8
196,1, 299,2
272,0, 193,0
278,6, 207,2
279,9, 207,4
365,7, 61,8
324,5, 61,0
284,6, 42,2
305,5, 42,3
408,9, 179,8
382,6, 178,3
388,8, 212,0
363,6, 258,7
357,4, 263,4
337,0, 321,2
330,4, 379,2
370,0, 385,6
320,6, 436,6
81,0, 213,4
196,9, 308,1
129,3, 258,7
209,2, 317,4
312,1, 369,1
251,5, 333,6
326,2, 377,3
286,9, 386,7
322,5, 448,1
382,0, 516,0
297,2, 506,2
341,2, 497,2
85,4, 363,2
197,0, 297,2
99,5, 291,6
123,2, 305,5
82,0, 291,7
77,8, 258,6
49,5, 258,6
-19,8, 233,8
-172,6, 271,7
-147,9, 274,8
-68,4, 238,3
-36,9, 209,4
-44,6, 206,7
-44,6, 206,7
-38,1, 198,6
-34,7, 199,8
29,9, 221,8
-40,5, 196,1
1,9, 213,9
-40,9, 156,5
29,5, 205,1
-2,0, 207,1
70,5, 196,7
104,2, 265,1
176,6, 235,1
179,8, 319,1
231,6, 340,7
261,5, 404,1
348,5, 570,0
411,9, 576,2
368,9, 595,1
407,8, 595,3
414,3, 614,4
539,8, 601,9
635,8, 604,6
639,4, 613,2
773,8, 679,1
1078,8, 794,8
1191,3, 821,2
1243,3, 823,1
1264,9, 824,9
1263,3, 823,1
1204,5, 772,6
1181,2, 728,8
1162,2, 698,9
1140,2, 676,3
1110,9, 626,2
1050,2, 485,1
1045,4, 475,5
1038,8, 471,7
1027,8, 449,6
1026,8, 445,4
1035,8, 437,1
1044,5, 431,1
1065,5, 430,0
1395,7, 421,8
1363,3, 419,9
1594,9, 434,7
2054,6, 459,6
2236,4, 488,4
2555,0, 525,9
2587,4, 529,3
2739,6, 568,3
2656,1, 549,1
2760,4, 568,9
2767,1, 569,1
2869,3, 587,9
2870,8, 590,9
2875,7, 583,1
2878,4, 574,7
2904,4, 548,5
2925,6, 529,6
2937,0, 529,8
2912,4, 556,2
2911,8, 558,3
2959,0, 529,2
2996,9, 502,5
2903,7, 494,8
2604,2, 578,9
2681,8, 557,1
2634,9, 569,4
2267,0, 683,1
2249,2, 706,3
2241,4, 718,7
2211,0, 741,6
2217,1, 738,4
2247,8, 705,0
2245,2, 710,8
2236,9, 719,3
2264,6, 688,3
2267,5, 682,2
2271,7, 683,8
2273,1, 683,5
2275,0, 680,7
2281,8, 679,0
2286,1, 679,3
2285,0, 681,2
2296,1, 675,2
2301,6, 678,2
2305,9, 686,8
2312,7, 690,1
2305,4, 694,5
2194,8, 727,8
2020,2, 756,8
1816,5, 801,1
1654,0, 833,8
1365,5, 889,4
1101,3, 943,2
1055,3, 955,2
924,3, 984,9
929,2, 974,8
914,1, 975,6
919,4, 971,5
897,4, 967,8
895,9, 959,6
883,4, 955,8
882,5, 956,3
886,6, 961,8
890,9, 965,9
894,3, 968,3
900,9, 969,5
901,6, 965,6
899,8, 964,7
900,7, 965,0
611,3, 982,5
67,4, 1027,2
161,4, 1016,8
209,0, 1017,2
167,9, 1019,2
410,0, 1038,6
303,9, 1034,2
239,4, 1030,2
156,9, 1036,2
72,6, 1034,0
57,9, 1043,5
46,2, 1050,2
36,9, 1048,2
33,6, 1045,2
50,7, 1030,1
69,0, 1038,5
88,1, 1037,7
93,6, 1036,8
96,6, 1030,9
124,5, 1021,3
119,8, 1019,2
150,5, 1007,6
162,7, 1004,6
182,3, 999,3
184,6, 967,9
184,1, 974,8
125,6, 935,1
116,4, 928,1
48,1, 894,2
22,2, 887,7
40,6, 858,5
-46,1, 788,4
-21,6, 787,6
-19,8, 771,4
5,3, 763,1
-6,1, 737,3
28,9, 701,4
53,0, 682,6
41,6, 670,8
35,3, 650,3
56,0, 638,2
50,2, 637,7
64,2, 595,6
66,4, 587,4
75,8, 580,7
76,3, 580,3
72,3, 583,0
45,5, 571,2
49,3, 579,6
37,7, 597,5
55,7, 620,3
59,7, 624,0
67,8, 622,4
86,1, 644,3
83,9, 639,3
82,6, 629,1
85,7, 631,6
95,1, 639,6
98,8, 643,4
118,7, 666,7
89,6, 658,2
-16,9, 633,5
-2,1, 631,0
66,9, 650,1
81,4, 647,8
9,2, 630,9
44,6, 637,9
36,9, 636,7
36,0, 637,4
152,3, 667,6
152,9, 663,3
145,9, 659,9
31,9, 625,4
27,2, 621,2
79,2, 633,1
145,7, 646,6
146,6, 643,2
131,0, 640,3
122,2, 637,0
124,8, 637,2
125,9, 636,1
137,6, 644,6
156,5, 653,3
163,7, 660,6
159,7, 656,8
131,3, 665,7
21,7, 697,0
49,1, 764,2
124,0, 822,0
177,1, 884,6
169,5, 887,8
137,2, 894,3
160,3, 889,9
131,6, 898,2
157,4, 904,1
154,4, 898,9
120,7, 883,4
140,4, 866,2
111,9, 866,2
122,7, 865,0
106,6, 864,9
81,5, 869,5
112,4, 873,8
64,5, 876,5
93,1, 877,2
79,8, 875,1
108,7, 875,8
70,9, 1007,0
78,6, 1017,9
92,3, 1111,3
79,7, 1291,0
112,4, 1309,5
134,1, 1350,2
87,1, 1362,8
84,3, 1363,3
137,6, 1353,6
187,9, 1338,2
196,3, 1338,4
157,2, 1363,0
163,5, 1363,3
195,7, 1360,5
146,2, 1388,9
177,6, 1373,7
188,6, 1367,5
163,7, 1377,8
182,9, 1371,6
172,7, 1373,9
176,9, 1371,3
175,5, 1372,9
135,4, 1390,8
148,8, 1388,0
156,9, 1385,7
135,3, 1406,5
160,1, 1388,3
150,6, 1389,3
162,3, 1386,2
163,5, 1383,5
145,5, 1379,1
161,9, 1362,3
165,2, 1359,2
128,2, 1382,4
131,4, 1381,9
138,7, 1378,9
188,0, 1364,4
179,9, 1369,6
164,1, 927,5
184,3, 882,6
182,8, 847,4
193,8, 831,6
207,0, 834,0
220,0, 835,7
242,0, 826,6
221,9, 835,9
236,0, 836,0
250,5, 836,7
235,9, 839,4
244,0, 838,4
260,6, 839,1
245,0, 839,6
269,5, 834,8
266,8, 836,7
276,2, 834,6
277,0, 835,6
254,0, 844,2
261,7, 845,3
279,5, 843,0
260,3, 843,9
264,1, 842,5
272,2, 840,9
272,9, 925,5
271,4, 968,4
190,0, 1256,4
195,4, 1285,3
192,8, 1306,6
196,4, 1305,8
221,2, 1350,8
239,6, 1345,9
205,3, 1350,2
223,2, 1341,3
207,1, 1346,7
221,8, 1331,8
227,0, 1320,2
205,3, 1311,7
205,9, 1305,0
213,7, 1295,1
184,0, 1290,3
199,6, 1271,2
183,0, 1258,2
188,6, 1258,1
188,6, 1241,0
148,6, 1226,4
164,2, 1214,6
168,7, 1205,6
141,2, 1200,3
145,2, 1197,3
158,7, 1180,4
187,6, 1154,7
184,4, 1127,9
148,9, 1135,9
163,8, 1130,1
146,8, 1133,1
100,6, 1126,2
114,5, 1103,1
93,4, 1083,8
33,8, 1053,4
57,9, 1055,1
18,6, 1037,1
52,9, 1036,5
69,5, 1037,7
121,6, 1041,8
74,2, 1032,4
109,3, 1031,9
83,9, 1028,0
126,9, 1023,0
72,0, 1017,1
105,1, 1004,9
61,4, 1011,3
23,0, 991,6
50,0, 982,2
25,8, 990,3
35,5, 987,0
7,6, 996,0
-44,4, 1013,0
-7,7, 1011,9
-5,3, 1123,2
21,9, 1120,9
41,4, 1125,4
47,6, 1134,3
21,3, 1148,9
46,1, 1141,1
0,8, 1144,8
33,3, 1127,3
15,0, 1126,4
31,5, 1118,5
-30,5, 1133,4
-47,1, 1142,5
-22,5, 1137,2
-47,9, 1134,5
-6,8, 1111,8
-12,2, 1112,2
133,2, 1042,9
164,2, 1031,6
504,0, 919,5
674,4, 849,5
833,8, 780,4
901,7, 754,2
968,4, 728,8
1071,0, 677,4
1188,3, 639,4
1341,3, 573,8
1584,1, 463,9
1581,9, 463,8
1739,2, 392,0
1757,2, 388,8
1759,7, 390,5
1762,9, 390,8
1764,6, 391,3
1771,2, 393,1
1779,0, 396,3
1794,0, 401,1
1761,9, 395,0
1773,6, 395,6
1694,7, 389,2
1618,5, 388,5
1570,8, 377,9
1477,9, 359,1
1405,5, 348,1
1393,7, 343,4
1405,7, 345,2
1401,8, 343,0
1423,5, 338,3
1418,1, 341,4
1412,4, 344,6
1434,6, 334,1
1425,9, 332,3
1420,4, 330,8
1194,3, 324,9
443,5, 365,9
82,2, 323,4
110,9, 323,7
51,3, 333,0
-58,1, 402,4
-104,8, 443,9
-107,9, 447,1
-110,4, 541,4
-40,8, 565,1
223,2, 592,8
241,7, 558,7
274,8, 540,2
274,1, 424,4
215,2, 363,8
124,6, 246,5
149,8, 282,8
153,1, 287,2
74,4, 164,6
72,7, 160,9
76,4, 166,0
191,7, 251,0
316,5, 338,5
333,9, 357,6
437,2, 456,0
459,3, 470,8
470,7, 505,4
505,4, 563,3
494,0, 560,5
441,3, 555,3
441,7, 555,8
444,8, 542,2
452,7, 519,2
432,5, 513,8
427,9, 504,0
388,6, 497,9
385,3, 494,6
336,3, 430,0
335,8, 431,9
304,2, 387,6
283,3, 365,0
268,5, 352,2
266,5, 335,3
251,4, 342,5
276,9, 362,0
298,6, 403,0
302,2, 399,9
294,5, 267,6
296,8, 266,3
288,3, 216,6
286,5, 219,3
230,3, 282,7
199,8, 307,9
180,5, 315,7
178,3, 315,0
301,3, 396,4
304,6, 429,1
343,8, 643,6
353,1, 691,8
514,3, 1125,1
522,4, 1134,1
531,7, 1170,4
546,1, 1221,7
551,1, 1355,4
521,4, 1352,7
526,8, 1354,1
462,8, 1345,6
381,8, 1332,6
313,7, 1321,4
306,7, 1316,2
166,6, 877,4
160,8, 861,5
147,7, 869,2
149,8, 848,7
148,7, 838,0
127,8, 839,5
123,1, 838,2
137,3, 852,6
137,7, 845,2
243,9, 866,3
263,2, 875,5
265,4, 878,0
273,7, 884,0
279,8, 883,1
260,7, 894,7
276,7, 900,3
274,7, 902,3
278,3, 902,8
277,9, 902,7
286,3, 901,2
289,8, 898,6
304,4, 896,5
320,0, 893,9
305,0, 893,2
303,9, 893,2
269,9, 895,9
300,6, 891,7
288,1, 892,0
300,7, 887,1
274,1, 887,0
297,5, 883,8
279,9, 888,6
299,9, 879,4
279,3, 884,5
242,3, 896,8
217,6, 915,3
276,2, 947,0
302,5, 968,9
594,5, 1123,7
747,7, 1209,7
765,7, 1215,9
849,0, 1235,0
839,6, 1233,2
840,8, 1233,6
812,0, 1225,3
773,1, 1214,9
742,2, 1206,0
721,6, 1200,1
712,4, 1197,4
654,5, 1163,3
663,6, 1170,8
647,8, 1163,9
625,1, 1159,7
602,5, 1150,7
569,4, 1141,2
507,7, 1116,2
347,9, 990,5
228,7, 894,7
102,0, 799,7
77,1, 769,9
8,6, 712,4
28,9, 737,7
18,4, 725,6
1,4, 702,8
1,1, 687,6
26,2, 698,1
30,7, 698,9
43,8, 704,8
51,3, 707,1
95,1, 729,1
170,1, 769,7
275,1, 823,8
309,7, 838,7
337,1, 854,2
293,3, 833,1
220,6, 700,5
220,1, 693,1
225,4, 696,1
206,9, 670,5
232,9, 681,2
262,1, 706,2
282,1, 719,7
283,1, 721,1
239,8, 685,8
233,0, 684,4
169,1, 614,0
168,1, 613,9
176,9, 618,0
182,0, 620,5
183,9, 621,3
183,5, 616,9
196,3, 621,8
238,8, 643,5
234,6, 647,5
239,3, 681,4
270,1, 706,0
291,8, 735,5
322,3, 748,5
340,7, 749,6
319,2, 752,9
375,1, 766,6
428,2, 784,0
463,9, 794,1
451,5, 796,3
446,8, 785,1
446,6, 782,8
441,6, 781,5
438,6, 774,2
427,6, 762,7
424,5, 755,5
474,5, 736,0
535,4, 737,1
561,1, 736,8
701,9, 747,0
749,5, 760,2
704,0, 728,5
724,1, 732,4
683,9, 692,3
706,3, 696,7
702,6, 689,8
685,8, 678,8
715,6, 689,6
664,6, 668,7
660,4, 664,3
618,7, 656,7
499,8, 646,1
437,5, 640,7
368,4, 612,5
287,1, 587,6
226,7, 571,6
220,5, 566,4
196,6, 546,5
193,0, 543,5
176,4, 532,5
200,5, 540,1
221,7, 552,9
265,6, 588,8
314,1, 623,8
324,4, 637,6
372,2, 662,4
378,5, 664,9
426,9, 696,2
441,2, 706,9
445,0, 700,5
452,4, 688,8
450,6, 691,6
451,1, 689,1
458,7, 670,0
454,3, 668,6
453,4, 654,1
449,7, 642,4
451,4, 651,6
451,7, 651,2
450,3, 664,7
448,8, 669,8
438,8, 640,5
438,8, 649,9
396,1, 602,6
368,4, 576,8
363,5, 596,4
364,8, 594,2
351,0, 475,5
351,4, 487,3
342,2, 447,0
329,6, 433,2
324,4, 414,6
320,9, 406,3
317,8, 389,2
318,5, 374,2
326,4, 368,7
334,4, 385,0
355,5, 377,6
353,6, 372,8
363,2, 361,1
321,5, 332,7
182,5, 274,1
138,5, 260,0
126,3, 243,4
121,9, 238,3
55,3, 179,1
25,6, 143,2
22,7, 141,0
-29,9, 123,9
-4,4, 120,2
-17,2, 123,4
-19,2, 127,0
25,8, 156,1
29,2, 157,7
31,7, 157,9
25,2, 161,0
16,4, 146,7
20,1, 146,8
6,9, 142,0
8,5, 143,4
26,2, 152,8
32,8, 153,6
35,0, 156,0
33,7, 155,5
21,9, 148,3
20,3, 147,4
17,9, 145,0
18,7, 147,6
17,5, 144,5
28,2, 152,7
450,2, 641,7
501,6, 629,9
481,9, 622,4
494,3, 626,9
455,3, 610,7
405,6, 584,5
372,3, 566,6
366,5, 561,2
387,2, 569,3
411,7, 576,9
475,6, 598,1
433,6, 580,7
436,6, 594,5
451,4, 623,0
519,9, 692,0
775,6, 953,2
802,4, 989,7
878,3, 1083,8
1068,5, 1313,9
1540,1, 1825,1
1628,6, 1905,0
1632,9, 1910,9
1655,6, 1931,2
1762,1, 1981,9
1778,8, 1979,8
1774,3, 1982,6
1769,5, 1979,8
1397,9, 1658,2
1374,2, 1641,6
839,7, 1206,1
563,8, 988,7
516,9, 965,9
644,9, 1066,8
81,6, 624,6
76,2, 631,6
89,4, 641,2
109,1, 666,1
126,3, 667,3
219,1, 701,2
245,5, 728,9
284,0, 739,5
313,5, 758,7
285,3, 751,9
292,8, 749,4
327,6, 764,0
240,3, 795,3
255,4, 800,8
264,7, 852,1
235,6, 940,6
224,9, 1045,5
224,4, 1074,1
192,9, 1113,7
191,8, 1148,0
184,5, 1146,3
189,8, 1148,3
192,5, 1148,1
166,0, 1149,7
191,4, 1145,2
198,4, 1144,7
165,0, 1157,4
182,8, 1155,9
159,7, 1153,7
180,4, 1154,7
181,6, 1153,2
165,7, 1152,9
195,0, 1147,0
213,8, 1144,5
178,2, 1152,3
202,5, 1147,6
213,0, 1145,4
261,0, 1139,9
263,7, 1141,2
219,1, 1145,9
235,2, 1144,8
239,0, 1148,4
191,7, 1153,2
174,2, 1155,6
195,9, 1155,3
172,9, 1151,7
208,6, 1121,7
187,8, 1125,7
197,0, 1103,0
199,2, 1082,3
149,2, 1023,2
160,8, 1019,6
145,7, 1013,4
185,2, 1015,1
173,8, 1011,3
221,5, 1009,3
176,2, 1004,1
219,8, 1015,5
205,1, 1127,1
215,4, 1096,9
191,5, 1164,0
180,8, 1198,2
166,7, 1348,3
138,4, 1367,9
91,5, 1366,4
156,2, 1375,1
173,9, 1377,8
147,3, 1376,0
200,8, 1389,0
156,4, 1388,6
173,4, 1381,6
149,4, 1379,2
172,6, 1377,1
121,4, 1338,2
62,0, 1329,6
67,1, 1308,4
53,6, 1306,2
44,4, 1309,2
51,7, 1292,1
67,2, 1259,5
74,0, 1259,0
71,2, 1281,0
81,6, 1258,1
97,0, 1272,0
111,8, 1258,0
105,2, 1272,0
122,7, 1280,0
131,8, 1274,3
127,4, 1280,7
126,8, 1278,2
108,3, 1287,6
99,4, 1329,9
75,7, 1338,6
123,8, 1501,6
108,2, 1489,4
109,6, 1493,1
127,8, 1500,8
122,9, 1497,2
130,3, 1499,0
122,7, 1491,8
129,7, 1504,1
115,4, 1495,9
92,0, 1491,5
57,3, 1477,8
-13,7, 1507,7
-23,3, 1508,8
-9,1, 1496,4
-39,3, 1507,9
-24,8, 1490,9
-23,2, 1493,6
68,5, 1496,7
54,1, 1484,2
64,8, 1492,7
38,4, 1469,2
36,6, 1474,7
26,0, 1468,6
37,9, 1478,1
23,3, 1472,0
25,5, 1480,4
6,0, 1465,2
19,2, 1481,7
2,7, 1470,9
7,9, 1459,6
68,1, 1484,0
54,9, 1477,9
64,0, 1484,2
43,9, 1475,2
25,4, 1471,8
210,1, 1444,4
284,3, 1439,0
361,3, 1430,3
347,6, 1433,4
429,9, 1424,3
543,2, 1404,8
545,0, 1405,7
546,5, 1409,7
553,0, 1418,5
562,0, 1415,4
560,2, 1413,6
555,0, 1412,6
557,3, 1413,2
548,4, 1403,6
586,9, 1403,2
685,7, 1413,3
802,9, 1424,3
884,6, 1433,6
942,5, 1441,0
1053,6, 1449,0
1055,6, 1444,5
1064,0, 1432,6
1063,4, 1433,3
1067,6, 1433,6
1061,1, 1431,0
1063,9, 1434,6
1063,9, 1425,9
1139,9, 1414,4
1233,1, 1409,9
1333,8, 1405,8
1382,2, 1408,8
1367,0, 1410,7
1477,7, 1402,6
1480,5, 1402,5
1487,3, 1400,2
1490,0, 1401,2
1489,1, 1399,7
1480,7, 1408,7
1483,9, 1418,0
1483,4, 1420,5
1489,1, 1419,3
1489,6, 1414,5
1541,2, 1416,2
1655,6, 1419,7
1676,0, 1422,6
1702,3, 1424,5
1725,4, 1427,0
1787,7, 1435,2
1812,1, 1447,5
1805,0, 1440,5
1782,3, 1446,8
1779,0, 1444,8
1778,0, 1440,4
1770,7, 1443,2
1773,3, 1451,1
1779,1, 1452,1
1780,2, 1449,0
1780,4, 1454,1
1781,1, 1447,6
1781,8, 1448,2
1781,9, 1449,2
1779,1, 1446,7
1777,6, 1444,6
1769,3, 1441,0
1764,3, 1438,6
1746,9, 1438,7
1734,9, 1435,7
1732,2, 1435,0
1729,3, 1431,8
1724,1, 1425,3
1723,8, 1418,8
1727,4, 1419,4
1696,4, 1407,7
1652,3, 1394,9
306,3, 1187,9
282,8, 1191,3
107,0, 1149,1
61,7, 1141,9
76,2, 1148,1
78,3, 1156,5
195,0, 1031,8
169,9, 1070,5
156,3, 1108,4
245,3, 947,8
228,6, 1000,1
247,1, 1009,0
266,3, 988,8
263,9, 1015,5
265,7, 1045,1
259,0, 1091,9
409,7, 1169,6
376,4, 1172,3
453,6, 1193,1
602,5, 1241,9
675,0, 1266,7
684,3, 1269,8
703,2, 1276,5
715,2, 1277,4
717,0, 1277,2
735,9, 1273,1
736,9, 1270,8
737,9, 1270,8
747,2, 1269,6
745,1, 1270,3
746,3, 1269,9
741,2, 1269,0
733,0, 1268,2
698,8, 1258,5
676,2, 1251,9
679,1, 1250,7
673,9, 1246,8
657,5, 1241,1
648,6, 1241,2
647,3, 1244,8
644,3, 1246,8
643,7, 1247,9
641,7, 1246,2
636,7, 1255,0
636,3, 1249,2
437,6, 1247,4
258,6, 1252,3
155,6, 1224,5
242,1, 1235,1
241,1, 1235,4
151,5, 1230,2
141,1, 1232,6
148,8, 1229,2
135,5, 1227,0
153,5, 1235,3
162,0, 1236,7
166,7, 1240,4
178,0, 1241,9
188,7, 1239,9
191,5, 1224,6
190,7, 1223,8
188,3, 1221,1
164,6, 1214,5
62,6, 1236,5
33,4, 1235,7
0,6, 1214,4
-7,9, 1215,8
26,9, 1224,9
53,9, 1246,8
78,7, 1251,0
113,8, 1258,5
121,9, 1277,0
116,9, 1268,5
120,5, 1270,6
127,1, 1277,4
132,7, 1288,7
147,5, 1265,0
181,6, 1294,6
177,1, 1283,1
184,4, 1281,5
169,1, 1261,6
165,1, 1282,3
151,9, 1271,5
146,2, 1273,7
152,8, 1264,0
157,7, 1282,0
148,8, 1265,1
122,9, 1278,3
90,4, 1272,0
93,3, 1297,4
88,1, 1290,9
74,9, 1300,6
79,4, 1295,5
72,7, 1301,0
73,9, 1310,6
71,5, 1288,7
104,6, 1315,5
96,9, 1305,0
91,6, 1299,0
99,3, 1282,8
105,7, 1289,9
112,3, 1278,5
111,5, 1291,1
97,7, 1273,8
82,6, 1295,5
74,9, 1292,6
71,2, 1298,0
63,4, 1283,1
312,0, 1307,5
301,2, 1307,7
523,8, 1343,4
549,7, 1348,1
567,7, 1350,9
595,0, 1359,4
710,7, 1386,3
695,4, 1388,6
602,2, 1399,6
529,3, 1400,8
74,4, 1446,4
93,3, 1440,0
84,7, 1439,3
35,9, 1440,9
54,9, 1441,3
62,7, 1447,5
102,8, 1454,0
104,4, 1450,0
103,4, 1455,2
100,9, 1458,5
66,6, 1471,5
68,6, 1469,4
52,7, 1479,5
49,0, 1476,3
36,3, 1474,6
26,4, 1462,5
24,7, 1459,9
47,2, 1465,4
67,7, 1447,7
72,7, 1459,1
82,9, 1453,3
62,8, 1452,3
53,1, 1451,4
51,7, 1449,9
49,8, 1444,9
57,8, 1432,0
101,9, 1430,0
86,6, 1425,7
55,6, 1427,3
32,1, 1413,2
26,0, 1415,7
46,3, 1410,2
62,7, 1419,6
65,7, 1410,5
178,7, 1423,5
229,5, 1429,0
262,1, 1410,7
254,8, 1390,6
252,0, 1298,1
232,5, 1215,7
204,5, 1186,4
188,4, 1176,2
175,4, 1163,6
199,8, 1162,5
163,9, 946,5
165,3, 820,1
170,8, 798,1
176,5, 775,1
179,8, 718,2
212,6, 647,5
200,5, 641,8
197,9, 627,7
217,3, 611,0
235,6, 640,8
304,6, 674,0
307,4, 673,3
318,6, 676,4
322,1, 689,0
386,4, 710,1
403,6, 722,5
349,6, 750,7
360,0, 746,4
398,6, 801,9
439,6, 898,0
437,4, 905,0
422,8, 910,7
422,1, 919,3
382,9, 898,4
346,3, 865,4
327,4, 879,1
319,1, 866,5
338,9, 869,7
353,5, 891,9
351,3, 880,7
353,4, 888,2
344,4, 874,1
338,3, 878,6
312,9, 884,0
312,9, 876,9
357,1, 875,3
421,2, 885,6
488,4, 903,7
545,9, 919,2
594,4, 936,3
585,0, 928,2
580,9, 923,3
598,5, 915,1
585,8, 917,5
613,2, 907,8
619,7, 918,7
623,5, 912,0
618,1, 913,2
581,8, 924,5
559,3, 928,0
562,0, 924,3
460,6, 974,2
194,0, 1126,5
87,9, 1089,6
56,6, 1115,8
43,6, 1123,5
47,1, 1156,1
70,5, 1194,3
115,8, 1232,7
145,8, 1249,3
138,7, 1226,2
158,2, 1253,8
157,1, 1249,5
154,6, 1235,9
148,6, 1236,8
124,3, 1215,2
134,8, 1212,3
125,2, 1201,5
133,9, 1193,4
141,5, 1190,6
128,7, 1165,9
103,7, 1163,9
97,0, 1138,7
89,9, 1135,8
82,9, 1127,1
68,1, 1126,9
63,3, 1115,0
86,9, 1063,8
191,8, 1021,2
225,0, 995,6
243,0, 974,9
373,0, 846,2
353,9, 833,4
294,9, 794,3
175,4, 724,9
192,2, 748,7
163,8, 731,2
183,9, 741,4
194,6, 755,0
215,5, 772,6
226,8, 787,2
308,7, 789,9
292,3, 797,7
320,2, 830,4
334,9, 834,4
336,8, 843,4
329,8, 840,8
324,5, 848,1
317,8, 866,2
314,8, 856,1
315,1, 856,2
289,8, 792,0
262,0, 793,9
250,9, 767,7
251,7, 784,3
243,4, 760,7
233,3, 757,1
225,8, 756,0
224,8, 730,9
229,4, 743,9
225,3, 724,8
217,8, 722,1
215,5, 703,4
204,6, 710,9
197,6, 689,3
189,1, 689,0
192,4, 662,7
206,0, 696,4
232,3, 685,3
240,9, 681,2
1674,8, 626,5
1696,9, 613,7
1708,2, 599,5
1712,5, 584,3
1703,8, 556,3
1699,7, 504,9
1696,5, 485,0
1688,3, 438,3
1695,9, 424,0
1696,8, 406,6
1707,2, 348,0
1702,3, 351,7
1716,7, 329,2
1702,5, 323,6
1702,1, 320,9
1694,0, 313,7
1668,0, 309,8
1652,9, 322,4
1628,6, 384,9
1572,7, 504,6
1547,2, 605,9
1537,9, 653,2
1518,6, 759,3
1509,6, 824,4
1482,4, 947,0
1484,4, 996,4
1484,7, 990,1
1484,3, 986,1
1482,0, 998,6
1478,1, 1054,2
1477,2, 1125,9
1482,6, 1356,0
1483,0, 1368,3
1483,8, 1378,0
1490,1, 1413,9
1493,8, 1413,4
1501,1, 1421,2
1499,2, 1422,3
1500,8, 1418,9
1508,9, 1413,7
1525,5, 1418,6
1550,1, 1441,7
1575,5, 1441,9
1668,6, 1427,5
1675,5, 1420,1
1665,0, 1415,3
1691,7, 1413,0
1707,9, 1442,7
1707,8, 1443,1
1694,6, 1444,2
1697,4, 1440,8
1699,5, 1449,3
1701,9, 1448,3
1707,1, 1446,6
1698,1, 1443,1
1728,7, 1430,1
1733,8, 1434,8
1742,5, 1439,6
1745,5, 1441,4
1742,0, 1434,8
1738,7, 1424,6
1735,6, 1424,1
1735,7, 1428,4
1730,6, 1426,5
1725,5, 1440,1
1724,6, 1436,9
1725,0, 1429,4
1747,8, 1448,7
1599,3, 1372,4
837,2, 929,6
958,5, 996,1
636,9, 812,2
435,9, 681,9
443,9, 692,0
123,8, 468,6
-99,3, 367,9
-115,0, 339,9
-79,5, 383,4
-80,6, 356,9
29,9, 463,6
234,4, 571,1
297,0, 615,8
296,0, 614,4
235,5, 610,7
245,0, 602,5
216,8, 595,2
158,7, 536,5
22,4, 472,2
9,4, 467,2
11,2, 453,6
-59,5, 413,4
-50,5, 411,7
35,8, 478,7
40,8, 464,3
38,7, 454,3
100,3, 505,5
314,2, 624,1
414,0, 680,2
468,4, 713,0
463,9, 710,4
455,4, 703,7
438,8, 693,8
435,2, 689,6
433,3, 660,0
432,7, 670,0
347,3, 550,3
294,5, 520,8
283,8, 494,8
174,5, 463,5
184,7