Listening for gaze data, press any key to exit...
2949,0, 1369,7
2936,9, 1384,0
2922,4, 1386,5
2927,3, 1385,5
2939,9, 1391,9
2941,4, 1393,5
3301,5, 1536,4
3286,1, 1538,8
3279,3, 1539,9
2838,8, 1385,5
2847,9, 1379,5
2852,0, 1376,8
2852,0, 1376,8
2588,3, 535,4
2679,2, 251,5
2691,1, 257,9
2674,8, 273,2
2694,3, 245,7
2690,1, 252,3
2712,1, 257,4
2702,0, 251,3
2703,1, 263,2
2722,6, 253,0
2716,8, 253,6
2715,4, 256,1
2716,5, 262,4
2716,8, 245,4
2692,6, 256,5
2709,6, 251,2
2724,6, 246,5
2103,8, 747,4
1969,9, 907,6
1899,0, 995,9
1922,2, 964,0
1844,6, 1051,7
1767,6, 1132,9
1691,8, 1213,5
1470,4, 813,0
1498,4, 912,0
1518,1, 1030,4
1502,9, 976,9
1501,0, 975,6
1510,6, 1048,8
1516,8, 1088,6
1799,4, 2841,5
1796,1, 2870,2
1555,3, 2940,4
1508,6, 2902,5
1345,4, 2849,6
1349,7, 2829,2
1333,5, 2806,9
2525,8, 2921,1
2433,5, 2736,8
2413,6, 2686,7
2530,0, 2776,9
2534,3, 2781,7
2712,7, 2991,5
2704,6, 3021,5
2700,3, 3026,8
2700,0, 3027,1
2700,0, 3027,1
1689,3, 1963,3
1037,5, 1239,9
470,7, 740,3
307,6, 663,4
284,9, 652,7
308,4, 664,9
404,8, 695,7
407,6, 694,5
409,7, 697,0
400,0, 693,4
314,0, 670,8
332,2, 682,4
85,6, 748,3
-92,2, 791,0
-201,8, 825,1
-239,0, 850,9
-220,2, 838,0
-375,0, 1169,1
-375,0, 1169,1
-570,6, 1263,6
-656,5, 1305,0
-642,0, 1320,9
-482,1, 1327,3
-492,2, 1307,6
-497,0, 1307,1
-499,1, 1306,9
-189,1, 1065,3
-302,7, 1243,6
-427,9, 1301,8
-391,6, 1311,0
-407,7, 1038,8
-350,2, 650,3
-407,4, 1088,2
-420,2, 1092,7
-522,0, 1272,6
-471,4, 1278,7
-389,8, 1274,6
-305,9, 1117,3
-285,8, 1191,3
-212,8, 1139,2
-130,7, 1207,4
9,2, 1112,4
48,6, 1350,2
128,2, 1367,9
164,4, 1302,9
254,8, 1179,2
241,1, 1276,4
242,7, 1286,1
269,2, 1292,3
431,8, 1394,7
717,8, 1602,2
740,7, 1623,9
1529,3, 2018,5
1653,5, 2090,6
1735,8, 2127,0
1805,3, 2155,3
1894,4, 2186,0
2097,4, 2234,9
2190,5, 2266,4
2252,6, 2266,1
2336,7, 2304,2
2369,2, 2371,9
2423,0, 2362,7
2427,7, 2401,7
2458,7, 2467,4
2525,1, 2534,1
2544,5, 2579,8
2549,7, 2599,1
2551,6, 2645,6
2510,8, 2591,3
2464,5, 2542,7
2421,5, 2501,9
2439,5, 2529,4
2442,3, 2554,5
2432,8, 2551,8
2438,6, 2628,0
2459,4, 2704,6
2461,1, 2704,2
2438,6, 2553,5
2436,5, 2619,5
2390,0, 2752,3
-45,3, 513,7
-30,5, 509,9
11,4, 518,8
22,0, 521,1
-0,7, 491,4
-94,1, 467,7
-61,5, 479,3
27,5, 507,5
-36,0, 506,5
-149,9, 479,3
-171,0, 479,2
-183,1, 484,7
-10,4, 886,6
-23,0, 885,7
-17,2, 837,5
-22,5, 846,8
-24,7, 831,5
-21,4, 825,8
-19,5, 826,2
190,5, 547,8
50,1, 309,8
44,5, 306,0
202,4, 574,5
217,9, 576,1
203,8, 564,9
202,4, 568,3
206,6, 566,5
203,7, 566,4
207,4, 571,6
203,7, 571,3
203,7, 571,3
-1,2, 239,5
-5,4, 235,2
-3,9, 229,4
-141,3, 120,5
-98,7, 143,9
-94,3, 150,2
247,5, 1087,6
259,3, 1072,7
270,6, 1093,4
274,9, 1101,4
287,4, 1111,4
289,4, 1115,3
296,7, 1118,6
324,2, 1128,1
318,1, 1118,6
315,6, 1118,3
304,9, 1126,3
133,2, 1068,9
302,8, 1048,4
304,7, 1040,4
306,0, 1028,2
303,3, 1020,3
302,0, 1017,6
302,0, 1017,7
121,8, 988,5
36,7, 974,7
993,5, 1174,6
989,7, 1173,6
989,7, 1173,6
911,0, 1153,0
897,9, 1148,0
312,4, 1203,6
394,3, 1201,8
368,6, 1197,2
374,7, 1182,7
345,4, 1178,2
318,8, 1175,7
314,0, 1161,8
271,9, 1155,7
271,5, 1154,2
251,3, 1145,1
248,4, 1132,8
265,7, 1141,6
244,1, 1124,9
240,6, 1123,6
242,0, 1117,1
247,7, 1118,5
252,5, 1119,6
249,9, 1118,4
254,0, 1107,0
254,3, 1110,2
238,4, 1120,1
238,7, 1117,8
233,3, 1100,3
233,2, 1082,0
233,8, 1061,1
142,8, 998,4
135,9, 998,7
138,0, 1004,7
138,9, 1007,3
131,9, 1185,3
106,7, 1164,2
101,0, 1152,8
79,8, 1135,9
80,7, 1134,1
88,3, 1135,8
85,3, 1134,9
115,5, 1160,6
138,1, 1171,7
155,5, 1182,2
192,0, 1186,3
187,1, 1183,1
191,7, 1184,8
194,2, 1183,5
206,3, 1178,6
197,1, 1179,3
184,9, 1173,8
171,5, 1182,7
166,6, 1188,4
163,2, 1191,7
162,9, 1191,9
159,7, 1161,8
162,9, 1151,3
162,9, 1151,3
157,5, 1155,4
102,6, 1156,2
74,4, 1156,0
184,5, 1189,1
225,1, 1206,1
227,4, 1205,1
229,2, 1203,6
232,6, 1195,6
124,2, 1156,4
124,2, 1156,4
343,9, 770,6
344,7, 765,7
351,8, 752,3
353,5, 754,7
378,7, 536,1
440,9, 566,2
645,0, 646,1
757,3, 691,7
852,1, 747,5
967,0, 814,7
1057,3, 869,5
1141,1, 920,1
1174,1, 939,1
1272,0, 959,2
1308,5, 961,4
1389,6, 965,8
1494,6, 977,9
1790,0, 1023,0
1902,3, 1033,5
2020,5, 1041,3
2292,8, 1065,4
2312,3, 1068,6
2483,8, 1083,8
2583,3, 1097,6
2948,0, 1145,0
2954,2, 1146,9
2983,7, 1148,2
2979,2, 1151,8
2977,5, 1158,2
2355,5, 686,5
1832,0, 664,4
1902,9, 722,6
1619,6, 914,2
458,2, 649,1
454,2, 612,4
451,5, 610,0
445,6, 589,8
443,6, 589,0
440,5, 589,4
444,4, 592,7
472,0, 612,4
519,7, 649,4
440,0, 652,7
-87,4, 580,4
389,6, 795,6
394,4, 772,9
385,7, 743,2
387,0, 745,7
390,9, 748,8
404,5, 755,2
427,2, 774,2
477,8, 805,1
499,9, 819,6
506,5, 828,4
555,2, 867,2
558,7, 871,7
565,2, 867,0
569,5, 868,2
552,7, 868,0
238,4, 980,6
252,2, 970,3
227,4, 988,1
267,1, 971,0
210,5, 994,5
182,3, 1016,9
119,8, 1021,0
126,7, 1022,6
132,1, 1023,2
163,9, 1427,6
164,4, 1422,5
162,1, 1414,0
883,8, 612,0
674,3, 792,1
265,0, 1079,8
239,7, 1080,8
243,1, 1087,6
248,5, 1076,4
253,4, 1080,8
258,4, 1087,9
150,5, 1368,9
201,4, 1342,1
166,8, 1356,1
201,8, 1344,1
237,3, 1310,2
232,4, 1285,9
251,7, 1236,8
232,2, 1258,3
227,1, 1260,5
286,1, 1176,7
254,5, 1238,8
251,4, 1236,2
271,1, 1157,1
196,1, 1259,4
195,8, 1261,7
205,3, 1069,0
212,6, 1079,3
205,1, 1076,1
95,3, 1063,3
1065,9, 427,8
731,6, 680,8
954,4, 512,2
203,8, 1084,0
205,0, 1084,6
120,5, 1173,4
139,6, 1174,9
143,9, 1176,6
142,7, 1175,3
112,7, 1173,6
140,2, 1184,0
137,1, 1179,2
135,8, 1177,1
181,0, 913,8
159,5, 1097,2
150,0, 1171,4
153,3, 1163,9
149,3, 1163,6
151,8, 1162,3
160,1, 1169,9
1067,5, 734,0
710,5, 899,8
967,7, 780,7
156,5, 1155,6
150,4, 1153,4
147,9, 1158,8
160,2, 1155,9
165,6, 1150,6
165,3, 1151,1
130,8, 1123,2
122,4, 1116,8
207,7, 1035,7
180,6, 588,0
180,9, 583,4
193,6, 593,6
197,9, 592,4
197,4, 589,5
680,5, 583,0
780,0, 567,5
777,7, 546,8
762,7, 519,1
770,1, 527,0
745,7, 487,4
717,1, 444,2
358,8, 199,5
251,2, 160,6
261,9, 176,2
268,7, 185,6
259,3, 182,8
298,3, 215,4
291,2, 213,2
294,6, 210,3
83,7, 355,8
67,9, 358,8
58,1, 346,3
69,0, 350,0
429,7, 360,0
426,3, 355,0
421,9, 352,7
424,8, 356,1
425,9, 356,9
389,8, 771,0
387,9, 786,3
391,3, 787,9
407,3, 793,5
406,2, 790,4
386,2, 748,7
389,6, 755,4
376,4, 725,4
372,7, 717,3
371,6, 719,4
362,3, 719,2
378,0, 721,3
381,1, 728,2
382,0, 750,6
380,8, 750,3
377,0, 753,5
372,9, 746,9
373,2, 746,1
374,4, 739,4
374,7, 737,0
381,2, 736,9
382,1, 735,7
373,7, 705,5
376,2, 718,8
444,3, 929,5
451,0, 934,7
457,1, 942,4
458,9, 943,8
473,8, 941,0
435,9, 934,7
433,4, 934,2
450,3, 951,6
441,4, 939,1
433,2, 934,2
401,3, 917,8
400,6, 927,2
329,8, 976,8
85,1, 1122,3
68,3, 1127,2
76,0, 1112,5
79,0, 1100,1
95,8, 1101,1
128,4, 1109,3
145,6, 1114,9
192,0, 1130,0
202,9, 1135,5
230,9, 1137,5
229,1, 1137,1
231,4, 1147,3
238,3, 1148,8
258,3, 1145,8
258,8, 1149,0
259,9, 1167,2
262,0, 1166,9
161,7, 1305,0
162,3, 1293,1
164,3, 1287,5
163,4, 1279,4
162,5, 1273,7
160,2, 1267,2
167,1, 1274,5
168,4, 1275,4
175,9, 1276,4
182,2, 1277,2
173,3, 1276,2
155,0, 1278,1
155,8, 1278,5
152,8, 1279,3
402,7, 1014,5
516,0, 896,6
382,5, 1041,8
515,2, 883,7
404,9, 1004,2
-50,3, 766,5
279,1, 690,8
283,5, 681,0
284,7, 694,0
306,6, 701,9
305,4, 708,7
294,7, 703,3
294,1, 694,7
295,1, 697,7
297,2, 695,0
289,9, 694,6
299,3, 698,4
311,7, 695,7
311,2, 686,5
305,3, 681,1
304,1, 682,4
304,8, 684,0
446,3, 476,5
524,3, 377,7
516,0, 368,8
515,1, 367,5
507,6, 351,4
500,3, 352,5
497,4, 324,2
511,4, 330,1
514,1, 335,2
546,8, 380,8
548,8, 381,6
548,8, 381,6
566,2, 400,7
424,5, 394,3
395,7, 541,1
316,7, 669,3
317,6, 656,4
320,1, 666,5
328,0, 671,1
309,4, 659,7
308,8, 657,3
310,8, 652,3
314,4, 650,1
300,1, 647,1
297,5, 641,2
297,5, 641,2
624,7, 770,1
643,7, 731,9
706,5, 717,9
774,6, 701,1
831,5, 694,7
872,4, 683,9
1011,2, 653,9
1005,4, 643,2
994,4, 625,0
992,0, 619,6
973,9, 576,6
971,5, 577,0
954,0, 556,5
867,3, 499,5
449,2, 107,1
449,2, 107,1
602,0, 140,6
712,5, 109,6
951,1, 96,6
943,6, 102,2
1183,5, 139,3
1201,3, 179,9
1225,0, 187,3
1230,3, 191,9
1252,2, 204,5
1256,1, 206,9
1258,7, 202,6
1264,3, 183,7
1265,0, 182,2
1265,1, 181,8
1265,1, 179,2
1263,0, 172,8
1258,3, 158,0
1254,7, 139,8
1251,2, 133,2
1299,1, 134,0
1287,7, 139,7
2928,6, 99,1
2980,3, -49,4
2978,7, -53,0
2951,2, -60,5
2949,9, -63,4
2921,2, 40,6
2913,6, 67,4
2197,1, 203,6
2138,7, 229,0
1916,1, 361,4
1942,6, 339,7
1454,1, 605,3
558,5, -178,3
3099,0, 1112,0
2931,2, 1012,9
2931,2, 1012,9
1750,8, 565,6
1241,4, 372,6
67,1, -72,3
2324,3, 440,5
2030,0, 323,6
1997,9, 341,8
2125,6, 357,2
256,0, -70,2
309,5, -73,2
309,5, -73,2
309,5, -73,2
841,6, 192,6
1200,6, 327,4
1322,1, 353,5
1466,8, 378,2
1517,8, 380,5
1607,5, 397,0
1827,6, 487,2
1945,3, 611,1
1956,0, 628,7
1943,5, 596,3
1985,5, 657,1
2001,0, 630,8
2008,3, 615,0
2004,3, 621,7
2014,5, 589,0
2017,9, 563,5
2015,6, 574,3
1970,5, 552,1
1935,2, 547,5
1554,9, 506,8
1435,5, 493,2
1388,2, 490,4
1130,1, 462,4
1130,2, 464,7
1135,7, 481,0
1137,7, 473,7
1140,6, 468,2
1140,5, 469,7
1137,9, 498,0
1134,2, 524,1
1134,6, 522,4
1126,3, 981,7
1124,8, 1271,0
1123,0, 1355,8
1118,4, 1383,4
1115,8, 1434,3
1106,0, 1495,1
1064,3, 1462,3
1098,0, 1484,8
1109,1, 1473,3
-74,2, 575,6
92,3, 700,0
91,3, 700,8
186,0, 759,9
149,1, 735,6
212,6, 775,8
392,2, 891,8
455,3, 915,5
713,3, 982,4
796,2, 1001,9
841,3, 1008,9
927,2, 1020,5
1049,1, 1035,6
1048,9, 1035,8
1051,9, 1051,1
1051,1, 1052,4
1057,6, 1057,5
1060,3, 1053,9
1061,9, 1048,9
1062,2, 1042,0
1031,1, 1016,7
1025,5, 1010,1
1023,7, 997,2
1022,7, 997,1
1027,4, 995,7
1024,5, 995,2
1022,9, 991,5
1020,2, 988,5
1011,5, 982,7
1012,0, 982,8
84,9, 1251,2
80,3, 1244,3
203,2, 1239,3
198,2, 1239,6
389,3, 1238,9
541,3, 1238,6
1255,5, 1239,4
1812,9, 1307,0
1898,8, 1313,7
1913,4, 1304,6
1950,0, 1302,7
1986,7, 1289,8
1994,2, 1281,0
2038,4, 1276,4
2054,6, 1282,6
2053,2, 1275,3
2056,9, 1268,8
2066,8, 1269,8
2069,7, 1269,2
2069,8, 1270,6
2072,7, 1270,7
2081,6, 1277,2
2093,6, 1269,0
2030,4, 1251,1
1919,5, 1235,5
1608,1, 1163,8
1395,2, 1125,8
1368,5, 1119,5
893,3, 1029,4
877,7, 1027,9
592,9, 958,2
410,1, 917,4
436,8, 927,8
399,4, 913,5
360,7, 899,3
309,9, 890,0
290,3, 884,6
278,8, 882,9
259,7, 863,6
260,0, 863,5
262,9, 872,6
261,6, 873,8
246,9, 867,4
254,3, 873,0
255,2, 872,8
254,9, 869,0
258,6, 880,9
256,1, 883,4
-7,0, 992,5
129,0, 870,4
178,4, 815,4
-305,0, 1204,5
-307,0, 1230,8
-307,0, 1230,8
-307,0, 1230,8
-81,3, 773,6
-155,5, 654,7
233,1, 825,7
73,3, 435,3
-1,0, 255,0
-8,6, 235,5
203,5, 307,9
293,8, 332,7
28,4, 164,0
54,7, 191,4
47,2, 172,6
-163,1, 19,2
-75,4, 74,6
81,2, 172,9
251,4, 281,0
346,2, 341,2
248,9, 387,6
145,0, 775,1
151,7, 801,3
149,9, 787,0
148,1, 775,9
148,0, 776,2
162,4, 779,0
138,4, 769,5
148,0, 767,5
152,8, 760,9
159,1, 767,1
132,9, 753,2
90,5, 921,5
75,7, 1009,6
95,3, 1020,1
111,9, 1018,6
114,2, 1018,2
100,2, 1022,1
106,8, 1023,8
287,5, 968,5
288,1, 955,6
284,9, 949,2
281,8, 940,9
290,4, 944,4
297,1, 946,0
293,1, 944,4
255,6, 992,1
261,5, 995,4
267,7, 994,7
195,3, 1004,2
171,2, 1003,8
176,8, 1001,2
152,0, 998,4
152,0, 998,4
-106,4, 985,4
-119,8, 983,7
-130,2, 977,5
-130,0, 976,5
114,4, 997,6
128,0, 994,8
-148,4, 963,9
-139,0, 972,5
-147,1, 974,3
-159,9, 968,8
-155,6, 962,4
-151,0, 960,7
-150,6, 960,7
127,3, 989,5
135,1, 994,3
402,9, 1039,5
461,3, 1044,0
636,6, 1085,7
682,1, 1098,2
673,0, 1095,7
914,9, 1156,9
903,7, 1153,8
910,9, 1144,5
914,3, 1143,2
920,4, 1141,0
930,0, 1138,1
929,1, 1138,8
943,5, 1137,4
960,9, 1133,7
963,0, 1131,5
968,3, 1128,4
984,5, 1118,7
991,8, 1114,0
1019,1, 1111,2
1093,4, 1118,1
1441,3, 1167,3
1650,4, 1189,3
1676,8, 1195,9
1680,2, 1192,6
1688,7, 1188,6
1713,0, 1197,7
1713,3, 1200,8
1720,4, 1208,5
1750,1, 1234,9
1761,8, 1245,6
1758,8, 1239,3
1754,2, 1236,7
1734,9, 1231,6
1731,6, 1233,1
1743,1, 1248,1
1744,7, 1252,2
1743,2, 1254,8
1757,5, 1268,9
1848,9, 1616,3
1965,5, 1879,7
2164,8, 2330,6
2264,5, 2542,4
2353,0, 2685,3
2389,0, 2746,9
2408,5, 2782,5
2399,1, 2764,0
2498,8, 2783,2
2574,4, 2811,1
2466,5, 2824,4
2460,4, 2800,1
2455,2, 2755,9
2471,9, 2761,3
2504,9, 2767,1
2460,3, 2719,8
2410,7, 2695,8
2412,2, 2696,2
2344,6, 2677,1
2340,0, 2672,6
2104,1, 2448,2
2100,2, 2500,5
1261,2, 1671,8
735,1, 1248,3
381,5, 969,9
401,6, 1012,4
105,2, 842,0
207,7, 867,5
195,3, 866,9
415,0, 981,2
434,1, 995,8
491,2, 1028,7
495,1, 1033,9
489,1, 1028,9
620,7, 1042,4
602,6, 1034,1
496,9, 1022,0
515,6, 991,6
482,0, 995,6
474,4, 1001,0
479,5, 1002,3
485,2, 1012,3
479,5, 1016,6
483,9, 1012,3
484,2, 1014,4
491,3, 1035,2
486,5, 1032,2
486,5, 1032,2
176,3, 1151,7
154,2, 1150,0
161,9, 1151,7
238,4, 1173,5
245,7, 1175,6
249,9, 1168,4
266,8, 1143,5
256,9, 1151,9
258,6, 1160,0
255,1, 1166,7
248,6, 1160,3
251,3, 1163,5
-53,2, 1151,1
198,7, 1156,4
191,6, 1148,2
191,5, 1155,8
193,8, 1148,5
201,9, 1134,3
188,7, 1121,2
192,7, 1102,0
197,0, 1093,4
189,2, 1097,3
181,0, 1099,7
185,0, 1103,4
191,1, 1091,2
199,3, 1094,3
202,0, 1098,3
343,9, 996,8
402,0, 951,0
193,2, 1099,5
179,1, 1077,9
183,1, 1069,5
186,5, 1073,1
147,0, 1048,3
63,9, 1001,8
61,3, 996,0
251,0, 1034,8
475,2, 1075,6
584,6, 1093,5
642,3, 1102,9
733,4, 1121,2
760,6, 1133,0
742,0, 1127,4
762,1, 1134,0
718,7, 1135,0
671,4, 1127,7
517,5, 1089,9
242,4, 1030,9
183,1, 1008,2
121,4, 991,2
-143,2, 939,0
-145,1, 930,5
-165,2, 925,2
-197,2, 911,4
-217,1, 910,3
-350,4, 173,7
-259,8, 185,6
-263,2, 165,0
-123,8, 194,4
-65,9, 217,5
-163,2, 192,5
-232,0, 158,1
-144,0, 181,5
64,6, 438,1
111,4, 491,2
282,8, 744,4
315,0, 797,1
391,7, 874,7
394,7, 882,8
463,4, 930,7
433,1, 921,7
436,3, 928,2
446,1, 934,2
436,4, 934,5
415,3, 928,3
362,8, 917,9
422,9, 941,0
569,2, 976,3
655,3, 989,1
693,5, 994,2
1127,5, 1045,6
1179,0, 1047,6
1205,0, 1049,1
1253,6, 1048,0
1265,2, 1043,7
1277,1, 1040,2
1277,8, 1039,6
1297,1, 1026,7
1362,6, 988,3
1413,7, 980,3
1561,0, 975,6
1571,2, 975,7
1571,5, 976,3
1584,1, 974,2
1668,6, 970,3
1669,6, 973,6
1667,6, 956,3
1667,6, 957,5
1651,9, 967,1
1627,9, 979,5
1622,8, 983,8
1626,2, 979,4
1640,0, 958,5
1535,0, 953,1
1443,1, 955,6
496,5, 902,4
361,0, 898,7
296,1, 893,4
263,1, 900,4
135,9, 889,7
96,5, 887,5
-82,4, 922,1
-56,7, 924,0
-118,8, 937,2
-134,4, 952,9
-84,4, 939,2
-67,0, 882,4
-52,3, 889,5
-50,0, 897,1
-40,3, 897,1
-34,4, 899,6
-26,5, 895,0
-31,1, 889,6
-37,5, 892,4
-32,3, 901,2
-32,7, 896,2
-36,7, 894,0
-47,9, 880,8
-50,4, 866,9
-44,4, 851,8
-45,5, 836,8
-56,7, 810,2
-56,3, 794,0
-64,0, 795,6
-38,1, 796,3
-35,1, 787,9
-37,0, 773,9
-36,5, 775,8
-28,3, 779,9
-26,9, 779,6
598,4, 844,9
760,0, 851,0
739,8, 867,5
790,3, 867,8
1147,5, 960,3
1675,1, 1075,3
1748,4, 1088,2
1783,8, 1090,7
1806,2, 1093,5
1863,0, 1098,1
1926,0, 1104,5
2169,1, 1144,7
2202,2, 1151,2
2367,5, 1186,7
2353,7, 1201,2
2302,8, 1260,0
2317,0, 1248,5
2332,9, 1224,5
2355,7, 1211,6
2383,6, 1194,8
2403,2, 1185,5
2421,1, 1185,4
2428,2, 1191,5
2436,6, 1203,3
2436,5, 1205,2
2435,5, 1200,8
2436,5, 1200,3
2439,2, 1203,4
2441,3, 1203,1
2455,1, 1197,6
2410,2, 1155,2
2343,3, 826,9
2340,7, 813,1
2337,1, 793,4
2310,7, 661,6
2306,6, 661,7
2303,9, 656,4
2305,3, 659,6
2303,0, 658,4
2299,5, 658,8
2299,5, 665,9
2299,7, 668,1
2294,2, 670,9
2293,5, 671,3
2293,7, 673,2
2291,7, 674,3
2287,7, 669,8
2280,7, 664,3
2296,8, 990,6
2305,2, 1191,6
2364,1, 1550,8
2332,9, 1537,6
2337,4, 1616,0
2430,5, 1861,4
2425,9, 1892,5
2517,3, 2176,0
2552,3, 2286,6
2550,5, 2257,6
2602,3, 2505,7
2665,8, 2536,4
2631,2, 2515,7
2601,2, 2508,8
2522,2, 2518,5
2490,9, 2529,9
2479,9, 2528,8
2466,9, 2534,9
2471,5, 2547,8
2456,5, 2553,4
2487,1, 2567,2
2498,1, 2573,3
2520,8, 2589,2
2530,7, 2603,3
2487,9, 2572,9
2483,0, 2567,9
2438,5, 2535,2
2387,5, 2495,5
2376,1, 2499,6
1690,8, 1802,5
1968,1, 2082,2
2216,5, 2328,1
1175,3, 1254,4
1162,0, 1244,3
854,9, 958,1
619,4, 812,7
308,7, 682,1
91,0, 625,4
142,8, 635,3
101,5, 632,6
31,6, 631,5
98,9, 651,4
60,6, 649,4
122,5, 660,0
102,3, 645,3
111,4, 638,3
46,6, 610,9
-131,3, 601,4
-98,8, 622,3
-141,8, 1061,1
-150,5, 1057,4
-150,9, 1055,0
-154,1, 1050,2
-153,0, 1049,7
-152,4, 1039,6
-152,6, 1034,9
121,7, 1093,2
113,1, 1092,4
232,6, 1119,9
240,0, 1126,4
242,4, 1127,7
242,1, 1127,4
230,4, 1119,9
231,3, 1112,8
232,8, 1110,3
159,2, 1208,4
155,2, 1209,5
162,8, 1212,7
163,4, 1210,9
162,7, 1205,0
150,6, 1204,8
158,8, 1205,1
170,9, 1203,6
170,6, 1196,3
170,4, 1193,2
485,5, 1180,8
612,0, 1152,4
961,5, 1093,7
914,9, 1097,2
915,9, 1095,2
911,6, 1092,4
957,7, 1075,0
988,0, 1062,1
1005,8, 1050,9
1014,1, 1044,6
1022,9, 1033,6
1033,4, 1026,7
1039,6, 1021,8
1055,0, 990,6
1060,9, 987,7
1072,8, 967,1
1088,9, 947,5
1098,6, 929,0
1136,6, 900,1
1130,0, 900,9
1183,8, 858,0
1224,7, 845,7
1198,4, 830,8
-14,8, 690,2
-6,1, 691,7
-6,1, 691,7
244,2, 240,0
250,8, 4,4
296,3, 27,4
162,8, -2,5
153,4, -23,4
192,0, -3,3
257,4, -26,0
261,6, -28,7
1072,2, 293,3
1093,8, 300,3
1211,2, 353,2
1262,4, 379,7
1287,6, 394,9
1349,4, 424,5
1443,7, 473,6
1471,1, 440,8
1484,1, 431,5
1486,5, 364,2
1492,0, 360,9
1489,2, 359,9
1503,9, 347,1
1503,8, 346,9
1497,2, 342,3
1489,4, 333,0
1497,5, 347,7
1498,8, 350,1
1500,8, 347,2
1500,8, 343,5
1500,3, 349,0
1497,7, 347,1
1496,5, 346,6
1496,5, 344,8
1494,7, 343,1
1495,7, 339,3
1497,6, 339,5
1497,6, 339,5
1497,5, 339,6
1493,8, 339,4
1493,3, 334,4
1475,6, 334,5
756,5, 322,2
354,8, 337,6
159,3, 389,4
62,2, 361,1
58,4, 365,7
58,4, 365,7
-334,1, 264,6
-226,9, 242,0
-275,0, 253,7
-90,2, 222,2
-97,8, 205,6
295,9, 73,0
372,5, 98,4
372,5, 98,4
340,3, 10,9
420,9, 69,4
421,2, 70,3
498,2, 129,1
537,9, 162,8
606,2, 217,2
619,8, 228,3
642,1, 258,7
658,6, 268,4
706,7, 295,0
718,8, 303,7
719,1, 303,6
721,8, 306,1
746,8, 314,7
742,3, 312,7
779,9, 339,5
2456,8, 2513,9
2375,6, 2340,0
2390,0, 2380,7
2443,8, 2459,0
2507,9, 2549,9
2488,5, 2581,9
2497,2, 2602,5
2500,5, 2602,5
2461,8, 2632,7
2461,3, 2649,4
2459,9, 2647,4
3044,7, 823,3
3025,6, 775,2
3016,0, 777,1
3007,9, 784,7
3056,2, 775,0
3081,7, 776,3
3088,6, 779,4
3083,4, 782,7
3074,3, 790,1
3036,7, 828,7
3022,0, 829,7
2925,6, 839,1
2929,1, 840,7
2387,6, 863,4
2089,6, 871,4
1942,9, 881,3
1924,7, 885,1
1916,3, 884,5
1897,1, 889,0
1643,5, 864,5
1697,6, 869,4
1394,7, 841,5
1394,2, 832,5
1113,5, 790,8
252,2, 489,8
263,9, 507,9
258,4, 502,0
261,2, 500,8
263,5, 501,4
-48,2, 803,6
-42,9, 802,6
-31,3, 806,1
-31,8, 808,1
-37,4, 807,2
-51,6, 809,3
-59,9, 782,6
-47,6, 784,8
-35,3, 782,5
-41,3, 764,6
-61,2, 748,0
-58,0, 745,6
-31,2, 721,1
-29,1, 721,8
221,9, 679,1
350,9, 715,3
452,5, 749,5
623,0, 794,2
620,2, 790,6
702,2, 825,6
794,4, 861,7
809,0, 873,8
854,5, 889,8
896,5, 905,9
908,5, 906,4
940,1, 893,4
960,0, 887,1
989,9, 883,6
1005,6, 881,0
1013,6, 874,9
1039,4, 862,5
1066,2, 818,4
1073,1, 805,4
1078,0, 794,7
1105,5, 778,2
1126,4, 768,0
1134,7, 768,7
1158,1, 769,1
1195,9, 771,9
1235,2, 790,2
1244,2, 794,3
1251,3, 792,9
1270,1, 796,6
1327,9, 822,7
1334,7, 822,7
1347,2, 825,6
1333,3, 812,2
1309,0, 794,1
1145,5, 765,0
1187,3, 770,7
1179,0, 768,2
992,2, 754,8
998,0, 762,5
1000,1, 771,6
987,8, 760,8
1003,7, 766,8
1009,4, 765,4
1011,1, 769,9
1012,8, 766,1
1014,2, 765,7
1014,2, 763,5
1014,7, 763,0
1013,5, 760,3
1014,7, 759,7
1012,4, 759,1
1007,8, 755,1
1013,3, 754,0
1018,3, 747,9
1019,2, 745,0
1020,5, 734,0
1020,5, 734,9
1020,6, 734,4
1020,0, 733,9
1019,6, 734,3
1018,4, 737,1
1018,8, 735,6
1018,8, 734,9
1018,8, 732,9
1019,4, 730,1
1019,7, 718,8
1018,9, 717,1
1017,7, 726,7
1017,1, 725,1
1021,1, 729,3
1022,0, 734,2
1020,6, 732,5
1007,9, 730,2
1012,8, 730,9
1017,5, 734,8
1023,6, 732,5
1017,2, 718,2
1013,7, 716,2
940,0, 708,5
610,0, 625,4
580,1, 614,8
496,3, 588,1
435,0, 581,2
242,4, 591,3
259,9, 592,0
267,7, 598,6
253,8, 613,6
246,7, 617,8
-57,8, 631,1
-86,8, 632,5
-83,0, 646,8
-71,3, 640,3
-50,8, 640,4
-53,9, 641,4
-63,0, 647,6
-58,8, 656,9
-51,3, 649,4
-56,7, 789,4
-82,7, 787,1
-70,6, 782,3
-63,8, 785,5
-64,6, 787,1
-87,1, 529,2
-109,4, 398,8
-121,5, 396,0
-119,7, 379,4
-295,9, 323,5
-300,2, 342,7
-357,5, 408,7
-193,7, 471,8
-112,0, 480,6
-133,6, 474,6
-276,4, 446,1
-344,3, 407,4
-382,2, 374,2
-340,6, 345,1
-375,6, 346,9
-372,7, 324,9
-358,2, 322,0
-332,5, 329,6
-282,3, 290,6
-165,5, 292,4
140,9, 260,5
117,6, 229,5
108,2, 228,1
115,4, 241,1
133,5, 256,4
-389,6, 334,9
-34,6, 843,8
49,4, 920,7
46,8, 993,3
91,9, 1173,1
85,1, 1186,1
117,1, 1190,0
157,2, 1203,2
125,1, 1205,6
99,9, 1210,9
231,3, 1234,7
288,5, 1246,5
318,9, 1250,9
410,9, 1265,3
392,3, 1275,9
371,0, 1273,0
377,4, 1271,5
374,2, 1271,4
385,0, 1267,5
393,9, 1262,2
392,2, 1261,8
413,4, 1254,9
434,3, 1251,3
431,7, 1251,9
423,5, 1254,2
406,1, 1256,7
378,2, 1277,0
385,3, 1273,0
386,3, 1271,0
381,8, 1270,5
386,3, 1265,7
398,9, 1255,1
404,3, 1260,4
398,2, 1259,4
367,5, 1263,8
375,8, 1262,0
195,4, 1271,4
200,6, 1273,5
146,9, 1284,8
117,6, 1285,0
179,5, 1277,5
177,3, 1280,8
178,2, 1285,3
180,3, 1279,7
177,4, 1279,0
215,4, 1264,2
230,9, 1262,1
236,5, 1269,8
239,3, 1272,2
203,3, 1149,1
200,1, 1103,3
209,5, 1094,5
206,5, 1101,0
205,1, 1112,4
216,1, 1117,9
213,5, 1123,9
204,4, 1140,3
215,5, 1217,6
113,3, 1231,0
112,9, 1227,1
115,7, 1228,1
121,1, 1225,4
120,3, 1224,7
107,3, 1220,7
165,3, 1223,7
197,1, 1226,4
197,2, 1231,7
105,4, 1222,6
123,8, 1226,2
124,3, 1224,8
119,7, 1220,6
119,5, 1220,4
129,4, 1199,7
130,7, 1198,8
132,0, 1200,4
219,2, 1201,1
216,6, 1199,5
218,1, 1197,0
689,3, 640,4
690,0, 637,6
690,0, 637,6
702,5, 612,3
706,1, 586,2
681,2, 544,6
657,1, 506,9
649,9, 500,5
625,9, 476,3
584,3, 437,3
585,9, 439,7
580,6, 439,3
-57,7, 564,3
-205,7, 741,2
-220,2, 724,2
-226,6, 716,7
661,0, 761,5
765,6, 765,8
886,2, 765,9
868,8, 765,8
908,7, 763,1
975,4, 759,5
1105,1, 724,2
1219,7, 733,9
1228,7, 690,5
1233,1, 636,1
1226,2, 624,4
1229,4, 630,5
1259,6, 669,7
1275,0, 692,8
1287,9, 717,6
1290,7, 721,0
1287,6, 714,4
1274,5, 690,4
1271,1, 675,4
1267,3, 670,0
1262,3, 662,3
1259,7, 658,5
1262,0, 654,5
1262,0, 653,2
1259,6, 644,6
1261,9, 634,0
1263,6, 627,0
1264,1, 626,0
1260,0, 616,8
1258,3, 620,8
1255,4, 619,9
1255,1, 619,8
1256,7, 617,2
1257,7, 615,0
1259,6, 613,5
1259,5, 611,4
1259,7, 603,4
1261,7, 597,7
1261,9, 597,3
1259,1, 600,7
1259,1, 600,5
1258,9, 591,2
1256,0, 590,0
1084,3, 500,2
980,4, 446,2
965,2, 435,9
955,2, 430,1
924,8, 422,5
913,5, 414,4
913,6, 410,4
898,9, 406,5
904,6, 407,1
913,8, 400,8
930,7, 401,4
946,1, 392,9
951,1, 392,9
939,6, 401,3
927,7, 408,7
920,8, 408,3
904,9, 411,4
700,4, 385,8
500,2, 317,8
4,2, 216,5
-223,5, 151,7
-214,2, 145,5
-215,9, 142,3
-228,4, 142,6
-243,1, 135,9
-207,3, 148,6
-210,1, 144,7
-227,6, 135,3
2053,9, 632,3
754,7, 1,6
782,0, -62,6
843,1, -65,3
836,7, -61,0
985,7, -53,0
1065,9, -40,6
1332,9, -4,9
1331,6, -3,9
1384,2, 4,8
1473,8, 17,1
1572,3, 87,9
1619,3, 67,1
1605,8, 78,1
1601,1, 98,3
1595,2, 47,4
1582,2, 114,4
1586,0, 125,1
1591,4, 118,8
1601,6, 98,0
1644,6, 45,9
1668,2, 28,0
1664,7, 32,0
1707,5, 22,5
1728,1, 32,3
1742,1, 41,0
1761,1, 53,5
1774,9, 66,5
1782,4, 73,5
1790,8, 71,1
1782,8, 67,8
1777,3, 66,7
1806,2, 75,1
1774,0, 62,8
1798,9, 74,8
1803,5, 74,7
1795,3, 72,0
1800,4, 74,6
1792,0, 81,9
1848,6, 80,7
1845,6, 81,3
1851,7, 77,3
1847,5, 79,3
1792,6, 44,2
1798,2, 47,5
1685,3, -2,7
1044,3, -9,9
1633,3, 185,3
1575,0, 187,5
2173,2, 938,9
2580,8, 2807,8
2464,3, 2580,1
2530,0, 2581,8
2500,5, 2597,4
2477,5, 2585,9
-608,8, -278,4
2144,7, 315,0
2268,8, 523,8
1642,3, 465,9
2183,0, 353,4
-338,7, 143,4
-234,5, 200,5
-260,8, 192,0
-207,2, 364,8
-178,0, 450,7
-205,9, 435,9
-208,1, 437,7
-208,4, 441,2
-216,5, 430,5
-173,3, 475,8
-205,8, 443,9
-244,8, 425,2
-231,1, 430,3
-232,7, 419,8
-227,6, 418,9
-208,5, 414,2
-213,2, 402,7
-233,4, 377,2
-261,5, 349,0
-272,9, 341,2
-258,8, 345,3
-254,9, 359,3
-251,6, 359,3
-244,1, 364,3
-252,3, 372,0
-259,2, 375,9
-260,3, 376,7
-389,3, 498,2
-386,9, 600,0
-389,7, 537,0
-358,3, 671,6
-168,6, 765,8
-92,8, 802,2
276,0, 974,7
281,1, 982,5
301,6, 994,0
300,9, 991,9
296,3, 982,8
307,7, 529,2
341,0, 549,4
319,7, 531,4
333,1, 537,7
336,1, 544,6
338,9, 549,1
344,4, 550,2
32,6, 380,3
-57,6, 232,3
189,8, 604,9
204,4, 606,2
206,9, 616,2
200,5, 613,2
212,4, 617,7
195,4, 682,6
108,9, 673,6
130,7, 726,3
168,2, 782,2
313,6, 874,3
388,5, 911,2
400,7, 918,3
420,0, 929,3
416,4, 947,2
415,3, 952,0
410,3, 961,8
426,8, 1005,1
442,9, 1029,1
455,2, 1059,6
469,7, 1100,4
441,9, 1092,4
430,1, 1092,1
402,3, 1088,7
397,2, 1090,9
364,5, 1076,5
353,2, 1071,1
341,6, 1063,0
339,2, 1064,0
318,9, 1060,0
284,6, 1070,1
282,8, 1070,7
280,9, 1070,4
281,3, 1072,3
282,9, 1080,2
283,2, 1080,1
278,5, 1079,5
272,7, 1078,8
266,2, 1081,0
269,2, 1086,1
276,6, 1084,2
278,6, 1084,2
279,4, 1082,6
276,3, 1076,7
274,1, 1066,7
270,8, 1066,9
257,7, 1074,0
253,5, 1075,8
253,7, 1081,0
259,3, 1081,1
249,4, 1066,4
238,5, 1041,0
237,0, 1040,8
234,3, 1041,9
229,8, 1044,5
239,3, 1040,1
251,1, 1028,9
251,4, 1026,2
253,6, 1024,9
247,9, 1017,5
246,0, 1016,8
229,4, 1000,7
231,0, 991,4
230,1, 990,8
229,5, 976,0
233,9, 976,3
230,9, 974,6
227,1, 952,6
229,4, 959,6
235,9, 957,7
257,7, 951,2
267,8, 944,4
301,8, 949,3
806,3, 610,6
916,5, 625,1
997,3, 645,7
1076,0, 672,2
1166,4, 698,1
1179,8, 700,3
1217,1, 703,0
1363,0, 713,0
1371,4, 704,0
1364,3, 666,0
1349,3, 626,9
1341,0, 581,5
1337,7, 571,9
1335,5, 566,8
1334,4, 558,3
1313,3, 467,6
1313,6, 468,0
1311,6, 465,4
1316,2, 470,6
1320,5, 479,4
1319,3, 498,0
1321,2, 504,0
1332,5, 521,5
1329,5, 517,8
152,3, 248,7
145,3, 265,8
121,8, 236,1
121,3, 215,7
107,4, 217,4
107,8, 216,8
107,3, 216,9
271,9, 191,7
340,3, 190,1
398,9, 204,4
1005,7, 376,5
1138,6, 411,0
1288,3, 441,8
1443,1, 478,3
1632,6, 503,3
1672,8, 509,2
1815,1, 521,2
1954,2, 548,4
1980,4, 545,8
1947,6, 517,5
1852,8, 430,2
1809,8, 443,1
1748,0, 484,3
1727,8, 497,8
159,6, 108,5
-303,3, -2,0
-303,0, -17,7
-325,2, -56,8
-486,4, 264,2
-280,6, 516,9
-435,9, 515,3
-238,7, 577,8
-268,9, 580,3
-284,8, 575,0
-282,6, 578,6
-283,8, 576,5
-272,3, 561,5
-189,5, 617,5
-210,7, 599,1
-251,4, 570,3
-256,9, 565,1
-234,8, 571,0
-269,8, 544,3
-266,9, 547,5
-256,3, 529,7
-252,1, 521,2
-252,1, 521,2
-402,5, 140,4
-420,3, 164,4
-414,3, 173,0
-423,1, 195,8
-406,7, 214,4
-417,0, 224,0
-406,3, 225,6
-370,8, 239,5
-373,3, 238,2
-341,9, 241,0
-294,3, 281,0
-185,6, 501,2
-138,4, 575,0
-170,7, 600,1
-160,3, 596,0
-260,7, 970,4
-257,5, 1062,3
-229,1, 1057,2
-258,6, 1028,9
-267,4, 890,1
-274,9, 836,8
-298,4, 831,7
-295,2, 833,7
-273,6, 818,0
-274,4, 827,5
-262,2, 824,8
-374,3, 231,5
-409,5, 247,4
-397,0, 244,1
-374,8, 224,7
-390,8, 219,1
-391,8, 202,1
-394,1, 207,2
-403,4, 210,9
-426,6, 204,9
-245,4, 500,7
-234,9, 527,3
-232,6, 519,4
-242,0, 516,0
-239,9, 526,4
-239,1, 517,5
-319,0, 364,7
-325,4, 344,7
-324,2, 351,7
-332,9, 361,9
-280,7, 392,5
-230,2, 500,5
-217,8, 533,7
-231,4, 541,5
-236,9, 532,6
-233,1, 524,1
-254,0, 484,5
-263,4, 471,7
-269,1, 474,1
-276,2, 448,2
-283,9, 451,8
-287,3, 453,4
-182,0, 362,7
-59,6, 304,2
255,0, 271,2
367,4, 279,5
557,5, 304,9
826,8, 391,8
1067,6, 437,0
1174,9, 413,1
2630,0, 374,1
2630,9, 381,5
2630,9, 381,5
2630,9, 381,5
2634,6, 346,3
2626,2, 343,7
2619,1, 349,7
2611,6, 360,3
2610,5, 366,2
2600,8, 385,0
2603,6, 383,1
2599,5, 406,6
2614,4, 408,6
2608,4, 407,9
2611,6, 405,9
2611,6, 406,1
2610,9, 405,6
2625,5, 395,0
2619,5, 393,3
2615,6, 392,5
2617,5, 397,8
2628,7, 419,0
2640,3, 400,5
2638,8, 389,9
2628,2, 399,2
2626,6, 376,6
2674,4, 363,5
2782,8, 304,9
2865,3, 278,7
2933,0, 252,8
3061,3, 157,8
3095,3, 138,6
3134,5, 160,6
3133,0, 173,7
3117,7, 186,0
3103,8, 201,5
3072,2, 263,2
2278,6, 118,5
2288,6, 177,1
751,1, -42,7
-231,7, 490,3
-336,8, 425,9
-84,7, 314,3
-111,7, 305,8
-105,0, 318,5
-96,3, 316,5
-81,3, 318,7
-90,8, 311,3
-225,9, 600,5
-226,0, 606,1
-218,3, 616,8
-191,6, 638,7
299,8, 1321,1
354,5, 1313,1
354,8, 1313,1
346,4, 1309,3
280,3, 1285,5
235,3, 1267,5
199,1, 1273,7
209,3, 1269,0
202,9, 1263,9
196,2, 1247,8
211,4, 935,3
212,8, 874,8
269,9, 637,5
279,5, 617,6
153,7, 457,3
120,2, 422,3
120,2, 422,3
34,2, 349,0
50,0, 357,8
51,9, 352,3
49,8, 348,2
-97,6, 157,4
-124,9, 149,1
-61,0, 208,1
-57,2, 211,4
-251,1, 54,6
-35,3, 191,0
332,8, 722,7
579,1, 1096,1
604,1, 1092,0
590,2, 1099,3
596,1, 1098,2
602,1, 1101,0
601,7, 1097,6
604,4, 1102,0
553,8, 1094,5
527,9, 1078,8
493,7, 1062,0
489,4, 1058,9
465,8, 1060,1
477,1, 1055,4
473,7, 1062,6
479,8, 1072,5
488,3, 1073,3
625,4, 1085,9
1171,3, 1022,0
1239,6, 1021,6
1272,7, 1018,3
1739,6, 980,9
1911,6, 979,8
1999,9, 993,5
2084,9, 1003,3
2103,2, 1013,5
2169,7, 1037,7
2236,9, 1047,4
2246,1, 1029,8
2264,6, 1019,2
2298,2, 1026,2
2310,5, 1021,9
2326,4, 1013,0
2334,0, 1008,0
2355,3, 992,1
2351,3, 995,2
2364,5, 979,3
2148,3, 1060,1
2146,2, 1062,5
2099,4, 1084,5
1982,6, 1140,6
1904,2, 1181,9
1852,3, 1209,9
1850,1, 1210,6
1850,4, 1213,4
1852,8, 1212,0
1797,3, 1207,8
1770,9, 1205,4
1696,7, 1228,7
1692,5, 1230,3
1702,7, 1228,3
1678,2, 1240,6
1669,7, 1254,2
1659,5, 1253,4
1658,6, 1259,7
1655,2, 1258,1
1659,1, 1263,3
1659,5, 1263,7
1660,7, 1265,1
1662,4, 1264,5
1660,4, 1255,3
1667,2, 1255,0
1666,1, 1255,4
1665,4, 1253,8
1664,9, 1254,1
1615,1, 1242,2
1514,0, 1209,7
1300,5, 1102,2
1224,9, 1109,6
741,6, 1068,9
532,8, 1049,6
347,8, 1040,2
10,2, 1027,4
-41,5, 1036,9
-72,9, 690,6
-79,8, 693,2
-107,6, 674,7
-155,3, 719,4
-126,8, 913,0
-109,2, 1000,7
-113,7, 995,1
-104,5, 991,9
-102,3, 990,5
-85,0, 991,4
-41,3, 418,2
-69,9, 409,0
-58,3, 402,0
-38,7, 402,0
-36,2, 397,5
-20,3, 389,4
-102,7, 381,8
-93,7, 407,1
-85,8, 413,9
-90,5, 411,0
-91,3, 401,9
-84,3, 429,4
-119,6, 423,3
-140,9, 402,9
-126,2, 412,3
-128,8, 417,5
-118,8, 426,9
-40,5, 1166,1
-148,2, 1140,6
-155,5, 1144,7
-121,7, 1152,7
-42,6, 1175,2
133,4, 1188,5
133,8, 1210,6
135,1, 1209,0
132,5, 1210,5
131,9, 1210,5
146,7, 1225,7
107,6, 1239,2
104,5, 1237,8
103,9, 1252,8
135,6, 1243,5
119,8, 1255,6
43,3, 1282,5
65,0, 1273,2
128,1, 1242,7
102,8, 1252,9
127,0, 1242,7
125,7, 1243,2
137,9, 1241,3
117,5, 1252,1
123,7, 1244,7
107,1, 1252,9
124,0, 1246,5
103,2, 1258,3
126,8, 1253,7
170,0, 1271,9
241,4, 1267,4
388,4, 1305,8
644,9, 1349,9
899,7, 1391,6
1058,5, 1405,2
1004,5, 1398,3
1386,1, 1392,9
1556,7, 1366,8
1662,4, 1359,0
1901,7, 1305,8
1934,8, 1303,3
1969,6, 1300,3
1954,7, 1300,3
2002,3, 1297,8
2364,4, 1279,5
2433,9, 1271,0
2502,1, 1258,7
2858,2, 1254,9
2844,9, 1211,8
2858,2, 1227,5
2921,8, 1218,6
2901,7, 1219,7
2891,6, 1235,2
2943,1, 1214,6
2901,9, 1217,8
2928,1, 1215,0
2917,1, 1212,4
2900,8, 1213,6
2896,9, 1201,3
2896,7, 1196,5
2876,5, 1196,6
2882,3, 1193,3
2879,9, 1187,0
2880,5, 1188,4
2886,3, 1180,3
2901,9, 1171,3
2902,9, 1168,2
2903,3, 1140,2
2909,7, 1139,7
2924,9, 1147,3
3078,0, 1135,4
3185,3, 1118,5
3359,4, 1069,4
3338,8, 1080,7
3349,1, 1079,6
3378,8, 1060,6
3373,1, 1066,0
3360,9, 1074,6
3349,9, 1078,8
3332,4, 1077,2
3346,1, 1066,2
3333,3, 1071,6
3319,6, 1069,2
3270,1, 1062,6
3260,9, 1061,1
3250,9, 1041,8
3219,2, 1008,6
-98,3, 1287,3
-102,5, 1288,1
-95,4, 1285,6
-95,2, 1285,5
-156,1, 847,7
180,5, 731,2
192,9, 728,2
185,5, 724,6
192,1, 728,0
196,6, 723,4
197,4, 723,7
181,0, 718,6
187,2, 735,8
204,2, 749,8
344,6, 1012,6
271,5, 1006,7
238,3, 1064,3
223,3, 1108,8
218,5, 1119,0
215,5, 1136,1
227,3, 1139,8
245,3, 1148,7
240,2, 1150,9
203,6, 1155,9
197,7, 1158,8
186,8, 1175,2
170,1, 1130,9
171,0, 1136,1
196,2, 1141,2
197,0, 1137,9
212,4, 1140,8
206,5, 1151,7
199,9, 1147,7
197,5, 1150,9
199,3, 1182,3
207,1, 1177,7
204,2, 1179,2
187,9, 1180,2
187,2, 1185,4
186,9, 1184,7
177,3, 1193,9
178,3, 1207,5
195,3, 1308,5
201,2, 1319,5
198,1, 1336,6
156,1, 1335,5
170,9, 1337,7
133,4, 1327,3
119,2, 1322,4
117,3, 1313,5
106,6, 1324,9
108,0, 1322,5
109,5, 1329,0
127,6, 1314,5
125,6, 1314,9
120,8, 1310,0
118,7, 1308,5
120,5, 1308,6
122,7, 1306,6
138,2, 1350,4
134,1, 1321,6
131,1, 1318,3
111,8, 1317,2
107,6, 1314,9
104,0, 1311,4
118,4, 1308,0
127,6, 1281,0
129,6, 1286,3
132,2, 1286,4
139,5, 1279,2
157,4, 1279,3
153,0, 1278,8
148,9, 1274,6
147,2, 1272,3
145,2, 1271,1
148,7, 1272,5
154,1, 1271,9
164,9, 1246,9
160,3, 1247,8
154,2, 1246,7
256,3, 1135,9
206,4, 1184,8
316,6, 1123,5
338,9, 1142,5
430,8, 1145,4
438,7, 1126,8
574,4, 1134,8
607,9, 1126,4
641,5, 1122,8
648,5, 1121,2
686,1, 1101,5
731,0, 1093,9
708,9, 1067,6
687,2, 1055,1
656,3, 1042,3
-59,4, 946,4
-175,9, 929,9
-133,7, 938,3
-93,9, 945,1
-91,3, 944,2
-87,6, 943,9
-37,4, 806,6
-67,8, 786,6
-43,5, 788,6
-137,7, 243,3
746,8, 392,8
838,1, 360,8
920,0, 361,8
1005,7, 362,5
997,3, 358,5
1126,9, 345,0
1196,6, 320,8
1562,8, 237,8
1584,4, 220,5
1599,3, 215,3
1612,8, 195,7
1612,5, 190,7
1624,1, 191,3
1041,1, 116,9
982,5, 210,9
958,1, 191,5
920,2, 170,8
912,7, 166,5
902,6, 163,1
903,9, 168,7
889,1, 159,0
904,7, 178,7
893,4, 168,6
911,5, 206,7
930,5, 251,0
940,8, 301,5
976,5, 344,0
978,6, 331,6
959,0, 315,2
919,3, 303,0
896,9, 296,1
314,1, 365,4
-127,9, 69,7
-6,7, 250,6
107,4, 424,8
110,6, 420,4
99,6, 405,3
2395,2, 706,1
2439,8, 658,6
2728,3, 653,0
3128,9, 585,3
3130,1, 632,6
3114,3, 641,5
2416,3, 798,2
2426,8, 796,4
2425,8, 794,1
2427,4, 796,8
2429,3, 798,5
2432,5, 796,7
2437,4, 783,3
2435,6, 773,5
2427,9, 777,1
2398,1, 761,7
2098,8, 756,3
1706,6, 808,2
1771,8, 791,7
1723,7, 773,2
1708,5, 777,1
1708,7, 778,2
1710,2, 777,1
1718,5, 791,0
1692,0, 796,6
1678,1, 796,2
1535,0, 802,0
1383,0, 833,6
1278,1, 851,7
1094,2, 869,8
933,0, 888,3
794,0, 906,9
747,6, 902,2
602,5, 856,1
546,5, 829,0
532,6, 823,0
527,2, 821,4
545,2, 834,5
554,8, 838,8
571,6, 848,0
605,9, 877,1
598,6, 873,1
671,2, 923,8
662,5, 920,8
676,3, 929,8
684,0, 932,7
688,0, 924,7
685,9, 917,1
631,4, 903,7
540,1, 861,6
51,8, 605,1
65,8, 625,1
-65,6, 235,1
-75,0, 217,1
-84,6, 214,9
-78,6, 224,3
-47,5, 252,4
-38,0, 455,1
-26,6, 527,4
-13,4, 539,4
-16,8, 541,7
-32,1, 542,0
-66,3, 593,0
-36,1, 664,3
1,1, 677,8
12,5, 679,3
9,7, 679,8
19,3, 674,3
22,1, 687,1
24,4, 682,6
35,5, 686,1
26,9, 692,9
21,1, 694,9
668,1, 709,9
917,2, 641,6
963,8, 645,3
1063,7, 639,0
1346,2, 616,1
1229,2, 623,8
1567,3, 607,2
1582,1, 605,2
1650,1, 546,7
1702,9, 535,7
1697,8, 564,2
1712,0, 551,8
1704,5, 545,8
1701,5, 553,9
1704,3, 554,1
1711,1, 561,0
1737,3, 581,1
1722,7, 574,1
1776,6, 569,7
1896,5, 574,5
1913,0, 575,8
2062,6, 563,0
2133,0, 555,5
2131,5, 551,8
2126,1, 540,0
2130,0, 543,5
2147,0, 468,6
2148,6, 462,7
2153,2, 440,3
2150,2, 443,1
2149,7, 444,0
2148,5, 445,8
2154,2, 451,6
2155,0, 466,0
2156,6, 470,7
2156,9, 472,0
2155,3, 471,3
2155,5, 474,0
2155,6, 478,7
2156,5, 480,7
2157,7, 482,2
2160,8, 481,0
2162,6, 475,5
2162,9, 477,8
2163,3, 476,8
2164,2, 473,4
2158,8, 472,1
2135,3, 474,4
2063,9, 448,9
1869,5, 418,8
1348,1, 350,2
1137,8, 275,9
1724,6, 150,5
-7,9, 3,9
-54,4, -30,5
-60,4, -23,9
-63,1, -20,9
632,2, 307,9
544,3, 223,3
543,3, 222,1
584,7, 246,0
548,4, 298,8
551,5, 294,2
558,7, 286,3
537,6, 283,6
551,0, 290,6
585,3, 299,5
776,2, 321,5
938,6, 355,3
1046,7, 383,3
1175,3, 413,4
1521,8, 502,8
1598,2, 521,0
1598,4, 515,9
1598,4, 486,4
1599,7, 430,0
1586,8, 444,4
1595,7, 408,5
1590,6, 404,6
1550,0, 349,3
1546,3, 345,5
1545,0, 348,6
1528,3, 297,5
1530,1, 305,0
1529,0, 310,1
1481,0, 281,3
1416,9, 232,3
1253,2, 164,7
665,2, 144,6
727,8, 111,9
805,5, 136,5
883,6, 158,2
1044,5, 189,3
1722,6, 260,4
1982,4, 283,4
2154,3, 300,6
2286,9, 308,5
2437,6, 316,7
2539,5, 330,7
2571,5, 342,8
2732,6, 380,4
2761,3, 388,7
2773,3, 391,8
2793,5, 385,6
2826,7, 385,4
2839,0, 393,8
2839,1, 447,8
2848,7, 446,7
2851,2, 445,3
2850,7, 442,5
2855,5, 434,0
2857,1, 434,4
2883,1, 444,3
2888,0, 436,7
3266,8, 506,4
3447,5, 545,2
3503,9, 558,8
3497,8, 555,4
3486,4, 551,3
3486,8, 574,3
3495,2, 589,3
3475,1, 607,2
3455,6, 627,5
3359,3, 687,9
3364,0, 688,2
399,7, 543,6
291,0, 490,3
265,1, 502,2
256,3, 514,3
253,1, 513,2
310,5, 535,7
324,5, 542,3
315,9, 552,0
329,2, 572,8
326,6, 559,9
323,7, 553,0
72,4, 836,3
77,1, 813,1
89,3, 819,0
87,7, 822,5
82,7, 819,0
91,6, 815,0
-261,1, 545,8
-240,5, 554,0
-300,1, 538,3
-300,9, 529,3
-242,4, 556,9
-267,2, 542,4
-230,9, 575,6
-207,6, 576,9
-216,8, 575,2
-212,6, 565,9
-221,8, 568,2
-275,5, 543,5
-312,4, 530,8
-334,8, 522,9
-334,6, 512,6
-401,3, 473,8
-415,1, 459,2
-406,2, 448,9
-419,3, 451,5
-412,1, 458,5
-430,6, 458,4
-415,2, 450,3
-441,7, 435,8
-440,3, 423,4
171,0, 425,9
205,8, 373,7
210,5, 438,7
1958,9, 165,7
1949,0, 224,9
1949,0, 224,9
1948,5, 222,0
1946,0, 209,5
1945,3, 214,4
1938,6, 196,6
1941,3, 181,2
1945,4, 151,4
1935,2, 147,8
1883,6, 16,4
1868,0, 4,9
1853,0, 6,1
1846,9, 15,8
1844,1, 1,5
1853,0, -30,1
1854,4, -36,0
1853,7, -38,2
1853,1, -39,4
1871,8, -52,5
1884,3, -47,2
1805,3, 49,3
3118,9, 0,5
3126,0, 11,7
3126,2, 33,1
3118,8, 43,7
3104,4, 60,1
3096,5, 68,4
3083,8, 83,1
3078,2, 88,5
3101,4, 61,8
3139,4, 2,6
3134,5, 57,1
3152,9, 94,1
3151,9, 93,4
2363,8, 77,8
2488,6, 51,8
2534,4, 37,1
2638,4, 28,6
2628,3, 58,7
2563,0, 196,0
2617,6, 73,0
2625,0, 51,0
2603,0, -18,5
2602,5, 36,5
2602,2, 22,1
2604,6, 48,3
2608,2, 65,7
2626,6, 71,0
2631,5, 92,4
2645,0, 61,5
2649,6, 32,3
2652,4, -42,7
2665,1, -7,5
2658,7, -0,8
2507,5, 52,9
1657,6, 226,9
1259,7, 245,9
991,3, 200,6
251,1, 44,7
249,4, 41,2
257,1, 56,6
260,9, 57,1
244,5, 36,5
8,4, 243,9
338,1, 549,5
588,0, 810,4
776,4, 935,2
842,7, 1001,6
1059,7, 1140,8
1255,4, 1243,2
1508,4, 1380,4
1501,3, 1377,4
1525,6, 1382,0
1687,8, 1438,0
1718,0, 1440,8
1732,0, 1440,3
1739,7, 1440,3
1754,1, 1447,2
1755,8, 1443,0
1785,0, 1439,9
1796,9, 1439,9
1809,7, 1439,6
1868,1, 1421,8
1881,6, 1425,1
1891,8, 1434,4
1877,4, 1424,7
1873,3, 1430,3
1873,3, 1426,0
1870,5, 1422,6
1845,8, 1411,1
1743,8, 1415,9
1754,8, 1415,3
1700,2, 1417,7
1696,7, 1419,0
1686,9, 1413,9
1686,3, 1412,2
1707,5, 1415,7
1705,1, 1413,6
1713,7, 1416,4
1703,0, 1410,7
1682,6, 1417,4
1683,1, 1416,5
1686,7, 1417,6
1710,4, 1413,0
1707,7, 1414,3
1715,4, 1413,9
1730,1, 1412,8
1736,3, 1419,9
1737,8, 1428,0
1736,8, 1429,8
1734,4, 1431,2
1719,0, 1424,4
1700,2, 1416,0
1695,8, 1412,7
1699,1, 1412,2
1699,8, 1411,5
1697,5, 1408,2
1693,7, 1398,0
1857,8, 1670,0
2358,3, 2547,3
2338,4, 2486,5
2356,8, 2517,8
2405,3, 2591,2
2436,7, 2609,6
2460,3, 2650,1
2473,5, 2626,1
2471,0, 2641,4
2455,8, 2642,4
2475,4, 2650,2
2466,2, 2650,2
2463,8, 2657,9
2464,1, 2659,4
2459,1, 2668,5
2466,2, 2690,3
2432,9, 2676,4
2428,9, 2678,7
2431,9, 2691,0
2417,4, 2666,9
2326,6, 2597,9
2043,5, 2322,0
1716,6, 1911,6
1190,7, 1295,9
936,5, 1020,2
728,4, 788,1
99,0, 486,8
101,9, 476,1
101,9, 476,1
9,4, 405,0
-14,7, 399,9
-26,3, 395,2
-58,2, 450,9
-340,2, 769,2
-430,9, 937,1
-504,8, 968,8
-335,7, 996,6
-372,9, 973,7
-442,0, 856,3
-427,8, 614,0
-443,7, 517,8
-496,0, 515,6
-516,8, 508,6
-571,0, 490,2
-566,6, 486,3
-538,9, 509,6
-544,1, 513,2
-559,9, 494,3
-521,5, 500,9
-513,9, 503,9
-556,8, 457,4
-492,5, 456,8
-530,9, 423,8
-577,3, 351,5
-590,3, 303,6
-560,0, 286,5
-536,8, 294,6
-539,8, 302,7
-549,0, 288,9
-42,8, -22,6
465,3, 186,5
2700,4, -194,3
2700,4, -194,3
2737,7, -221,9
2747,8, -229,4
2764,3, -241,0
2748,0, -119,5
2749,5, -134,3
2759,2, -113,6
2728,3, -51,4
2720,7, -34,2
2695,2, 18,5
2681,6, 35,6
2630,0, 113,5
2611,1, 150,7
2585,5, 148,7
2557,3, 148,7
2499,1, 199,4
2411,6, 293,9
2296,7, 429,3
2239,8, 499,3
2210,1, 537,5
2202,2, 544,9
2195,7, 538,7
2195,3, 529,0
2201,1, 485,3
2202,8, 514,0
2200,3, 512,0
2209,8, 496,0
2213,0, 493,7
2225,6, 484,8
2232,6, 482,6
2220,6, 483,0
2216,6, 488,0
2221,1, 490,5
2216,7, 491,0
2218,0, 488,1
2219,1, 481,7
2221,7, 462,9
2221,7, 461,5
2216,3, 456,1
2223,9, 467,3
2244,8, 461,4
2266,4, 452,3
2292,3, 443,5
2848,7, 218,4
2944,7, 183,6
2956,3, 179,7
3010,7, 170,5
3172,8, 97,6
3175,2, 149,3
3149,4, 157,1
3143,3, 171,6
3144,1, 169,6
3121,2, 220,9
3120,5, 218,1
3070,7, 282,9
3071,4, 281,1
3071,8, 280,3
3142,4, 143,1
3146,7, 144,1
3135,4, 167,4
3110,4, 244,2
3207,0, 179,3
3033,0, 246,1
2956,4, 251,0
2537,3, 267,0
2634,6, 278,9
2477,4, 273,8
2298,4, 302,4
2006,4, 399,6
1810,6, 333,4
1700,4, 301,4
1644,4, 278,0
1630,8, 227,0
1618,7, 252,2
-189,2, 41,9
599,4, 37,1
571,2, -41,4
605,0, -32,6
887,3, -48,5
951,4, 3,0
964,2, 30,3
974,0, 46,8
1001,1, 70,0
1013,6, 79,1
1033,9, 70,8
1055,7, 88,9
757,2, 367,8
208,0, 979,0
99,8, 1078,0
287,3, 895,5
263,0, 912,9
170,2, 1022,3
255,5, 917,6
168,4, 1029,4
138,9, 1065,7
141,9, 1100,2
141,9, 1100,2
23,0, 1179,1
44,1, 1182,2
-29,5, 1162,2
-18,5, 1163,8
-70,2, 1155,5
-69,6, 1150,5
-90,6, 1148,8
-93,2, 1145,2
-96,7, 1139,4
-112,3, 1136,2
-186,5, 1116,8
-186,3, 1118,6
-193,1, 1114,0
-193,5, 1117,1
-222,3, 1117,0
-213,3, 1113,0
-223,7, 1111,2
-227,1, 1101,7
-241,0, 1107,8
-259,3, 1098,6
-271,6, 1104,0
-277,6, 1094,5
-174,6, 1124,6
-148,4, 1122,2
-44,7, 1155,1
68,0, 1165,1
83,7, 1171,6
107,0, 1180,8
128,6, 1177,0
94,8, 1105,9
-17,3, 971,9
-201,6, 754,4
-248,3, 571,4
-25,6, 562,2
82,4, 597,2
82,2, 598,2
82,2, 598,2
-265,6, -265,5
-88,2, 227,2
-23,4, 340,2
21,2, 408,1
21,0, 407,1
-483,4, -111,8
-403,2, -88,5
-387,7, -90,2
-353,9, -42,9
-382,9, -83,3
-344,7, -55,2
-327,9, -29,4
-331,6, -29,2
193,2, 322,8
318,0, 357,9
1124,5, 599,6
1225,1, 595,3
1308,7, 599,6
1392,3, 605,6
1414,1, 609,1
1619,0, 646,9
1680,4, 652,0
2062,0, 630,3
2110,6, 614,0
2175,3, 564,3
2195,9, 561,9
2222,1, 541,8
2260,0, 522,5
2263,6, 523,3
2267,8, 519,9
2275,6, 517,9
2270,6, 512,8
2271,6, 515,2
2271,1, 519,2
2274,0, 524,6
2281,7, 518,6
2286,5, 515,4
2296,6, 510,1
2300,7, 508,9
2300,6, 507,5
2298,4, 498,8
2285,1, 488,6
2155,3, 526,7
2023,4, 569,1
1939,4, 601,1
1874,2, 619,8
1606,4, 699,0
1603,6, 695,7
1602,8, 694,5
1597,6, 695,7
1596,3, 694,6
1561,9, 697,0
1540,1, 702,0
1363,6, 753,4
1182,5, 785,3
579,4, 889,2
76,7, 985,5
-17,2, 1000,8
7,4, 1009,6
2,0, 1001,2
-0,3, 997,4
-68,9, 631,6
-76,1, 623,8
-2,0, 629,6
17,1, 628,7
19,7, 627,1
21,4, 624,1
34,4, 628,6
36,5, 638,1
30,2, 639,8
27,0, 638,7
-347,3, 1040,6
-90,1, 805,4
-65,4, 795,7
-69,2, 794,5
-61,8, 801,1
-82,4, 811,0
-80,8, 823,4
-127,2, 1007,3
-114,6, 996,8
-119,3, 998,1
-114,6, 994,2
-123,3, 996,1
-132,5, 981,9
-133,1, 978,3
-98,7, 720,0
-102,9, 671,7
-97,8, 612,4
-107,4, 583,4
-87,7, 582,5
-122,8, 636,1
-127,5, 658,4
-122,5, 648,9
-133,5, 643,9
-121,9, 646,0
-111,6, 638,5
-87,0, 826,7
-108,3, 844,0
-116,0, 1077,7
-226,3, 1027,5
-242,5, 1020,9
-250,5, 1017,9
-127,9, 1063,6
-82,8, 1076,6
-46,2, 1093,3
169,4, 1144,5
200,4, 1159,1
189,1, 1156,0
172,8, 1151,0
170,6, 1169,0
168,4, 1171,8
162,8, 1174,5
77,5, 1177,1
68,6, 1214,0
81,5, 1206,3
145,7, 1247,7
78,6, 1231,9
-179,7, 1237,9
-126,9, 1243,0
-130,2, 1241,0
126,8, 1257,7
105,6, 1262,3
138,8, 1252,6
244,6, 1247,4
355,9, 1234,2
425,8, 1223,4
431,4, 1213,5
426,6, 1198,0
406,1, 1201,9
165,7, 1130,5
284,6, 1148,5
406,6, 1132,3
710,4, 1100,2
749,0, 1094,0
864,2, 1087,3
868,8, 1085,1
870,7, 1084,0
898,2, 1055,9
878,9, 1042,7
876,9, 1016,3
873,8, 1014,2
869,1, 1008,9
828,3, 1000,3
804,3, 996,6
692,8, 955,7
564,7, 901,9
570,8, 908,7
463,0, 878,5
444,9, 876,3
412,3, 861,3
386,0, 848,8
387,2, 849,9
397,8, 848,6
418,6, 856,8
425,6, 863,5
421,9, 864,2
435,3, 870,5
430,5, 875,4
429,7, 876,1
439,6, 880,0
439,9, 877,3
499,4, 895,6
489,3, 893,4
494,9, 897,2
371,5, 786,1
115,8, 438,9
97,4, 369,4
44,4, 311,7
23,5, 298,7
22,9, 298,2
250,7, 416,5
53,3, 430,0
58,2, 425,3
2