Listening for gaze data, press any key to exit...
640,8, 347,5
640,8, 347,5
608,3, 351,7
589,9, 350,1
588,0, 331,8
577,1, 301,8
583,1, 299,1
583,5, 305,0
582,0, 304,9
659,3, 354,6
659,3, 354,6
659,3, 354,6
659,3, 354,6
1188,5, 583,5
1347,2, 664,0
1379,5, 667,8
1456,2, 696,5
1454,6, 692,7
1456,1, 683,0
1262,9, 2761,2
1234,0, 2547,4
2411,8, 2542,6
2212,3, 2599,8
2195,7, 2605,7
2191,1, 2594,0
2135,8, 2641,6
2142,6, 2642,1
2137,6, 2603,1
2130,2, 2526,4
2128,1, 2477,2
2155,0, 2476,7
2161,8, 2485,1
2173,2, 2516,3
2202,2, 2562,6
2251,1, 2598,1
2260,7, 2601,3
2261,8, 2629,3
2268,1, 2672,6
2255,2, 2620,9
2254,5, 2619,3
2241,3, 2632,5
2236,2, 2564,4
2240,0, 2613,3
2249,8, 2622,2
2246,0, 2629,7
2238,1, 2626,3
2214,7, 2602,0
2002,9, 2211,4
1984,0, 2174,4
1658,9, 1588,2
1183,6, 735,0
1187,0, 747,2
1188,7, 743,7
1198,3, 760,2
1193,2, 743,8
1192,5, 731,8
1180,0, 703,8
1163,8, 713,1
1153,4, 714,1
1062,8, 703,0
873,0, 666,1
16,3, 469,9
35,3, 474,9
34,7, 477,3
31,1, 470,4
53,5, 483,9
231,5, 535,0
286,8, 555,9
353,7, 576,0
564,6, 627,9
875,9, 703,2
988,1, 728,7
1107,5, 756,0
1439,2, 832,2
1434,2, 829,9
1585,0, 857,9
1674,0, 874,6
1676,4, 864,0
1670,8, 868,1
1680,6, 855,2
1737,1, 1226,4
1724,8, 1142,3
1803,8, 1638,7
1845,7, 1944,7
1851,8, 2040,1
1860,1, 2075,8
1872,2, 2197,6
450,4, -37,8
468,7, -48,7
468,7, -48,7
570,2, 69,0
561,4, 65,5
529,1, 23,5
491,0, -22,3
509,0, -0,6
475,6, -40,3
282,2, -227,6
768,7, 47,0
740,9, 132,9
2503,0, 3019,9
2503,0, 3019,9
2560,5, 3016,8
2549,2, 3017,4
2576,1, 3088,2
2518,3, 3115,6
2506,3, 3117,6
2480,6, 3109,6
2459,1, 3049,5
2448,8, 3005,2
2131,7, 2293,7
2077,4, 2191,5
1356,2, 789,9
1259,0, 678,2
1238,1, 655,4
1220,5, 641,2
1190,7, 601,0
1098,4, 465,7
1128,0, 488,2
1126,9, 479,9
1118,9, 460,0
1128,8, 465,4
1121,2, 460,6
1053,5, 460,0
963,8, 426,7
812,0, 377,1
213,9, -158,4
109,8, -178,8
-42,9, 660,4
69,4, 568,3
173,0, 614,4
508,1, 808,5
530,6, 783,6
402,4, 683,6
581,8, 822,7
871,2, 1037,3
869,4, 1035,0
852,3, 1052,1
843,4, 1047,8
845,3, 1050,9
782,9, 1058,2
712,7, 1060,4
464,9, 1065,6
128,9, 1074,1
107,0, 1091,2
64,4, 1093,2
99,3, 1099,6
24,0, 1089,2
-148,3, 1090,1
-170,2, 1097,2
-140,3, 1095,1
-148,8, 1104,7
-127,7, 1101,4
-137,0, 1110,3
-157,6, 1111,6
-190,2, 1116,6
-188,0, 1117,8
-178,0, 1157,8
-169,0, 1157,5
-161,4, 1155,8
-147,3, 1165,1
-258,3, 1179,0
-296,6, 1181,5
-306,5, 1158,9
-220,3, 1158,8
-187,9, 1156,3
1661,9, 287,6
1567,4, -1,9
1710,4, -10,7
2187,9, 1835,5
2241,1, 2170,1
2488,7, 1495,8
2599,8, 1064,2
2559,6, 1197,8
2660,4, 897,2
2677,0, 894,8
2695,7, 881,3
2703,2, 873,9
2699,5, 873,5
2708,9, 870,7
2701,9, 873,8
2690,3, 869,9
2672,9, 879,7
2671,8, 874,2
2695,7, 855,5
2726,9, 864,3
2812,1, 888,9
3275,5, 899,4
3297,4, 905,9
3474,3, 908,0
3618,8, 906,1
3588,0, 913,6
3587,5, 913,7
3540,9, 931,4
3512,4, 936,9
3384,1, 974,7
3364,8, 967,6
3358,0, 966,7
3328,3, 978,8
3285,3, 997,4
3264,9, 1006,6
3235,2, 1016,2
3245,4, 1002,3
3245,3, 973,8
3240,2, 957,0
3240,9, 949,2
3240,4, 939,6
3234,6, 945,7
3237,3, 943,1
3209,5, 970,8
3127,1, 966,1
2754,0, 933,4
2544,8, 917,7
2408,3, 883,7
2352,9, 906,9
2358,8, 901,6
2367,8, 888,7
2351,4, 896,8
2356,0, 882,4
2353,6, 875,6
2252,3, 846,7
2294,8, 866,1
1672,0, 820,8
1290,9, 821,3
1166,8, 816,7
957,5, 813,8
651,6, 806,6
599,7, 801,5
587,2, 792,7
583,1, 788,7
583,6, 790,9
583,4, 790,9
588,6, 792,5
616,8, 792,7
623,8, 786,3
623,3, 880,9
664,2, 883,3
2170,5, 2333,8
2193,8, 2279,3
2219,4, 2316,7
2205,8, 2299,1
2237,8, 2338,3
2246,5, 2340,0
2243,5, 2336,6
2253,4, 2321,2
2273,8, 2346,4
2264,1, 2338,6
2329,2, 2465,3
2344,5, 2491,2
2410,0, 2611,1
2434,0, 2662,9
2436,7, 2666,8
2432,4, 2688,1
2425,0, 2695,0
2415,3, 2702,6
2420,5, 2696,6
2463,7, 2643,5
2492,1, 2435,5
2512,8, 2445,0
2610,5, 1864,8
2661,8, 1517,9
3213,6, 124,6
3229,1, 90,6
3229,1, 90,6
3232,5, 91,4
3255,5, 96,4
3262,7, 98,0
3503,9, -136,3
3498,7, -146,9
3500,0, -130,9
3520,4, -126,6
3528,5, -79,7
3462,0, 311,1
3468,9, 335,6
3442,1, 352,5
3439,4, 326,3
3407,3, 349,2
3376,3, 369,9
3325,0, 382,0
3314,3, 385,1
2752,6, 417,1
2456,3, 459,0
2113,2, 531,4
1831,8, 572,0
1733,9, 597,9
1368,5, 556,8
1202,1, 511,8
1073,2, 433,5
1057,3, 426,4
881,0, 399,2
864,9, 397,7
688,6, 389,7
437,3, 384,9
225,6, 387,1
12,1, 420,5
-38,3, 446,2
-78,6, 410,1
-45,2, 422,5
-619,5, 50,5
1144,9, 537,2
1227,6, 589,6
497,2, 506,2
540,2, 487,4
604,3, 538,3
673,8, 588,0
1048,0, 864,7
1157,9, 970,6
1205,5, 1026,4
1197,2, 1035,9
1326,8, 1172,1
1329,7, 1182,9
1321,0, 1199,8
1295,7, 1197,7
1294,5, 1197,7
1220,5, 1208,9
1094,9, 1222,5
985,0, 1232,8
207,3, 1192,2
-142,6, 1135,3
-281,7, 1094,9
-353,2, 1069,6
-370,8, 1063,9
-358,5, 1083,3
-370,1, 1082,9
-368,8, 1072,9
-380,1, 1065,5
-391,7, 1063,3
-388,6, 1074,7
-368,0, 1076,9
-358,9, 1077,8
-231,4, 388,6
-220,1, 332,5
-235,9, 322,7
-214,5, 347,5
-186,7, 363,6
8,3, 562,6
55,2, 567,4
43,2, 577,6
51,7, 577,1
77,3, 569,0
70,8, 552,4
54,1, 520,3
11,0, 484,0
98,6, 684,3
104,0, 749,0
138,1, 830,1
138,7, 835,9
142,8, 808,0
144,5, 818,1
146,2, 812,4
154,2, 814,6
154,8, 816,2
166,8, 826,1
224,3, 879,9
240,9, 887,5
233,3, 885,5
249,8, 905,3
259,1, 912,6
253,3, 915,5
250,5, 917,0
251,5, 917,6
248,9, 916,5
251,8, 917,5
261,5, 920,9
261,5, 923,6
261,2, 927,1
266,2, 931,5
270,1, 933,1
272,0, 930,4
272,4, 930,1
401,2, 936,7
834,6, 944,6
933,4, 921,4
1033,6, 904,6
1048,1, 902,8
1047,6, 895,7
1035,2, 869,6
1034,4, 872,0
1033,6, 871,3
1029,1, 870,2
1022,9, 866,6
924,1, 804,2
853,7, 768,3
381,6, 510,3
292,9, 452,1
65,0, 373,4
-15,0, 356,3
-17,5, 341,5
-16,7, 338,6
-60,8, 410,7
-105,8, 375,6
-130,9, 352,5
-127,9, 354,1
139,6, 559,7
163,1, 586,8
204,1, 632,0
214,8, 642,7
233,3, 664,4
248,3, 677,2
349,3, 737,1
461,6, 805,5
465,7, 814,7
457,8, 817,4
402,3, 791,2
313,6, 747,6
316,6, 750,5
164,1, 760,2
189,5, 779,7
183,3, 945,6
182,2, 943,5
187,7, 941,3
182,4, 939,0
199,2, 946,9
211,9, 956,2
193,5, 938,8
216,9, 930,6
199,0, 913,2
205,1, 891,0
184,1, 875,3
188,2, 872,4
189,3, 858,5
187,3, 851,7
652,5, 811,9
675,5, 808,0
674,5, 807,2
684,5, 777,8
683,7, 756,2
680,6, 771,8
647,7, 704,6
680,8, 680,0
678,0, 679,1
800,2, 642,5
799,5, 640,2
930,0, 548,2
941,4, 540,7
985,0, 517,3
1015,7, 499,6
1018,3, 499,3
1110,3, 480,7
1138,8, 471,3
1432,0, 755,7
1996,5, 359,8
2282,9, 109,0
2338,1, 153,6
2580,2, 29,9
2584,7, 35,3
2586,9, 28,4
2599,8, 22,4
2605,2, 10,8
2610,7, -5,1
2557,0, 186,1
2532,9, 266,9
2518,3, 257,2
2490,1, 234,7
2473,1, 248,3
2452,7, 229,0
2515,4, 227,5
2567,4, 220,2
2586,1, 155,6
2648,0, 49,6
2638,0, 46,1
2642,2, 57,5
2654,2, 123,2
2657,6, 144,9
2658,5, 139,8
2565,0, 193,3
2605,6, 190,7
2610,5, 208,9
2558,7, 270,8
2233,1, 592,8
2279,1, 595,8
2276,6, 605,9
2326,8, 615,9
2091,8, 2417,0
2074,8, 2435,4
2083,9, 2415,3
2217,2, 2344,7
2252,0, 2324,0
2239,5, 2276,6
893,8, 393,5
135,7, 440,5
125,3, 429,3
111,3, 398,4
-285,0, 77,8
-297,9, 70,3
-318,7, -7,4
-310,7, -47,6
-354,6, -91,8
72,0, 832,6
197,7, 868,1
178,9, 842,4
190,5, 858,5
179,4, 849,8
205,7, 860,7
212,2, 862,1
227,0, 876,3
230,0, 878,8
306,4, 927,3
309,2, 927,4
313,2, 929,4
314,2, 946,8
305,9, 987,3
282,5, 1030,1
266,6, 1201,3
182,7, 1222,3
199,2, 1220,5
175,4, 1229,0
215,0, 1240,0
227,1, 1248,4
253,6, 1260,2
256,5, 1264,0
258,7, 1266,5
250,4, 1260,2
232,8, 1255,2
226,2, 1252,6
228,6, 1252,6
227,6, 1252,4
970,4, 1151,1
3097,9, 1195,2
3085,7, 1194,2
3086,3, 1191,8
3086,3, 1191,8
3079,5, 1190,0
3069,7, 1188,2
3037,6, 1194,1
3002,6, 1224,0
3001,1, 1225,0
3029,9, 1242,9
3031,5, 1272,6
3048,3, 1325,6
3020,5, 1335,5
3008,1, 1357,3
2962,4, 1377,4
2923,1, 1407,7
2857,0, 1444,4
2843,5, 1434,0
2852,5, 1433,2
2855,4, 1428,6
2850,9, 1442,0
2864,6, 1448,7
2865,2, 1445,9
2863,6, 1443,6
2866,1, 1446,7
2868,5, 1434,1
2871,6, 1431,8
2894,0, 1422,7
2892,3, 1428,5
2898,6, 1436,7
2922,4, 1441,4
2928,6, 1453,9
2935,2, 1454,7
2953,7, 1453,2
2969,9, 1449,2
3112,8, 1414,3
3350,6, 1358,3
3459,7, 1327,4
3481,5, 1328,4
3513,5, 1312,6
3530,3, 1333,3
3537,4, 1335,8
3548,6, 1293,4
3545,8, 1295,5
3469,3, 1304,9
3454,3, 1338,1
3438,5, 1341,4
3456,2, 1327,2
3452,9, 1331,0
3475,0, 1322,9
3511,8, 1271,9
3516,9, 1268,2
3523,6, 1257,1
3524,5, 1201,4
3546,3, 1153,4
3543,2, 1114,7
3535,8, 1110,5
3534,4, 1094,8
3528,7, 1099,4
3540,2, 1085,2
3508,5, 1063,1
3506,0, 1032,9
3474,9, 1035,8
3482,5, 1046,8
3490,3, 1047,0
3484,1, 1048,0
3464,0, 1062,1
3249,4, 1131,4
2807,1, 1275,6
2590,5, 1381,6
2538,8, 1415,3
2539,0, 1431,3
2505,0, 1465,8
2402,7, 1573,7
2391,8, 1658,5
2389,8, 1647,5
2379,3, 1655,3
2387,0, 1656,5
2385,8, 1653,9
2275,4, 1589,7
1976,7, 1383,9
1821,4, 1331,1
1616,4, 1266,6
1502,4, 583,2
-137,5, 974,7
-195,9, 941,2
-186,2, 938,5
-190,1, 930,8
-168,2, 937,6
-192,6, 927,5
-204,9, 914,3
-177,7, 905,5
-183,2, 899,2
-207,6, 856,2
-214,1, 864,9
-183,2, 893,7
-165,8, 882,7
-75,2, 886,0
7,5, 878,0
236,8, 837,5
432,0, 821,3
739,1, 540,7
2955,1, 1348,8
2792,1, 1695,1
2825,2, 1621,6
2536,1, 2185,5
2491,4, 2239,6
2433,3, 2342,5
2354,6, 2494,0
2307,0, 2570,6
2304,6, 2556,4
2250,0, 2566,9
2242,2, 2570,6
2240,1, 2566,1
2243,7, 2577,2
2236,3, 2569,6
2237,6, 2562,0
2288,1, 2545,6
2310,2, 2518,6
2323,4, 2495,0
2321,1, 2489,0
2334,1, 2482,6
2329,1, 2471,1
2329,0, 2462,4
2340,8, 2455,9
2346,5, 2449,7
2990,1, 1295,8
3243,0, 967,1
3300,2, 884,8
3343,4, 824,2
3394,2, 754,8
3579,7, 546,0
3715,2, 387,4
3654,0, 400,3
3480,1, 465,7
3381,6, 576,5
3429,2, 510,2
3355,5, 601,3
3344,2, 613,6
3313,8, 632,1
3312,0, 630,7
3312,2, 632,5
3392,2, 622,4
3677,5, 569,5
3674,2, 570,2
3330,2, 608,4
3269,0, 562,7
3216,7, 655,9
3439,2, 617,6
3342,7, 628,8
3153,0, 664,9
3148,8, 667,4
2742,9, 635,0
2435,9, 607,9
2187,8, 615,4
2030,3, 613,4
1915,9, 619,1
1851,4, 614,7
1795,8, 612,8
257,2, 584,8
257,8, 571,6
256,9, 573,5
249,2, 571,5
246,0, 570,3
-8,2, 423,5
-9,3, 414,6
-11,5, 412,3
-22,1, 406,6
-29,1, 386,3
-22,6, 373,5
-2,7, 369,3
-23,9, 363,4
-22,9, 362,8
-27,8, 348,0
-51,6, 318,8
-165,3, 188,3
-154,0, 194,6
-144,7, 194,3
-134,0, 216,6
-129,4, 219,3
-135,4, 218,1
-135,6, 209,4
477,4, 269,2
1149,4, 409,9
1189,4, 378,6
1299,8, 334,4
2658,2, 190,2
2703,7, 160,4
2711,5, 205,8
2719,3, 278,0
2714,2, 271,1
2713,9, 270,6
2720,9, 322,9
2724,2, 311,0
2739,2, 303,1
2765,2, 274,8
2733,9, 297,1
2714,2, 307,5
2458,2, 308,9
2445,4, 310,4
2431,5, 308,5
2403,7, 303,1
2407,9, 289,0
2412,0, 284,0
2435,0, 278,8
2368,5, 262,8
2615,3, 466,4
226,8, 284,9
270,4, 326,8
230,1, 289,0
176,6, 244,7
172,6, 242,2
77,0, 1488,4
226,5, 877,0
796,4, 186,5
845,9, 112,0
1080,3, 178,7
3868,7, -217,7
3792,2, -176,7
3485,3, -3,4
3102,4, 185,6
2995,3, 234,3
3025,4, 221,5
3013,9, 250,1
3088,8, 211,0
3144,8, 174,3
2999,4, 236,7
3056,1, 212,4
2989,9, 258,0
3083,1, 287,1
2844,1, 507,8
2729,9, 613,6
2726,8, 642,2
2839,6, 713,7
2882,7, 791,6
2901,9, 825,5
2904,5, 827,2
2772,4, 961,9
2815,3, 1056,7
2516,7, 1718,4
2305,3, 1834,9
2199,0, 1987,1
2139,5, 2108,1
2195,8, 2238,0
2179,0, 2260,1
2208,5, 2345,4
2203,0, 2316,0
2213,4, 2406,8
2229,8, 2433,1
2213,8, 2400,7
2203,4, 2400,4
2203,5, 2412,7
2251,8, 2300,9
2553,5, 1476,3
2542,0, 1386,1
3294,5, 281,8
3263,9, 273,8
3263,9, 273,8
2886,0, 315,8
2817,2, 324,6
2489,7, 326,7
2362,6, 323,5
2330,1, 325,2
2078,4, 330,4
2041,3, 339,1
1985,7, 353,3
1984,2, 352,4
1976,7, 331,7
1972,6, 331,3
1970,6, 325,8
1966,3, 317,3
1962,7, 307,8
1902,6, 274,8
1777,0, 255,9
1528,0, 213,7
1421,1, 198,7
1366,2, 181,4
1277,9, 161,5
929,7, 85,2
533,1, -1,7
533,1, -1,7
163,2, -16,0
2049,9, 345,1
959,9, 416,2
-127,4, 510,6
-107,3, 514,7
-117,1, 515,7
-114,2, 518,8
-111,0, 518,9
-120,1, 506,3
-178,8, 543,1
-81,3, 672,5
-105,4, 654,2
-136,1, 625,8
-117,4, 602,2
-114,2, 581,4
-139,5, 531,0
-112,6, 463,9
-156,0, 407,1
-177,3, 378,6
-168,3, 369,8
-182,8, 363,8
-174,4, 373,5
-162,0, 380,6
577,6, 446,7
746,4, 458,9
819,2, 461,2
984,5, 468,9
1320,1, 477,8
1516,7, 482,7
1655,0, 483,0
1764,6, 486,3
1900,7, 486,7
2004,6, 494,5
2297,4, 508,9
2442,0, 514,3
2456,5, 495,1
2466,2, 491,0
2482,0, 480,5
2481,0, 477,5
2484,9, 472,7
2479,8, 460,8
2486,4, 467,2
2507,2, 471,9
2460,7, 476,2
2305,5, 506,1
2133,0, 539,3
1540,1, 693,9
1036,1, 812,2
286,1, 905,8
153,5, 921,7
139,4, 907,5
-45,1, 986,3
33,6, 946,7
-47,0, 1030,7
-41,0, 1032,8
-153,8, 1204,3
-161,3, 1182,3
-188,2, 1176,4
-186,4, 1173,1
413,4, 353,3
642,7, 369,7
532,1, 352,6
980,2, 333,9
972,8, 329,2
977,9, 328,4
982,8, 323,0
963,6, 307,7
996,4, 316,3
1001,8, 323,6
1006,0, 315,1
998,7, 315,0
978,4, 306,0
961,3, 282,6
964,3, 278,1
1068,0, 297,4
1062,0, 299,0
1280,1, 308,3
1366,2, 299,4
1391,3, 293,6
1572,1, 279,4
1575,6, 273,1
1534,6, 209,1
1535,7, 204,9
1550,8, 182,8
1554,3, 187,4
1563,4, 196,9
1564,0, 204,8
1562,5, 206,0
1564,3, 205,0
1563,9, 208,6
1471,9, 189,8
1279,4, 165,1
1149,5, 194,2
75,2, 154,4
5,3, 212,6
-53,6, 267,0
-68,0, 336,9
-32,8, 495,7
-30,4, 448,4
-18,5, 519,0
116,5, 709,4
399,9, 900,7
418,2, 913,1
397,2, 933,9
339,8, 952,5
210,3, 983,7
22,8, 1026,4
85,1, 1064,7
116,7, 1077,9
151,5, 1087,9
157,0, 1091,3
186,9, 1113,6
190,5, 1112,6
194,4, 1113,8
212,0, 1120,4
204,9, 1118,8
203,6, 1115,7
190,5, 1119,2
190,5, 1119,2
222,7, 1123,1
224,6, 1122,4
235,9, 1121,8
238,1, 1122,4
683,1, 793,5
750,0, 757,8
752,8, 755,6
734,6, 763,1
734,8, 748,0
718,1, 733,7
655,5, 693,0
496,7, 590,8
147,2, 452,5
160,6, 463,6
150,9, 459,1
166,7, 456,6
182,0, 453,8
150,7, 445,2
136,5, 441,8
140,2, 428,9
134,0, 431,1
132,7, 431,6
129,7, 430,0
121,3, 416,9
125,9, 413,8
153,2, 431,7
163,9, 439,7
-183,1, 569,0
-198,5, 535,1
-116,4, 545,9
-62,8, 544,9
-63,4, 496,5
-101,9, 448,7
-97,9, 459,4
-96,5, 461,6
-114,3, 445,4
-18,9, 445,1
10,1, 457,2
0,4, 454,0
-45,5, 488,9
635,6, 602,2
639,2, 596,0
643,9, 584,3
618,4, 593,4
636,3, 586,8
625,8, 592,7
622,7, 591,9
634,2, 589,4
622,5, 591,4
548,1, 571,5
509,7, 568,0
359,4, 558,5
95,7, 553,0
-13,7, 568,2
64,2, 579,6
34,7, 565,8
24,6, 567,3
11,3, 562,9
-4,6, 553,5
-18,7, 553,1
-14,0, 555,8
-6,8, 555,6
-6,9, 555,3
7,3, 550,2
11,4, 553,7
8,3, 544,3
-0,9, 550,4
90,3, 560,1
110,7, 561,2
456,6, 654,8
577,1, 710,4
1028,1, 949,9
1053,0, 959,0
1214,4, 1039,9
1247,9, 1054,7
1287,7, 1058,7
1337,3, 1047,6
1336,0, 1040,2
1332,4, 1037,5
1331,7, 1036,2
1339,4, 1044,1
1328,4, 1038,3
1333,6, 1048,1
1332,8, 1047,4
1343,3, 1058,1
1348,3, 1061,4
1355,2, 1062,4
1357,4, 1063,4
1355,0, 1066,0
1355,9, 1065,6
1360,0, 1065,8
1363,2, 1067,2
1362,1, 1067,0
1497,5, 1234,0
1553,5, 1308,2
1560,4, 1318,0
1576,3, 1339,5
1578,2, 1342,7
1578,4, 1343,1
1584,0, 1356,5
1582,5, 1358,8
1584,1, 1360,5
1584,7, 1361,9
1584,6, 1364,2
1587,9, 1364,9
1595,0, 1356,8
1599,5, 1354,0
1593,9, 1372,5
1590,2, 1359,3
1591,5, 1362,1
1591,8, 1364,0
1591,6, 1360,1
1591,8, 1362,2
1592,2, 1356,5
1610,0, 1346,0
1915,0, 1391,5
1854,6, 1382,1
2941,2, 1571,9
3048,2, 1589,6
3088,4, 1596,5
2952,6, 1579,1
2964,6, 1581,2
3058,4, 1591,9
3031,7, 1584,1
3022,0, 1579,2
3161,9, 1560,9
3110,8, 1565,8
3082,4, 1562,5
3102,9, 1572,4
3107,6, 1576,1
3118,3, 1582,5
3171,8, 1612,7
3088,3, 1594,3
2825,1, 1526,0
2355,0, 1394,4
2196,7, 1646,6
-21,0, 886,7
-114,8, 852,0
-109,7, 846,4
-108,6, 837,6
-107,4, 796,9
-53,9, 813,5
-73,2, 805,9
5,3, 844,6
21,8, 904,6
65,8, 909,0
-11,6, 905,8
79,2, 923,8
30,9, 903,5
-75,7, 872,5
19,8, 898,9
-98,8, 862,5
-6,7, 884,9
16,5, 895,0
121,4, 917,4
67,0, 907,8
41,9, 903,9
194,8, 938,3
209,2, 937,5
205,7, 936,8
217,2, 937,7
237,5, 955,2
239,5, 958,4
241,7, 961,4
46,2, 890,4
135,2, 899,8
254,0, 927,6
229,5, 890,3
230,5, 895,0
220,6, 879,3
221,7, 880,0
220,7, 879,4
261,4, 774,5
270,5, 758,0
11,8, 887,5
12,5, 945,2
18,5, 991,4
18,5, 991,4
30,7, 972,4
35,1, 970,0
41,4, 957,4
41,3, 957,3
-16,2, 939,5
-20,5, 936,7
-27,3, 916,0
21,5, 914,5
27,1, 914,7
400,6, 918,9
443,4, 922,7
606,8, 930,3
623,5, 928,6
745,6, 936,9
757,5, 937,0
737,9, 910,1
746,3, 879,1
753,5, 870,4
948,8, 836,0
1714,8, 927,3
1660,9, 641,1
2442,2, 569,3
2405,0, 654,2
3185,0, 576,0
2544,1, 696,9
2746,7, 651,6
2322,6, 734,4
2383,0, 679,3
2383,2, 678,7
3216,9, 519,6
3197,3, 549,7
3195,3, 537,3
3201,9, 527,8
3204,8, 513,1
3285,4, 409,3
3313,0, 358,1
3315,5, 348,9
3321,0, 327,6
3319,6, 298,6
3326,9, 285,7
3353,6, 275,1
3348,3, 274,7
3352,0, 267,2
3352,4, 284,0
3335,3, 296,9
3311,3, 296,8
3303,5, 295,2
2577,5, 462,7
2189,5, 489,0
2094,9, 479,4
2048,5, 489,7
2008,1, 493,5
1900,0, 494,7
1870,8, 488,0
1868,2, 469,3
1897,4, 419,7
1865,1, 450,7
1870,4, 415,1
1890,1, 404,6
1448,7, 318,1
1050,3, 249,4
330,9, 58,0
2600,1, 172,1
2332,4, 814,3
2340,2, 876,7
2210,0, 2608,7
1684,5, 474,7
1684,5, 474,7
1358,6, 162,9
1410,5, 124,5
1436,7, 91,5
1466,3, 61,8
1456,5, 15,3
1453,1, -42,6
1447,7, -142,7
1473,7, -96,3
1564,4, 249,4
1538,9, 158,8
1605,0, 119,8
1661,9, 89,7
1698,4, 39,7
1523,9, 321,8
1523,9, 321,8
3335,0, 345,5
3329,3, 349,1
3305,8, 361,5
3186,9, 441,9
3183,9, 452,0
3257,1, 409,9
3210,2, 458,8
3225,9, 452,5
3220,5, 453,7
3154,5, 502,3
3148,9, 504,7
3144,3, 509,7
3120,5, 531,0
3106,1, 537,9
3096,7, 537,8
3094,4, 542,0
3093,3, 542,9
3125,2, 556,9
3209,4, 519,9
3326,2, 601,2
3397,9, 647,4
3403,2, 678,5
3403,7, 686,8
3402,2, 696,3
3373,6, 697,8
3361,0, 678,3
3361,0, 677,7
3024,8, 967,5
2944,8, 1002,6
2993,3, 1014,2
2984,9, 1017,1
3038,4, 1018,9
3035,7, 1018,3
3028,1, 1018,6
3086,4, 1018,6
3091,8, 1020,7
3067,2, 1022,3
3064,5, 1023,9
3067,4, 1018,0
3026,9, 1025,7
3012,5, 1028,0
2482,9, 1047,1
2264,6, 1062,9
2003,6, 1071,9
2083,6, 1068,3
2162,0, 1065,3
1978,3, 1068,6
1928,7, 1067,4
1929,7, 1074,1
1933,3, 1074,2
1931,2, 1076,6
1935,2, 1066,8
1937,6, 1056,7
1936,3, 1038,4
1927,5, 1034,3
1930,6, 1034,7
1928,8, 1031,8
1927,6, 1032,4
1922,2, 1028,2
1794,4, 1017,7
1663,3, 1000,0
1491,4, 976,7
1233,4, 950,3
924,2, 919,5
782,3, 903,9
627,1, 899,1
480,4, 902,4
346,5, 907,6
284,5, 900,8
92,6, 856,8
76,0, 855,6
162,1, 896,6
177,2, 902,0
167,8, 896,6
348,3, 973,7
373,1, 979,1
-324,7, 1084,5
71,2, 1180,6
59,7, 1179,1
62,6, 1179,8
76,8, 1184,5
106,0, 1194,5
112,4, 1197,2
144,9, 1221,1
158,9, 1222,7
147,9, 1220,1
241,8, 1075,2
247,6, 1158,1
300,2, 1076,8
349,3, 1175,5
611,1, 1197,2
1039,0, 1316,8
1193,0, 1338,6
1207,7, 1338,5
1517,2, 1351,9
1773,9, 1380,7
1832,6, 1389,1
1954,0, 1408,5
2038,3, 1423,0
2013,4, 1439,4
2010,9, 1438,4
2481,8, 1444,1
2500,8, 1440,4
2496,6, 1451,8
2493,5, 1457,4
2502,8, 1440,9
2399,1, 1456,2
2176,7, 1453,6
2216,3, 1451,1
2004,3, 1449,0
1956,9, 1445,7
1932,4, 1433,3
1935,9, 1442,6
1935,6, 1444,4
1943,0, 1457,8
1930,0, 1466,1
1926,3, 1470,3
1927,0, 1469,2
1928,8, 1463,5
1931,1, 1459,5
1937,7, 1459,5
1945,2, 1460,0
1949,8, 1459,8
1963,7, 1465,2
1961,7, 1463,3
1967,6, 1466,9
1968,4, 1461,3
1976,4, 1438,5
2036,1, 1437,7
2178,9, 1437,8
2223,3, 1436,6
2564,4, 1446,3
2999,3, 1441,9
2927,0, 1450,9
3101,8, 1453,3
3325,9, 1428,7
3341,5, 1402,9
3391,7, 1370,1
3406,2, 1329,4
3377,7, 1313,4
3386,1, 1308,4
3348,7, 1316,8
3334,5, 1319,3
3306,2, 1328,3
3464,7, 1308,4
3473,6, 1308,6
3451,0, 1277,5
3464,4, 1266,2
3467,6, 1270,0
3453,4, 1259,9
3450,4, 1258,4
3425,4, 1249,2
3403,8, 1235,6
3397,4, 1229,5
3398,3, 1231,6
3382,6, 1230,2
3326,6, 1224,3
3314,2, 1221,3
3291,8, 1218,8
3295,5, 1207,3
3304,0, 1180,6
3285,6, 1179,8
3285,9, 1175,2
3269,5, 1159,8
3265,3, 1161,1
3264,1, 1161,5
3250,4, 1152,4
3239,4, 1151,6
3244,1, 1150,3
3221,6, 1106,2
3221,6, 1106,2
2741,7, 1150,0
2762,7, 1149,4
2765,7, 1147,6
2741,2, 1142,7
2738,7, 1126,5
2741,3, 1110,3
2742,0, 1103,0
2738,8, 1102,3
2673,9, 1094,7
2453,5, 1073,5
1315,2, 960,2
-61,2, 972,3
-66,2, 959,1
-63,5, 956,3
-67,0, 967,6
-83,1, 973,1
-89,9, 981,5
-100,3, 973,4
-99,0, 969,0
-62,1, 896,3
-90,4, 903,6
-90,3, 911,7
-80,1, 912,7
-75,6, 911,5
361,5, 781,4
479,7, 755,6
550,4, 740,7
708,4, 703,9
906,1, 646,7
1095,5, 577,1
1318,8, 497,9
1743,8, 368,1
1940,0, 312,4
2105,6, 240,3
2273,0, 142,6
2631,4, -5,2
2741,1, -45,8
2824,3, -103,8
2829,2, -132,7
2756,3, 67,9
2746,3, 97,2
2779,0, 9,6
2776,7, 38,0
2808,6, -47,6
2854,1, -120,3
2847,0, -124,8
2847,0, -124,8
2847,0, -124,8
2512,2, -207,9
2509,1, -72,9
2508,9, -79,5
2500,5, -89,1
2523,3, -27,7
2530,4, -12,2
2610,2, -5,9
2688,3, -58,3
3239,9, -33,1
3239,9, -33,1
3732,5, -256,8
3092,7, -63,8
3096,9, -70,1
3094,0, -69,5
3087,5, -67,4
3087,1, -67,7
3721,3, -264,7
3721,3, -264,7
2814,5, 119,6
2755,1, 64,3
2743,6, 60,9
2719,8, 100,1
2681,0, 46,5
2674,3, 44,8
2651,0, 54,9
2656,1, 71,9
2612,8, 63,2
2574,5, 75,0
2019,3, 104,7
1723,0, 666,8
1782,3, 1015,9
1723,0, 666,8
2893,2, 498,2
2503,3, 548,9
1505,5, 169,4
1549,5, 183,7
1589,2, 166,1
1638,3, 147,3
1739,8, 186,5
1813,8, 182,5
1911,0, 166,3
1966,7, 168,9
2056,0, 158,0
2072,3, 141,0
2087,2, 145,8
2149,8, 105,0
2174,4, 74,3
2200,5, 79,5
2221,9, 73,1
2260,6, 35,1
2265,2, 34,3
2263,4, 43,8
2287,2, 6,4
2289,9, 3,2
2288,1, 8,1
2288,3, -9,9
2289,6, -9,3
2290,0, -6,5
2290,5, -4,7
2292,4, 4,2
2289,1, 22,8
2272,8, 56,7
2439,0, 23,9
2813,2, -63,5
3193,9, 107,1
3307,9, 217,1
3219,3, 317,5
3175,5, 386,8
2330,0, 2646,0
2311,8, 2587,1
2334,1, 2542,9
2360,2, 2532,8
2365,7, 2516,1
2363,7, 2504,1
2481,7, 2152,7
2758,1, 1632,6
2984,9, 1248,9
3277,0, 778,6
3280,2, 770,7
3281,9, 759,4
3298,4, 747,9
3348,4, 709,3
3343,5, 700,8
3348,9, 672,9
3339,9, 687,6
3476,2, 473,6
3540,7, 379,3
3569,7, 322,9
3576,3, 328,4
3581,2, 330,2
2399,2, 443,1
2238,8, 444,1
2034,9, 434,8
1915,0, 432,5
1933,7, 431,3
1848,9, 422,3
1695,7, 399,2
1673,4, 395,2
1674,4, 334,9
1683,8, 344,9
1678,7, 315,9
1646,5, 270,5
1646,7, 263,0
1649,8, 264,6
1604,4, 300,3
1590,5, 322,0
1293,3, 296,2
1325,5, 305,0
1459,8, 329,1
1064,9, 215,8
713,3, 141,6
440,3, 76,0
397,6, 56,3
277,2, -9,7
244,9, -42,9
187,2, -100,7
201,5, -89,8
1352,0, -51,4
1451,1, 91,6
1444,4, 90,4
1439,4, 61,8
1434,4, 40,7
1414,5, -29,8
1403,2, -87,3
1421,6, -73,9
1449,4, -51,8
1438,9, -72,4
1433,9, -73,7
1433,1, -73,6
1460,6, -42,0
1459,7, -40,6
1456,7, -42,9
1452,6, -46,9
1466,0, -53,5
1475,2, -56,4
1475,3, -55,8
1471,9, -53,5
1470,3, -54,9
1457,1, -63,3
1441,4, -67,8
1401,4, -75,6
1392,4, -105,7
1397,6, -99,5
1392,6, -103,8
1397,2, -96,6
1419,2, -83,7
1437,7, -55,4
1442,1, -55,1
1465,2, -43,8
1476,9, -42,3
1512,1, -16,0
1685,7, -25,6
1744,2, -58,7
1744,2, -58,7
2828,6, 11,5
3026,4, -15,3
3259,9, -59,8
3240,8, -45,2
3274,4, -56,3
3262,8, -53,9
3271,4, -60,2
3267,9, -59,7
3265,3, -58,8
3267,9, -59,4
3280,9, -69,6
3307,0, -93,1
3289,6, -91,3
3266,0, -74,7
3273,2, -84,0
3270,3, -77,3
3270,0, -73,4
3257,4, -70,7
3251,6, -69,3
3251,6, -69,3
3251,6, -69,3
2521,8, -48,0
2503,3, -43,7
2488,6, -33,8
2492,1, -17,0
2493,7, -3,6
2528,4, -21,9
2642,5, -97,1
2489,2, -97,5
2277,4, -74,9
2187,1, -66,7
2118,6, -61,7
2055,4, -46,3
2061,8, -49,3
1978,5, -32,9
1917,8, -14,5
1905,1, -9,7
1849,4, -7,5
1897,2, -9,5
1877,8, -19,5
1855,0, -22,0
1848,0, -34,0
1855,5, -33,9
1862,1, -34,4
1885,1, -32,3
1888,1, -32,2
1870,6, -25,3
1881,9, -34,4
1880,2, -30,7
1867,1, -40,1
1858,4, -42,5
1850,8, -41,5
1833,3, -41,9
1832,3, -44,7
1816,0, -16,6
1808,9, -8,7
1773,5, -9,0
1778,4, -8,0
1784,9, -9,5
1785,0, -12,0
1748,7, -13,8
1755,0, -8,7
1744,4, -14,7
1730,2, -22,2
1535,3, -63,6
1526,4, -69,2
1587,1, -87,1
-178,2, -40,2
449,7, 343,8
386,0, 259,3
357,3, 210,3
349,4, 184,4
354,5, 170,8
392,0, 164,5
404,4, 178,5
404,4, 185,4
471,5, 244,6
538,5, 309,1
721,8, 462,0
739,5, 465,5
838,8, 532,7
872,6, 544,6
876,1, 543,7
884,9, 541,0
901,9, 524,3
2995,9, 1115,2
3034,6, 1129,5
3033,3, 1126,7
3028,1, 1130,3
3023,4, 1131,1
3025,3, 1133,4
3037,4, 1131,7
3043,9, 1129,7
3037,7, 1133,3
3038,0, 1134,2
3043,0, 1133,3
3067,8, 1123,0
3082,4, 1119,5
3085,2, 1118,9
3099,9, 1114,8
3120,2, 1103,6
3107,7, 1112,0
3120,4, 1113,0
3121,6, 1119,9
3120,3, 1122,7
3116,3, 1126,1
3111,8, 1128,7
3110,8, 1128,4
3102,7, 1123,5
3097,8, 1121,5
3093,4, 1120,2
3088,3, 1118,9
3087,4, 1118,7
3079,4, 1110,0
3075,0, 1123,6
3086,3, 1139,0
3085,5, 1146,2
3068,6, 1152,8
3057,6, 1147,0
3058,5, 1149,3
3067,8, 1152,3
3087,1, 1152,9
3091,1, 1152,7
3101,1, 1148,4
3104,7, 1143,2
3087,7, 1146,5
3073,7, 1153,5
3077,3, 1151,0
3078,0, 1154,4
3084,2, 1153,7
3089,9, 1155,9
3108,6, 1144,7
3106,2, 1145,8
3103,8, 1146,2
3090,4, 1148,5
3073,8, 1155,0
2995,1, 1196,7
2833,4, 1218,8
2311,0, 1334,0
2260,4, 1343,4
2066,8, 1383,5
2001,7, 1388,1
1943,3, 1397,8
1944,1, 1408,4
1926,8, 1414,8
1929,8, 1410,9
1926,0, 1407,3
1928,9, 1396,9
1930,2, 1398,7
1928,0, 1394,3
1911,3, 1391,1
1851,9, 1385,0
1744,7, 1364,5
1625,6, 1349,5
1352,3, 1316,4
1239,4, 1298,4
1211,1, 1293,8
1027,4, 1265,4
1004,3, 1266,3
1041,5, 1275,4
1021,8, 1282,9
991,7, 1286,6
963,9, 1291,1
962,9, 1290,9
929,3, 1274,1
921,1, 1269,8
693,3, 1269,6
409,0, 1311,6
532,3, 1295,0
145,1, 1335,9
-100,0, 1365,1
-345,4, 1379,1
-319,8, 1379,2
-359,5, 1381,2
-393,2, 1375,0
-388,2, 1359,7
-383,6, 1355,0
-387,2, 1353,8
-349,7, 1370,0
-346,3, 1371,4
-358,8, 1363,5
-445,7, 1349,5
-432,9, 1351,4
-427,2, 1352,2
-426,7, 1352,0
-444,5, 1333,9
-431,4, 1338,4
-402,0, 1358,7
-404,6, 1359,4
-404,6, 1359,4
-422,3, 1338,9
-473,5, 1345,4
-457,0, 1305,5
-422,3, 1328,1
-407,1, 1338,1
-407,1, 1338,1
-137,2, 1215,9
6,3, 1217,9
82,6, 1221,3
138,1, 1225,6
163,5, 1225,0
228,2, 1220,6
237,4, 1217,8
690,3, 1148,1
700,6, 1147,3
908,9, 1104,2
1052,0, 1077,5
1088,0, 1069,5
1232,2, 1040,5
1236,9, 1042,2
1239,4, 1042,2
1239,1, 1041,1
1249,3, 1041,3
1264,2, 1045,0
1268,1, 1042,1
1271,1, 1036,7
1271,4, 1034,7
1273,2, 1032,2
1274,9, 1031,3
1280,9, 1028,9
1331,2, 1012,3
3448,2, 1055,9
3441,5, 958,9
3486,1, 964,5
3506,1, 971,8
3512,6, 983,5
3505,4, 979,8
3502,2, 981,7
3494,6, 984,3
3466,7, 1005,8
3387,5, 1001,4
3395,5, 1009,2
3383,2, 1006,5
3369,6, 1007,0
3358,1, 996,2
3354,5, 996,8
3253,4, 999,1
3235,2, 996,6
3137,0, 1020,3
3088,2, 1020,9
3065,3, 1015,7
2985,7, 1024,3
2953,9, 1034,8
2956,7, 1034,8
2908,8, 1046,0
2860,3, 1048,4
2874,8, 1043,2
2910,8, 1019,2
2913,0, 1012,5
2916,1, 1011,3
2937,7, 999,3
2938,3, 997,2
2939,1, 995,0
2949,6, 989,9
2975,9, 986,4
2983,4, 990,4
3009,4, 975,8
2998,7, 980,7
2998,8, 980,3
2997,9, 982,5
2994,1, 984,7
2995,0, 982,4
2984,7, 974,6
2959,1, 977,8
2945,4, 981,4
2950,8, 971,9
2910,3, 981,9
2896,2, 978,3
2891,7, 978,6
2864,2, 966,3
2867,0, 972,9
2817,4, 961,3
2750,7, 962,4
2744,9, 962,8
2742,7, 964,9
2664,6, 977,6
2526,6, 1000,5
2231,2, 1047,3
2087,6, 1060,9
1632,0, 1078,2
1518,0, 1095,0
1525,0, 1089,2
1455,0, 1085,3
1316,9, 1070,1
712,6, 967,3
554,4, 926,2
554,2, 934,2
553,7, 940,3
552,3, 943,4
547,7, 940,8
543,6, 937,1
550,8, 932,7
552,2, 929,9
542,1, 922,4
536,6, 919,2
-46,6, 1118,3
-53,5, 1114,6
-43,3, 1114,3
25,4, 1127,9
98,7, 1155,1
176,2, 1183,9
258,0, 1212,3
296,8, 1218,2
293,6, 1224,8
286,6, 1225,0
277,6, 1229,5
280,6, 1231,1
293,3, 1226,1
277,2, 1229,6
278,6, 1225,0
280,4, 1212,8
282,2, 1215,4
301,1, 1224,9
296,2, 1199,7
292,5, 1188,5
447,1, 1002,2
462,7, 982,0
189,5, 1147,3
244,2, 1139,4
333,5, 1127,6
337,1, 1122,5
339,4, 1113,4
333,2, 1110,2
330,3, 1110,2
330,3, 1110,2
489,1, 1053,3
575,1, 1019,6
576,9, 971,9
640,1, 939,2
610,1, 918,6
591,1, 906,8
633,1, 905,0
618,5, 871,0
636,9, 861,8
729,5, 831,2
859,4, 800,9
887,7, 793,6
972,5, 785,7
989,7, 784,1
1084,7, 770,8
2298,7, 240,8
2312,9, 201,1
2312,9, 201,1
2791,0, 211,3
3018,1, 125,9
3072,9, 117,8
3071,0, 134,3
3080,0, 108,9
3064,5, 172,4
3004,9, 363,7
3301,6, 277,3
3318,3, 253,3
3289,4, 264,7
3301,2, 239,2
3294,5, 243,6
3308,1, 246,1
3308,4, 246,0
3321,2, 221,0
3321,2, 221,0
3319,2, 221,1
3210,6, 351,2
3120,7, 440,7
3134,3, 421,4
2691,6, 541,2
2551,3, 493,7
2546,4, 493,5
2536,3, 451,3
2534,2, 443,9
2535,6, 425,2
2498,8, 391,0
2105,2, 381,5
2135,6, 411,8
1847,7, 425,8
1792,6, 415,6
1816,7, 421,7
1835,5, 423,6
1601,6, 411,2
1298,8, 372,5
1301,1, 283,2
1313,6, 199,0
1315,9, 179,9
626,0, 81,0
182,0, 48,4
43,4, 17,8
603,0, -72,7
-137,3, 247,1
-126,2, 265,6
-121,1, 274,5
-123,4, 269,8
-115,4, 292,9
-111,0, 296,6
-115,5, 299,6
236,7, 318,2
347,3, 348,6
457,6, 374,9
501,3, 366,9
517,2, 375,0
559,8, 372,6
700,7, 385,3
846,4, 384,0
930,6, 382,2
860,4, 377,9
881,1, 360,5
992,4, 292,6
1016,0, 266,2
1213,3, 380,2
3136,9, 191,4
3133,4, 199,3
3135,6, 213,8
3129,8, 218,7
3132,9, 223,8
3115,6, 211,4
3082,8, 129,6
3077,9, 145,8
3055,8, 218,6
3034,5, 284,0
3110,4, 263,4
3359,9, 309,2
3467,8, 363,8
3430,8, 397,6
3376,7, 445,0
3366,2, 453,6
3022,9, 776,4
3029,8, 776,6
3025,7, 778,8
3017,5, 770,0
3028,4, 771,3
3025,2, 772,5
3025,2, 772,5
2706,5, 664,3
2605,7, 632,3
2470,5, 640,1
2499,8, 639,0
2434,6, 629,4
2439,9, 596,4
2442,9, 587,2
2436,0, 514,4
2433,0, 475,4
2114,2, 413,6
1895,5, 381,2
1685,9, 341,6
1487,7, 312,2
1518,1, 313,4
1266,9, 267,8
1238,1, 258,7
1213,9, 249,9
1185,2, 248,5
1212,0, 254,8
1066,6, 195,0
1059,3, 183,0
1022,1, 137,7
1508,7, 311,9
1474,3, 289,1
1549,3, 321,1
1478,8, 283,7
1452,2, 289,3
1480,3, 291,4
1514,0, 274,0
1515,9, 269,7
599,8, -158,3
600,5, -156,8
600,5, -156,8
587,6, -194,1
595,7, -199,1
615,7, -199,8
623,2, -189,7
673,5, -160,1
704,1, -138,8
701,8, -138,6
730,4, -134,4
731,6, -134,6
841,4, -203,0
943,6, -163,4
1025,6, -156,2
1045,1, -133,4
3388,7, 255,4
3399,0, 245,2
3396,6, 236,4
3395,0, 241,8
3371,4, 255,8
3240,4, 382,9
3194,8, 431,5
3173,4, 455,3
3158,2, 471,9
3156,3, 472,7
3158,0, 518,3
3169,3, 632,1
3161,7, 600,8
3120,8, 525,9
3122,1, 525,3
3555,4, 474,5
3587,4, 517,3
3588,0, 507,5
3597,1, 503,1
3590,7, 505,0
3597,1, 501,6
3603,8, 499,4
3265,4, 612,1
3265,4, 612,1
3260,2, 454,1
3368,9, 399,4
3552,1, 306,7
3219,8, 435,3
3215,4, 436,7
3243,2, 417,1
3381,1, 366,8
3281,6, 446,2
3188,6, 474,1
3131,6, 514,6
3101,7, 518,7
3073,6, 508,7
3046,6, 523,5
2895,7, 567,4
2377,9, 598,8
2160,1, 604,6
2106,0, 597,3
1862,9, 559,6
1796,1, 548,4
1502,4, 448,9
1545,6, 284,2
1475,1, 260,1
187,1, 411,9
734,3, -8,1
750,3, -51,7
844,8, -61,9
3101,1, 715,5
3093,9, 695,1
3081,1, 706,2
3066,8, 715,7
3033,1, 734,3
3010,1, 753,5
3008,9, 753,7
2990,8, 764,9
2964,1, 784,5
2945,1, 806,6
3058,8, 728,7
3111,7, 693,5
3176,9, 664,8
3231,4, 638,9
3273,3, 620,2
3272,6, 628,7
3267,9, 629,1
3266,2, 538,1
3262,9, 534,5
3262,9, 534,5
3253,8, 717,7
3241,8, 716,9
3243,9, 712,9
3255,1, 728,7
3260,1, 735,6
3260,1, 735,7
3074,4, 1040,7
2996,0, 1170,8
2995,8, 1171,9
1720,0, 720,0
3315,3, 812,7
3326,9, 820,3
3301,2, 825,4
3248,6, 828,5
3132,3, 831,4
2971,3, 825,3
2876,4, 833,9
2871,5, 836,2
2823,7, 844,8
2784,8, 853,8
2780,9, 849,1
2796,5, 831,9
2835,1, 808,8
2824,9, 815,2
2860,9, 811,6
2876,4, 811,9
2906,2, 809,3
2902,9, 801,1
2772,7, 809,5
2221,0, 907,4
2129,8, 930,2
2046,5, 946,9
2130,5, 932,3
2061,0, 940,8
1982,1, 943,5
1920,8, 943,9
1907,2, 944,8
1898,2, 942,4
1908,0, 937,6
1840,8, 908,6
1714,1, 891,7
1224,7, 868,5
1207,9, 838,5
1756,1, 412,4
1756,1, 412,4
972,5, 614,8
297,6, 786,0
-111,2, 624,4
-62,7, 592,2
-103,0, 561,3
-109,7, 537,0
-104,9, 532,2
-203,6, 750,5
-208,7, 712,6
-211,0, 601,7
-273,2, 506,5
-273,5, 482,9
-287,5, 425,8
-297,1, 393,7
-280,5, 384,0
-286,9, 366,9
-306,0, 340,2
-327,5, 342,4
-277,6, 360,8
-261,8, 384,7
-20,6, 448,0
98,6, 467,0
359,6, 489,1
783,4, 534,7
977,8, 546,9
1342,4, 542,0
1426,5, 540,9
2037,7, 291,2
1436,8, 392,7
1436,8, 392,7
1436,8, 392,7
3684,4, 227,7
3684,4, 227,7
3686,3, 220,2
3693,0, 218,5
3744,5, 251,7
3535,3, 427,8
3347,0, 579,8
3314,0, 605,6
3264,0, 646,3
3219,0, 703,3
3351,8, 737,2
3407,4, 732,7
3413,7, 737,1
3406,9, 734,8
3401,0, 732,8
3419,2, 742,4
3404,7, 744,9
3411,2, 740,4
3425,3, 734,3
3417,1, 734,5
3175,6, 721,3
3175,6, 721,3
3171,1, 724,4
3166,8, 725,1
3156,2, 719,3
3162,7, 718,6
3161,6, 717,4
2231,2, 746,3
2024,6, 738,2
1987,1, 725,0
1881,6, 703,8
1867,8, 699,5
1855,0, 673,4
1796,4, 476,9
1781,4, 413,1
1750,5, 322,7
1750,1, 310,2
1727,4, 272,6
1718,4, 255,2
1710,6, 245,8
1707,3, 241,9
1699,6, 234,1
1418,3, 178,2
686,2, 361,1
995,8, 609,0
1064,3, 684,1
1136,9, 779,6
1181,9, 855,7
1189,2, 867,8
1222,7, 926,7
1238,3, 955,4
1268,4, 1030,8
1263,9, 1048,3
1234,0, 1039,5
1224,8, 1038,0
257,6, 977,6
-14,4, 944,7
-71,9, 934,4
-105,1, 928,4
-143,3, 926,3
-217,0, 932,6
-255,6, 922,0
-230,5, 932,7
-222,2, 926,3
-226,1, 921,4
-235,6, 922,4
-226,2, 923,0
-200,0, 933,6
-149,3, 938,9
-152,7, 938,8
-218,9, 934,4
-181,0, 943,7
-233,9, 931,3
-238,5, 934,6
-289,8, 917,8
-289,8, 917,8
-296,6, 927,5
-282,6, 930,1
-191,4, 957,4
-171,5, 959,4
-163,0, 955,6
-165,8, 936,0
-59,9, 971,6
2,8, 1001,6
51,2, 1028,3
68,5, 1034,5
74,1, 1045,7
104,7, 1051,0
118,0, 1054,6
157,0, 1048,9
150,3, 1056,6
87,0, 1065,3
106,4, 1066,1
104,7, 1060,6
97,6, 1053,9
62,3, 1047,9
97,2, 1043,9
104,9, 1026,4
186,9, 1034,1
208,1, 1022,0
210,5, 1019,8
210,3, 1008,1
221,2, 999,2
238,5, 999,0
263,0, 984,6
265,8, 979,9
681,3, 891,4
775,4, 873,8
988,5, 841,7
1370,5, 809,1
3157,3, 871,8
2382,4, 813,1
2384,1, 806,9
2395,1, 805,9
2392,6, 800,9
1582,7, 870,4
1351,4, 749,8
2380,0, 942,4
3402,8, 1030,4
3414,2, 1025,7
3498,7, 993,4
3509,2, 990,7
3515,3, 991,0
3495,0, 1007,4
3377,7, 1075,1
3366,2, 1076,4
3313,5, 1078,7
3338,3, 1073,8
3309,8, 1072,5
3310,3, 1072,6
3358,5, 1028,6
3343,0, 1022,9
3339,9, 1020,1
3360,1, 1000,2
3355,1, 1006,3
3375,8, 1018,1
3385,4, 1023,1
3385,9, 1021,0
3382,4, 1023,1
3380,7, 1005,7
3388,6, 982,3
3399,9, 969,5
3390,7, 970,7
3361,7, 971,2
3182,3, 909,1
3141,8, 914,1
3099,3, 913,4
3026,8, 949,3
2986,4, 959,6
2961,9, 948,1
2965,8, 943,7
2953,5, 937,1
2936,1, 937,4
2937,7, 935,0
2911,3, 932,1
2903,0, 930,7
2864,5, 912,7
2566,3, 873,3
2570,1, 876,3
1793,4, -99,9
74,5, 470,2
1,3, 476,0
-0,6, 480,7
-1,4, 482,8
79,8, 825,5
74,5, 825,0
93,9, 817,7
108,2, 835,8
110,7, 845,1
96,0, 844,0
79,6, 858,0
95,0, 875,3
101,9, 881,4
-189,5, 825,9
-185,4, 816,9
-197,4, 814,1
-197,4, 814,1
185,4, 596,5
173,5, 630,5
192,4, 653,6
148,4, 786,8
362,8, 763,5
488,7, 764,2
565,8, 769,0
641,6, 740,5
653,6, 691,7
654,3, 719,1
665,9, 708,4
924,8, 549,1
1038,5, 497,3
1235,5, 392,2
1604,8, 192,9
1776,0, 85,1
1874,8, 23,0
2003,4, -31,2
2334,7, -180,7
2407,3, -199,8
2545,9, -166,7
2901,7, -184,1
2896,3, -184,5
2889,4, -240,7
2853,7, -228,8
2830,3, -226,1
2615,5, -178,6
2339,9, -108,3
3599,2, 268,8
3592,8, 281,3
3598,1, 280,8
3600,5, 280,6
3792,0, 126,3
3602,4, 289,0
3524,1, 359,4
3279,5, 632,8
3201,5, 724,6
3187,4, 751,7
3034,1, 957,8
2949,6, 1144,3
2906,8, 1266,2
3027,1, 1286,3
2946,0, 1295,1
2966,6, 1297,2
2990,9, 1289,9
2978,9, 1275,7
2943,7, 1249,5
2880,0, 1181,3
2699,9, 1013,3
2342,1, 736,4
1931,8, 585,1
1998,2, 608,2
1374,8, 393,3
1292,1, 379,6
1266,1, 367,3
1251,1, 370,0
1248,3, 380,3
1213,1, 372,6
1212,2, 372,1
722,6, 327,8
867,8, 355,7
648,1, 332,7
51,0, 280,1
-133,4, 306,1
-285,8, 152,9
-354,6, 81,5
849,8, 249,3
944,4, 209,0
1035,3, 223,3
1128,0, 239,7
1159,4, 243,0
1497,7, 271,7
1409,6, 262,7
1655,2, 274,1
1647,2, 265,8
1644,7, 258,4
1691,2, 244,7
1693,3, 248,3
1697,7, 262,4
1691,7, 250,8
1690,9, 249,9
1699,3, 265,1
1697,8, 228,1
1703,4, 217,9
1702,5, 228,0
1703,4, 230,4
1700,5, 229,1
1703,1, 241,6
1676,1, 811,9
1672,0, 899,9
1668,4, 998,2
1667,3, 1029,3
1656,1, 1139,0
1640,1, 1321,8
1630,7, 1362,8
1640,1, 1391,2
1641,4, 1401,7
1629,9, 1388,7
1647,3, 1407,8
1557,8, 1295,0
1349,5, 1048,0
1065,7, 725,9
878,0, 542,5
795,0, 470,6
682,1, 383,7
501,7, 239,4
526,2, 264,6
587,8, 339,5
592,6, 335,4
611,8, 357,4
631,3, 368,6
628,7, 363,9
305,1, 345,3
92,3, 423,3
-87,7, 399,1
-182,9, 380,6
-175,9, 366,6
-142,6, 381,3
-169,5, 276,3
-211,5, 201,7
-194,8, 149,3
117,6, 378,1
122,9, 374,2
122,9, 374,2
142,5, 388,1
196,1, 178,4
296,5, 116,3
569,6, 41,5
3129,0, 548,7
3259,2, 666,6
3257,7, 688,3
3231,4, 708,5
3240,6, 709,3
3164,9, 723,3
3136,1, 729,4
3136,0, 738,9
3149,8, 742,5
3152,5, 749,2
3167,3, 760,5
3167,3, 756,3
3205,4, 703,9
3208,9, 681,2
3267,5, 503,9
3271,4, 478,7
3271,0, 478,7
3261,6, 427,8
3289,0, 431,3
3286,4, 420,5
3271,1, 418,9
3250,6, 412,1
3274,2, 410,9
3276,1, 414,7
3268,2, 406,8
3258,1, 392,2
3257,1, 389,9
3262,7, 398,6
3252,8, 407,1
3250,1, 401,6
2918,4, 470,0
3267,2, 393,3
3257,5, 395,2
3262,8, 387,1
3262,3, 380,0
3266,1, 381,0
3272,2, 359,3
3272,4, 354,4
1008,4, -86,0
924,0, 37,6
866,9, 32,0
769,4, 24,6
460,8, 69,5
315,4, 146,5
338,2, 140,0
329,5, 129,8
318,8, 111,6
325,6, 105,7
1176,9, 116,3
387,8, 216,5
594,4, 318,6
816,7, 468,4
918,9, 532,7
1367,1, 812,5
1183,1, 693,6
1649,6, 928,5
1990,2, 1018,2
2038,8, 1040,5
2397,1, 1099,3
3566,6, 1275,1
3546,2, 1277,1
3416,3, 1244,3
3378,2, 1238,6
3320,5, 1255,4
3342,2, 1244,1
3370,0, 1165,6
3347,6, 951,7
3311,3, 891,4
3299,3, 870,4
3267,6, 887,7
3244,0, 905,8
3143,7, 918,5
3148,8, 947,9
3088,4, 920,8
3154,6, 920,6
3148,9, 915,7
3135,6, 903,1
3144,0, 910,4
3133,8, 916,0
3131,5, 912,4
3120,7, 926,8
3099,5, 916,6
3100,5, 934,5
3088,3, 929,1
3074,2, 921,8
3097,3, 932,1
3069,0, 933,9
3083,3, 934,7
3100,0, 936,5
3092,6, 950,9
3071,6, 945,0
3030,4, 942,6
3092,4, 976,2
2507,5, 873,8
2158,4, 831,2
2118,1, 824,1
2094,0, 819,5
1890,0, 763,1
1890,5, 759,5
1884,9, 723,4
1899,6, 716,2
1908,0, 718,2
1890,1, 686,0
1881,6, 672,0
1838,0, 673,8
1382,5, 664,9
762,4, 570,4
-93,4, 586,8
-125,7, 607,5
-155,2, 864,5
-133,7, 876,5
-132,4, 882,5
-109,6, 894,1
-99,8, 898,1
-7,6, 620,6
126,5, 488,2
214,2, 391,3
228,3, 388,3
255,7, 368,0
278,2, 360,5
401,0, 345,0
419,4, 359,7
437,4, 392,2
443,6, 391,4
446,1, 393,8
451,8, 404,9
441,1, 404,3
434,4, 389,7
430,0, 365,9
43,6, 707,1
52,1, 633,6
37,2, 644,0
47,0, 646,8
43,9, 644,0
52,5, 632,2
46,2, 627,5
41,6, 615,4
40,1, 611,0
39,6, 611,2
-7,9, 767,0
-0,5, 725,9
31,2, 651,2
32,4, 654,3
47,3, 638,9
31,8, 630,1
5,5, 645,2
-2,8, 638,4
-5,8, 614,1
-19,3, 592,7
-14,1, 568,7
-9,4, 560,9
89,8, 539,7
382,9, 520,9
437,5, 559,2
441,1, 554,0
472,2, 572,5
530,4, 604,6
572,7, 623,7
708,6, 678,4
785,5, 674,0
758,2, 669,3
2628,1, 688,9
636,7, 436,9
521,1, 868,3
582,0, 418,0
405,8, 217,1
376,0, 174,6
395,3, 185,4
770,3, 374,6
832,4, 371,2
785,5, 101,1
840,0, 139,6
1011,5, 352,8
994,8, 309,9
905,0, 100,7
850,8, -33,5
862,0, -21,5
854,0, -58,8
909,3, -56,3
947,1, -33,6
2896,5, 409,2
3156,5, 536,0
3249,2, 430,5
3193,1, 495,1
3327,8, 326,2
3330,0, 318,8
3339,8, 307,2
3343,0, 302,1
3339,8, 300,3
3309,4, 328,7
3297,6, 339,8
3301,3, 338,2
3295,2, 341,6
3292,0, 347,8
3271,9, 382,3
3207,0, 467,7
3108,7, 523,0
3111,0, 526,9
3050,9, 558,4
3087,3, 533,0
3110,3, 500,2
3199,4, 450,6
3228,5, 443,9
3242,5, 445,2
3221,9, 479,1
3225,3, 468,6
3197,4, 507,4
3193,7, 506,3
3496,0, 413,5
3534,4, 405,6
2953,6, 565,4
2753,8, 562,5
2464,2, 440,1
2361,5, 391,8
2355,6, 334,0
2373,4, 414,4
2337,6, 349,9
2333,3, 317,2
2344,2, 319,1
2322,2, 332,4
2336,1, 330,7
2330,6, 326,3
2344,7, 325,6
2347,4, 326,3
2353,6, 311,3
2359,6, 313,5
2365,7, 310,3
2353,6, 302,2
2359,0, 301,9
2353,2, 297,6
2359,8, 296,6
2356,8, 291,8
2322,8, 272,0
2286,2, 266,2
2209,3, 290,5
1943,4, 300,6
1654,7, 303,2
1393,2, 299,8
1307,3, 306,0
1301,5, 310,5
1297,6, 310,4
1294,8, 308,6
1235,6, 237,0
1237,5, 227,2
1237,5, 225,0
1222,8, 214,3
1226,4, 214,7
1214,6, 210,7
1203,2, 195,0
1195,3, 209,3
731,2, -127,3
3079,7, 488,6
3268,4, 447,0
3311,1, 488,6
3322,2, 503,1
3333,9, 526,7
3252,8, 575,9
3290,4, 546,4
3295,6, 545,4
3284,6, 560,0
3281,4, 565,3
3272,0, 567,2
3263,9, 574,3
3215,5, 586,9
3172,7, 643,3
3180,4, 626,6
3146,7, 696,3
3123,2, 712,7
3133,7, 704,3
3140,7, 681,9
3132,1, 694,8
3140,6, 679,7
3189,4, 635,4
3185,8, 646,4
3185,4, 638,5
3184,6, 642,4
3183,1, 654,6
3183,5, 658,0
3193,3, 655,7
3200,9, 657,5
3197,6, 657,5
3198,6, 656,1
3007,5, 714,0
770,1, 2166,0
845,9, 2083,0
846,8, 2093,5
819,3, 2109,7
821,1, 2099,9
823,2, 2094,6
792,8, 2123,9
776,2, 2132,1
736,7, 2156,1
691,1, 2198,1
716,7, 2146,2
3705,9, 560,3
3803,3, 496,8
3762,0, 519,7
3786,4, 507,1
3755,0, 519,1
3691,3, 547,6
3695,7, 531,0
3694,4, 532,8
3644,6, 553,1
3624,0, 551,0
3642,2, 552,5
3649,9, 551,9
2824,7, 2255,0
2787,8, 2447,6
2589,0, 2679,6
2532,8, 2704,1
2514,9, 2710,9
2504,9, 2709,5
2501,2, 2703,5
2403,1, 2698,6
2387,2, 2695,1
2393,2, 2747,0
2387,5, 2709,6
2390,3, 2705,8
2381,8, 2671,3
2368,8, 2619,6
2339,9, 2565,1
2330,0, 2546,4
2325,4, 2542,3
2324,0, 2540,9
2318,0, 2509,2
2319,8, 2522,0
2325,3, 2527,0
2340,8, 2519,0
371,1, 842,9
400,8, 930,6
629,0, 1133,4
568,9, 1082,0
643,5, 1164,0
659,1, 1182,5
650,1, 1175,2
812,0, 1337,5
813,1, 1341,8
814,3, 1335,0
811,3, 1334,1
814,7, 1334,4
822,5, 1358,3
823,3, 1350,0
795,2, 1348,0
736,7, 1324,5
358,2, 1156,1
336,8, 1150,8
227,6, 1095,8
141,9, 1052,5
174,3, 1079,5
131,9, 1046,0
126,1, 1043,6
122,5, 1044,1
122,2, 1052,8
132,8, 1054,7
143,0, 1056,9
174,7, 1064,1
203,4, 1078,6
226,2, 1079,9
252,3, 1090,4
233,6, 1113,5
251,6, 1111,6
233,6, 1110,4
267,1, 1109,8
260,0, 1121,2
255,6, 1130,9
274,3, 1122,4
274,4, 1120,6
269,2, 1168,2
545,3, 946,3
637,4, 829,6
714,9, 730,4
843,3, 531,4
938,2, 385,2
1023,1, 254,7
1015,1, 267,1
1017,6, 222,8
991,2, 83,3
988,1, 97,9
961,4, 96,8
966,1, 104,3
779,8, 529,1
877,4, 514,7
960,2, 528,2
914,3, 520,7
946,6, 526,0
1416,8, 656,8
2007,9, 839,6
2126,0, 869,7
2224,6, 896,1
2264,5, 902,5
2351,5, 913,9
2441,4, 916,9
2460,2, 915,7
2468,0, 905,6
2480,2, 888,9
2483,8, 884,1
2498,2, 855,0
2513,6, 848,2
2503,9, 854,9
2497,5, 860,7
2497,2, 860,9
2488,3, 870,9
2482,4, 877,7
2474,3, 887,2
2468,7, 895,1
2469,6, 897,7
2472,5, 896,1
2471,3, 895,5
2480,5, 897,9
2500,2, 890,1
2495,7, 883,4
2492,7, 887,3
2492,7, 887,3
3337,2, 793,4
3676,8, 755,6
3669,4, 748,7
3655,8, 753,9
3649,3, 754,7
3619,8, 760,2
3001,4, 813,8
2806,9, 805,6
457,1, 1321,0
481,3, 1329,5
505,8, 1350,3
514,2, 1354,4
510,5, 1349,4
548,7, 1360,4
547,0, 1359,4
555,4, 1358,0
558,6, 1358,4
592,8, 1354,6
697,9, 1331,6
756,8, 1331,6
967,1, 1344,2
1066,6, 1353,3
1493,8, 1391,6
1554,4, 1392,9
1660,4, 1398,6
1667,1, 1391,8
1723,3, 1384,4
1687,9, 1374,9
1710,1, 1378,2
2945,4, 1269,2
3435,7, 1241,7
3480,5, 1236,8
3506,3, 1231,7
3525,3, 1227,4
3529,9, 1221,5
3595,8, 1184,3
3578,7, 1186,4
3509,6, 1194,6
3512,7, 1195,1
3516,5, 1195,0
3464,6, 1203,2
3456,6, 1203,4
3455,6, 1205,3
3452,4, 1206,3
3475,6, 1230,8
3423,4, 1222,5
3379,5, 1217,5
3370,1, 1214,5
3328,2, 1193,7
3336,9, 1192,2
3341,5, 1183,6
3339,7, 1179,9
3312,6, 1179,3
3308,8, 1178,8
3296,8, 1181,2
3246,4, 1177,3
3241,5, 1176,8
3248,5, 1171,8
3228,6, 1166,0
3208,2, 1155,2
3209,9, 1145,3
3218,9, 1141,4
3217,1, 1133,3
3208,6, 1110,4
3215,4, 1118,9
3212,4, 1116,5
3229,5, 1122,4
3212,5, 1121,4
3201,2, 1124,1
2728,6, 1115,2
2711,9, 1112,8
2712,5, 1105,1
2731,3, 1092,0
2733,8, 1082,6
2794,2, 1044,7
2796,6, 1043,3
2847,2, 1021,2
2857,1, 1014,9
2852,6, 1017,1
2881,3, 999,8
2904,6, 973,6
2914,9, 973,0
2942,3, 960,8
2945,1, 958,5
2961,4, 940,7
2970,1, 934,1
2967,0, 931,6
2971,2, 931,9
2970,6, 930,0
2969,4, 925,5
2978,8, 920,8
2972,8, 913,3
2973,8, 916,7
2971,7, 907,8
2953,3, 901,0
2930,0, 891,5
2914,7, 883,0
2900,1, 879,5
2865,1, 876,4
2840,5, 870,0
2816,1, 869,4
2773,3, 872,0
2733,5, 864,4
2709,9, 864,3
2671,9, 859,8
2610,4, 849,3
2597,7, 849,4
1934,5, 897,3
1626,9, 885,9
1311,9, 911,9
1188,5, 893,9
651,2, 838,6
543,7, 761,3
555,4, 763,9
542,2, 750,7
504,9, 728,8
282,4, 645,1
160,4, 590,2
52,7, 547,7
-141,4, 493,0
-141,4, 493,0
-137,5, 496,5
-186,6, 464,4
-179,4, 460,7
-150,2, 475,3
-186,8, 461,8
-187,5, 482,6
-205,6, 476,6
-213,6, 474,0
102,8, 772,7
99,6, 780,8
101,3, 778,1
90,5, 758,6
93,9, 766,7
84,8, 771,0
-253,7, 663,9
-181,7, 671,4
-193,3, 666,7
-220,8, 627,2
-221,2, 588,7
-5,7, 625,5
257,9, 642,9
300,7, 632,8
613,0, 613,3
645,6, 610,7
689,1, 609,2
1009,1, 615,5
3167,6, 739,4
2274,5, 1088,9
1891,7, 1228,9
1846,9, 1256,5
1668,3, 1338,0
1541,4, 1387,9
1487,6, 1409,2
1464,3, 1419,9
1333,7, 1480,1
1287,8, 1495,6
995,2, 1795,9
859,7, 1966,2
809,9, 2054,7
791,3, 2067,6
735,5, 2115,6
677,9, 2165,1
681,9, 2172,8
690,8, 2173,2
700,7, 2182,1
695,9, 2179,2
679,3, 2174,8
690,4, 2177,5
701,0, 2202,3
731,9, 2218,2
740,9, 2229,6
743,8, 2232,3
750,0, 2239,1
752,3, 2239,5
752,3, 2243,3
723,4, 2282,5
728,5, 2276,6
718,8, 2273,0
729,4, 2275,0
727,1, 2272,9
755,0, 2251,2
749,4, 2251,0
750,6, 2240,9
753,7, 2239,4
749,5, 2238,6
761,9, 2219,7
900,3, 2215,1
959,5, 2213,6
1321,4, 2306,5
1940,9, 2460,8
2008,1, 2475,8
2065,7, 2503,7
2208,4, 2564,4
2241,1, 2608,9
2245,8, 2612,5
2248,0, 2630,8
2251,3, 2649,5
2252,6, 2666,0
2237,1, 2663,5
2234,5, 2670,5
2234,1, 2671,1
2238,1, 2684,9
2237,4, 2679,7
1603,9, 928,4
1600,2, 940,8
1592,7, 940,8
1590,5, 940,6
1600,5, 945,2
1606,8, 947,8
1599,4, 947,4
1600,2, 949,0
1592,5, 946,5
1610,3, 1047,7
1675,7, 1695,0
1679,4, 2021,7
1668,9, 2291,8
1670,5, 2310,6
1661,3, 2416,8
1645,5, 2574,8
1644,7, 2596,8
1644,1, 2596,6
1643,2, 2615,0
1642,0, 2628,7
1641,5, 2634,6
1644,6, 2621,0
1644,9, 2610,5
1646,3, 2610,8
1651,6, 2621,8
1656,1, 2631,0
1672,2, 2689,9
1660,4, 2690,4
1664,7, 2677,6
1667,5, 2668,9
1673,4, 2631,6
1654,6, 2633,7
1635,8, 2628,9
1611,1, 2625,4
1567,3, 2600,2
1539,8, 2582,9
1535,5, 2572,4
1532,7, 2567,7
1517,1, 2531,0
1512,3, 2519,2
1516,4, 2350,3
1532,4, 1812,2
1542,1, 1535,9
1552,5, 1258,0
1553,9, 1249,9
1556,8, 1241,5
1556,7, 1241,8
1560,4, 1226,4
1571,3, 1218,4
1578,8, 1221,7
1580,0, 1221,6
1585,4, 1222,0
1571,4, 1217,9
1551,5, 1211,5
1476,5, 1173,6
1077,9, 952,0
1079,3, 950,1
967,6, 886,9
761,5, 769,0
594,6, 664,4
46,2, 321,5
-41,7, 276,8
-210,8, 175,6
-176,6, 194,3
-207,3, 161,0
-234,8, 138,5
-589,5, 522,1
-589,5, 522,1
-403,1, 820,3
-380,5, 856,4
-364,0, 981,9
-320,5, 1023,1
-51,7, 1105,4
16,7, 1126,6
12,3, 1129,9
20,3, 1129,5
151,6, 1177,3
131,2, 1172,8
343,1, 1260,2
807,1, 1457,1
697,3, 1419,2
1328,8, 1809,7
1813,0, 2102,2
1862,5, 2131,2
1712,8, 2021,8
1965,8, 2191,5
1997,8, 2211,8
2323,5, 2378,2
2250,3, 2341,9
2310,7, 2389,3
2325,6, 2387,6
2299,1, 2433,4
2314,3, 2428,1
2328,2, 2419,6
2330,7, 2475,9
2326,5, 2513,4
2336,4, 2544,4
2343,4, 2606,9
2323,8, 2573,8
2326,0, 2622,4
2321,7, 2567,5
2324,9, 2548,5
2326,8, 2582,0
2327,2, 2583,7
2322,0, 2611,5
2310,2, 2613,5
2085,4, 2537,4
2117,0, 2526,3
2003,0, 2321,6
1601,0, 1815,6
1428,7, 1632,9
1023,7, 1160,3
710,8, 834,1
338,9, 788,6
163,6, 737,5
-139,1, 533,3
-322,4, 409,5
-367,8, 376,3
-356,1, 380,3
-353,5, 376,6
-343,4, 384,5
-367,8, 358,3
264,8, 497,6
306,3, 482,9
357,0, 472,0
408,8, 465,8
475,1, 479,5
503,5, 494,2
506,0, 495,8
654,6, 576,9
627,7, 558,0
694,2, 606,6
800,2, 699,6
808,8, 710,3
734,6, 704,8
625,0, 667,2
53,9, 528,1
-77,9, 511,1
1520,8, 2129,8
1634,2, 2504,3
1529,5, 2321,7
2746,1, 2668,4
105,1, 1019,1
38,0, 1016,9
35,4, 1073,6
35,5, 1102,1
45,7, 1108,4
79,5, 1124,1
77,5, 1128,9
85,9, 1136,6
97,8, 1140,6
128,7, 1152,3
160,3, 1167,2
176,1, 1172,6
211,0, 1184,2
269,7, 1200,4
405,0, 1239,5
417,4, 1255,1
407,6, 1255,1
418,8, 1256,5
427,7, 1253,9
366,9, 1298,9
300,2, 1356,9
267,6, 1368,3
289,8, 1366,0
291,6, 1375,6
290,5, 1382,6
300,4, 1376,3
302,1, 1375,8
288,1, 1387,4
293,1, 1387,6
291,9, 1391,5
307,8, 1401,2
310,5, 1405,4
293,2, 1413,3
300,5, 1410,3
307,1, 1409,3
294,1, 1410,3
294,9, 1405,5
294,3, 1403,3
306,4, 1402,0
288,8, 1411,7
292,2, 1409,5
287,9, 1410,7
298,2, 1408,5
327,1, 1365,6
345,4, 1365,1
354,1, 1369,1
401,7, 761,4
410,6, 634,3
421,8, 502,1
437,0, 484,4
422,7, 498,3
440,2, 470,0
461,9, 548,1
467,2, 546,2
469,8, 555,3
486,3, 554,6
494,4, 585,3
486,1, 585,9
486,1, 585,9
512,7, 630,3
515,9, 626,9
513,8, 615,7
515,3, 609,2
412,8, 583,2
406,8, 584,3
406,4, 584,8
320,4, 683,1
886,9, 967,2
1117,1, 1125,6
1020,6, 1058,8
1331,0, 1268,0
1332,3, 1269,1
1265,8, 1226,5
1165,7, 1168,3
1203,9, 1190,1
1163,3, 1163,9
1113,7, 1133,3
1100,5, 1132,8
1096,4, 1126,1
1088,1, 1116,5
1088,2, 1116,1
1083,4, 1118,0
1083,0, 1117,6
1080,2, 1115,5
1079,2, 1113,7
1079,2, 1113,0
1078,3, 1112,6
1074,3, 1109,6
1073,8, 1109,7
1073,8, 1110,2
1073,7, 1110,2
1070,5, 1106,7
1061,9, 1101,3
1050,5, 1103,0
1007,9, 1203,2
956,7, 1305,7
925,2, 1333,1
926,1, 1336,6
884,0, 1436,4
746,1, 1879,0
780,2, 1689,3
765,3, 1823,6
749,6, 2025,5
744,8, 2117,6
735,3, 2169,4
733,8, 2329,3
735,5, 2332,3
729,8, 2347,6
718,3, 2349,0
764,7, 2328,9
788,8, 2312,0
770,2, 2292,8
778,1, 2297,5
767,4, 2280,6
780,3, 2269,8
774,5, 2255,2
769,9, 2247,6
775,1, 2222,5
777,9, 2220,3
776,5, 2223,1
770,2, 2230,3
742,8, 2224,4
743,8, 2246,7
750,2, 2251,1
722,2, 2223,6
733,9, 2230,0
735,6, 2224,9
767,3, 2184,6
795,2, 2176,5
961,2, 2170,0
1371,4, 2237,1
1291,3, 2222,8
1364,5, 2246,1
1616,5, 2336,4
1721,4, 2396,3
2024,5, 2562,8
2117,3, 2563,5
2179,8, 2574,8
2218,6, 2604,9
2220,2, 2594,4
2228,9, 2593,2
2260,8, 2603,7
2268,1, 2596,5
2299,8, 2651,6
2289,8, 2595,7
2291,4, 2612,5
2296,4, 2652,6
2298,8, 2702,2
2295,8, 2706,7
2299,3, 2764,4
2306,2, 2728,9
2353,2, 2699,2
2347,8, 2641,2
2352,0, 2641,4
2356,2, 2653,3
2362,1, 2627,3
2365,0, 2639,8
2373,9, 2643,9
2386,9, 2694,9
2396,7, 2668,4
2396,5, 2668,1
2363,5, 2569,4
2357,2, 2547,1
2405,8, 2653,6
2358,0, 2538,9
2266,2, 2425,5
2156,1, 2217,1
2033,5, 1977,5
1989,2, 1886,0
1873,2, 1658,1
1824,7, 1554,6
1676,9, 1236,1
1657,6, 1191,1
1641,0, 1190,5
1642,9, 1190,9
973,3, 1107,5
898,2, 1111,2
791,3, 1118,1
635,7, 1127,0
525,7, 1145,9
193,4, 1141,5
200,5, 1153,7
186,5, 1166,8
99,9, 1161,3
115,7, 1162,3
91,7, 1159,8
69,4, 1157,8
83,2, 1145,4
95,7, 1130,9
83,6, 1124,2
51,3, 1125,9
52,7, 1124,6
-5,3, 1110,0
-61,0, 1096,7
-141,6, 1086,4
-153,9, 1095,7
-163,8, 1097,3
-181,0, 1093,0
-203,5, 1099,4
-229,9, 1097,8
-217,2, 1097,2
-215,9, 1094,2
-214,5, 1092,6
-187,7, 1084,4
-185,2, 1085,8
-89,3, 1090,2
-2,6, 1073,8
0,8, 1021,5
28,7, 1042,8
53,8, 1041,5
259,2, 1063,6
287,6, 1074,2
282,0, 1070,9
321,8, 1058,2
403,5, 975,8
813,8, 938,0
794,8, 944,8
800,1, 913,5
824,7, 907,1
838,3, 903,7
881,2, 891,4
858,9, 884,0
586,1, 856,1
551,5, 836,4
536,7, 838,9
273,1, 832,7
206,9, 817,6
217,2, 850,4
198,4, 869,2
271,0, 905,8
263,2, 902,0
458,7, 1030,7
476,8, 1035,7
425,0, 1017,3
428,0, 1011,7
164,0, 997,5
97,0, 1006,1
97,0, 1006,1
258,0, 1071,9
258,0, 1071,9
2,9, 962,0
22,3, 953,2
40,1, 940,1
45,2, 916,9
45,5, 908,5
732,7, 850,1
780,7, 875,7
859,7, 882,2
1220,3, 936,4
1307,7, 943,4
1351,6, 948,5
1464,5, 951,3
1453,2, 955,3
1975,5, 994,3
2770,2, 1070,6
2012,1, 724,7
1969,0, 708,1
2062,8, 746,8
2889,2, 1130,0
2332,8, 900,4
2696,2, 1075,9
3206,5, 1435,7
3235,6, 1480,2
3224,5, 1484,9
3108,1, 1418,0
3086,6, 1403,8
3106,7, 1416,8
3049,3, 1416,2
3051,2, 1408,1
3065,6, 1416,6
3116,4, 1407,0
3159,3, 1423,8
3121,2, 1407,0
3122,3, 1404,6
3277,4, 1374,2
3354,7, 1394,0
3383,2, 1391,2
3384,9, 1397,4
3374,9, 1391,5
3401,9, 1415,0
3406,7, 1412,5
3425,9, 1375,2
3427,4, 1380,1
3430,9, 1378,1
3440,9, 1397,3
3460,3, 1389,1
3468,7, 1372,5
3453,9, 1396,0
3450,4, 1371,3
3452,0, 1369,3
3469,5, 1357,1
3471,7, 1375,4
3478,5, 1372,7
3477,7, 1389,5
3487,4, 1360,5
3510,1, 1383,7
3512,8, 1378,3
3516,0, 1374,5
3523,2, 1359,2
3514,2, 1333,4
3512,5, 1324,3
3528,3, 1333,0
3519,8, 1350,2
3534,9, 1318,9
3527,7, 1303,1
3512,1, 1297,0
3362,6, 1358,4
3340,9, 1322,3
3111,8, 1353,4
3054,8, 1348,3
2905,2, 1355,7
2821,3, 1351,9
2797,7, 1350,9
2735,8, 1350,8
2715,5, 1351,6
2696,8, 1351,9
2650,0, 1349,5
2643,4, 1349,7
2596,6, 1335,7
2564,8, 1325,5
2519,2, 1320,7
2328,3, 1284,9
2188,0, 1262,3
1296,6, 1193,8
1280,3, 886,4
-109,9, 1035,3
-60,2, 1073,4
-66,5, 1068,2
-74,4, 1063,1
-85,9, 1072,0
-54,0, 1085,2
125,3, 1160,0
199,2, 1190,4
199,9, 1189,7
165,6, 1171,6
237,3, 1099,7
189,9, 1156,3
138,3, 1281,0
137,6, 1302,4
140,2, 1301,3
187,0, 1303,4
232,8, 1309,3
292,1, 1318,7
300,1, 1319,6
307,3, 1320,4
337,7, 1317,8
338,8, 1316,8
337,9, 1316,4
338,6, 1316,5
328,4, 1318,4
313,3, 1324,6
310,7, 1325,8
308,6, 1326,8
311,5, 1325,4
362,4, 1310,8
361,6, 1311,1
361,7, 1311,5
356,5, 1313,8
348,1, 1313,6
346,9, 1313,3
335,9, 1316,8
345,4, 1324,7
346,2, 1325,4
345,5, 1324,6
340,2, 1325,3
337,8, 1325,0
327,6, 1321,3
335,8, 1315,2
877,9, 1121,6
513,1, 1247,5
451,6, 1286,3
669,1, 1266,4
678,2, 1257,7
875,5, 1201,1
3246,7, 945,5
3126,0, 967,0
3110,2, 960,5
3083,2, 957,4
3078,0, 953,1
3076,9, 950,9
3068,6, 935,3
3069,5, 932,1
3094,1, 913,0
3155,2, 884,7
3184,6, 869,9
3227,9, 854,3
3205,4, 870,1
3140,2, 902,4
3123,5, 900,5
3137,3, 898,1
3130,7, 916,1
3278,6, 971,0
3263,4, 961,0
3254,5, 940,4
3283,2, 940,3
3281,3, 931,8
3311,8, 910,0
3318,5, 902,8
3321,0, 888,2
3326,0, 866,7
3272,5, 841,5
3220,0, 831,9
3211,4, 829,0
3207,1, 817,7
3211,6, 846,7
3214,4, 830,9
3187,5, 809,4
3201,6, 799,7
3202,7, 776,2
3180,3, 765,8
3174,6, 757,7
3179,9, 747,6
3191,3, 732,2
3185,8, 713,2
3188,8, 691,6
3175,1, 677,2
3184,1, 660,1
3173,2, 658,0
3177,2, 653,7
3133,9, 634,3
3106,6, 629,1
3099,8, 628,2
2860,3, 644,1
2468,3, 645,1
2415,5, 625,6
2391,6, 597,1
2389,2, 595,8
2339,4, 562,2
871,9, 245,2
-256,3, 380,6
-235,5, 374,6
-191,1, 406,7
-217,8, 384,9
424,4, 278,3
638,5, 341,8
733,9, 347,9
820,5, 356,8
856,0, 354,8
998,9, 338,4
1024,4, 330,8
1393,2, 267,3
1414,5, 237,6
1434,2, 223,4
1460,7, 212,3
1475,2, 215,7
1480,4, 217,6
1541,7, 226,5
1661,0, 232,8
1903,8, 221,6
2311,7, 196,4
2400,7, 190,2
2439,8, 190,0
2607,5, 171,4
2671,9, 119,7
2767,2, 111,6
2754,4, 90,6
2800,2, 94,9
2767,1, 82,1
2770,0, 77,5
2786,7, 52,0
2826,0, 29,1
2821,9, 13,8
2831,5, 13,6
2820,4, 0,0
2805,5, -11,4
2795,3, 37,0
2791,8, 62,4
2789,4, 73,0
2826,7, 41,7
2823,0, 46,2
2804,5, 15,8
2778,1, 28,8
2774,9, 37,6
2763,1, 47,7
2764,1, 45,6
2760,5, 54,9
2765,0, 60,0
2754,2, 62,0
2742,8, 71,0
2730,8, 77,8
2730,4, 83,5
2742,8, 111,6
2769,1, 116,8
2822,7, 136,2
2841,4, 138,3
2835,3, 135,1
3348,1, 241,7
3448,9, 301,9
3346,7, 394,5
3325,6, 418,3
3129,6, 659,0
3144,9, 655,6
3149,2, 579,8
3147,2, 572,9
3143,8, 543,7
3134,3, 544,3
3130,9, 544,7
3119,3, 674,6
3129,1, 616,6
3137,3, 603,9
3143,3, 590,4
3143,0, 595,2
3138,5, 594,8
3084,0, 602,0
3046,5, 594,4
2944,2, 549,0
2749,9, 556,8
2659,4, 561,0
2273,3, 600,0
2086,6, 630,4
2083,4, 624,8
2092,5, 594,1
2073,5, 529,6
2060,4, 533,7
1994,4, 503,2
1936,0, 461,0
1765,3, 434,0
1581,0, 408,5
407,9, 198,0
-57,8, 80,6
-53,9, 71,9
-45,6, 59,4
-69,8, 61,8
-66,4, 76,5
-68,0, 75,1
-67,5, 79,3
-67,0, 81,4
-334,8, 34,5
-331,5, 19,2
-366,9, 44,2
-371,0, 35,2
-396,8, 34,1
-393,3, 38,9
-410,8, 21,5
-401,6, 17,6
-410,6, 21,5
-388,4, 14,8
-394,8, 5,7
-364,6, 21,7
-416,4, 2,9
-366,3, 32,1
-358,6, 32,4
-355,3, 32,5
56,5, 84,4
92,9, 172,2
126,3, 193,6
626,8, 147,3
1000,9, 132,6
1186,3, 133,9
1378,2, 137,7
1446,3, 141,3
1510,9, 148,6
1825,9, 197,0
1836,6, 191,9
1819,1, 180,7
1930,9, 181,7
1960,8, 181,0
1987,5, 133,7
1988,8, 134,0
1950,5, 36,5
1969,2, 58,7
1843,6, 33,9
1718,8, 15,2
1567,3, -25,7
1506,4, -44,3
1448,4, -7,4
1307,5, -40,7
1292,4, -57,2
1301,1, 29,8
1254,5, 38,1
1161,0, 50,5
1035,6, 3,6
1056,8, 2,7
1010,8, -16,8
1004,3, 11,5
1006,4, 12,7
1058,0, 34,6
1067,0, 39,2
1105,2, 73,1
1124,6, 83,8
1183,1, 91,0
1160,8, 92,8
1245,3, 135,8
1308,9, 163,3
1316,2, 160,7
1414,1, 188,9
1467,0, 226,4
1545,4, 245,5
1575,4, 258,7
1601,2, 300,2
1616,3, 285,3
1631,9, 286,5
1637,6, 296,3
1674,5, 285,2
1664,2, 285,6
1743,0, 241,5
1758,9, 240,1
1872,8, 207,9
1891,3, 206,6
1931,5, 220,3
1946,7, 224,1
1969,9, 221,2
2029,2, 225,0
2078,7, 228,3
2610,2, 230,1
3099,3, 244,6
3234,8, 240,7
3403,1, 243,9
3686,2, 260,4
3651,3, 296,7
3675,0, 286,7
3663,7, 302,9
3595,8, 397,4
3620,8, 358,1
3466,9, 409,9
3397,9, 404,6
3100,0, 498,5
3043,0, 519,5
2962,8, 568,1
2914,6, 588,1
2916,9, 595,2
2883,5, 634,9
2900,6, 629,3
2905,9, 651,0
2909,6, 650,8
2921,0, 677,1
2932,3, 687,8
2968,0, 699,3
2980,3, 710,6
2998,0, 716,1
3007,7, 717,5
3016,1, 728,4
3038,6, 730,7
3063,2, 746,1
3073,4, 742,4
3080,7, 758,4
3073,7, 759,2
3091,1, 813,1
3074,1, 829,0
3122,1, 877,4
3135,6, 863,6
3121,9, 873,6
3074,1, 853,0
2927,3, 882,5
2904,9, 876,6
2838,9, 871,7
2700,6, 852,8
2729,4, 829,5
2706,3, 835,5
2691,0, 840,3
2686,8, 812,5
2685,5, 816,9
2619,0, 818,5
2583,7, 825,9
2551,2, 820,5
2503,0, 817,0
2495,1, 815,2
2497,1, 816,4
2452,5, 812,0
2423,0, 809,0
2343,3, 807,2
2304,1, 807,1
2244,9, 810,1
2204,7, 815,3
2085,9, 823,2
2076,8, 823,1
2058,3, 819,5
2037,8, 816,5
2014,9, 810,7
1989,3, 818,7
1995,9, 816,6
1908,0, 797,8
1915,0, 800,2
1881,8, 787,4
1860,3, 780,8
1869,4, 783,4
1839,5, 775,0
1798,7, 764,9
1718,3, 762,6
1717,8, 762,4
1710,6, 760,7
1661,4, 746,9
1622,8, 741,3
1581,6, 738,0
1550,7, 734,9
1477,4, 737,3
1230,9, 741,3
1043,9, 735,5
795,5, 750,1
-45,9, 821,4
475,9, 1082,8
531,4, 1120,2
705,0, 1223,3
740,1, 1244,9
753,8, 1251,7
797,1, 1274,4
827,9, 1290,4
871,1, 1314,3
878,0, 1316,2
870,4, 1311,9
487,5, 1262,8
298,1, 1238,3
149,0, 1220,7
-347,1, 1172,9
-576,3, 1129,0
-105,6, 1218,5
-137,5, 1232,3
-139,7, 1226,3
-140,6, 1223,6
-155,7, 1231,6
-158,1, 1232,4
-362,5, 1217,2
-357,6, 1271,7
-307,6, 1285,7
-305,6, 1295,5
-313,9, 1302,7
-309,1, 1305,5
128,0, 1376,5
178,5, 1381,7
501,0, 1410,4
518,4, 1412,5
502,6, 1410,8
674,7, 1423,9
699,4, 1426,4
673,7, 1414,0
670,6, 1407,8
665,6, 1410,6
669,9, 1411,6
692,0, 1411,6
679,1, 1409,0
882,6, 1434,2
1030,5, 1457,8
1050,6, 1460,7
1069,0, 1461,1
1107,4, 1460,7
1145,0, 1460,7
1145,1, 1461,0
1178,7, 1466,6
1188,8, 1463,6
1251,7, 1438,8
1253,0, 1438,7
1276,3, 1429,8
1304,3, 1421,6
1344,5, 1417,7
1347,1, 1416,3
1395,6, 1405,5
1438,7, 1391,5
1441,6, 1393,3
1503,9, 1390,2
1931,0, 1403,2
2096,5, 1401,2
3124,0, 1280,1
3106,1, 1269,6
3094,9, 1274,0
3128,8, 1268,8
3129,4, 1273,3
3140,7, 1267,3
3156,4, 1267,8
3166,4, 1267,9
3145,3, 1266,7
3113,5, 1263,0
3126,9, 1262,2
3113,3, 1258,3
3111,2, 1229,9
3099,1, 1220,1
3098,4, 1215,4
3121,2, 1215,9
3108,8, 1188,4
3119,5, 1187,1
3125,6, 1187,0
3115,6, 1190,4
3097,5, 1192,8
3103,7, 1190,1
3097,9, 1176,3
3099,5, 1173,8
3100,5, 1165,5
3104,2, 1154,4
3101,3, 1147,1
3081,9, 1145,0
3086,0, 1137,1
3089,4, 1133,7
3123,5, 1101,7
3130,6, 1099,6
3134,7, 1111,8
3139,2, 1109,4
3144,3, 1107,8
3148,6, 1093,9
3153,4, 1085,5
3156,9, 1074,4
3154,4, 1062,9
3153,8, 1067,5
3159,4, 1044,2
3164,9, 1030,6
3169,8, 1024,1
3167,0, 1026,0
3163,6, 1029,1
3157,0, 1028,6
3138,2, 1031,8
3132,4, 1023,1
3059,4, 1042,2
2938,1, 1089,8
2606,8, 1208,7
2584,2, 1213,1
2529,0, 1242,7
2180,1, 1395,1
2083,7, 1441,4
1890,1, 1539,9
1890,0, 1546,3
1887,0, 1548,8
1893,0, 1553,9
1900,0, 1553,7
1903,6, 1557,3
1929,0, 1567,2
1850,6, 1495,8
1844,9, 1491,8
1837,1, 1485,3
1817,7, 1473,8
1796,2, 1461,5
1792,1, 1461,0
1791,1, 1467,4
1787,5, 1462,1
1743,0, 1447,4
1730,9, 1445,7
1708,2, 1441,4
1701,1, 1439,0
1690,5, 1436,1
1683,4, 1432,7
1663,0, 1422,1
1658,1, 1436,7
1654,7, 1438,6
1652,1, 1437,1
1642,6, 1440,4
1637,4, 1443,5
1635,5, 1443,7
1543,1, 1415,4
1535,9, 1415,2
1516,2, 1426,0
1498,9, 1426,3
1501,7, 1429,1
1502,2, 1429,8
1495,9, 1432,5
1493,2, 1432,1
1489,7, 1431,1
1473,0, 1436,2
1468,2, 1433,0
1469,6, 1431,3
1467,3, 1431,9
1465,4, 1428,9
1455,3, 1414,5
1391,1, 1378,6
1301,3, 1334,4
710,3, 1047,2
485,6, 912,8