Listening for gaze data, press any key to exit...
1193,7, 552,8
1201,5, 549,5
1224,4, 523,2
1217,4, 534,7
1228,3, 529,4
1211,1, 525,8
1223,4, 523,8
1208,8, 527,8
1220,0, 540,7
1227,6, 562,4
1248,6, 595,4
1270,2, 612,2
1270,5, 616,0
1265,5, 612,5
1277,5, 615,8
1285,1, 630,2
1295,5, 632,6
1299,8, 638,3
1275,3, 620,9
1292,7, 639,5
1287,6, 636,8
1282,4, 630,4
1248,7, 593,8
1248,7, 593,5
1581,9, 795,1
1642,0, 906,4
1632,9, 899,0
1627,3, 894,8
1643,8, 901,8
1638,8, 902,0
1645,2, 905,1
1662,7, 914,0
1669,3, 917,6
1672,3, 924,9
1673,4, 930,5
1677,5, 935,3
1682,1, 953,2
1680,3, 951,5
1682,1, 956,6
1683,2, 949,3
1685,6, 934,1
1677,3, 936,9
1674,1, 939,8
1672,0, 942,1
1669,6, 940,8
1651,1, 953,9
1602,2, 953,4
1629,7, 947,8
1527,8, 914,1
1365,9, 839,7
724,4, 578,6
653,1, 484,7
610,2, 471,3
571,6, 458,2
517,2, 438,2
500,3, 424,0
473,4, 396,0
449,7, 355,8
439,8, 312,7
508,9, 316,9
550,9, 337,0
639,8, 364,2
946,5, 478,7
1104,3, 531,5
1349,2, 585,2
1411,2, 616,8
1415,9, 619,0
1423,3, 645,4
1411,2, 634,1
1422,5, 651,6
1411,8, 647,5
1409,8, 648,0
1418,1, 653,8
1408,7, 635,2
1414,5, 640,7
1420,5, 636,6
1436,1, 623,7
1424,0, 627,8
1418,3, 620,2
1410,8, 621,7
1407,4, 619,9
1388,8, 627,7
1393,0, 616,6
1388,0, 613,0
1402,2, 616,8
1411,2, 625,6
1422,9, 625,3
1418,2, 624,4
1406,8, 619,0
1509,0, 680,1
1501,2, 684,6
1569,7, 791,8
1591,7, 831,6
1625,1, 886,9
1628,9, 899,0
1656,5, 947,2
1674,8, 933,8
1663,0, 944,8
1650,0, 941,4
1658,2, 927,5
1565,1, 910,5
1337,3, 843,0
1326,4, 855,6
1127,2, 802,2
955,0, 756,0
849,5, 729,0
643,6, 676,8
671,7, 682,2
682,5, 682,9
693,4, 687,0
703,2, 689,9
698,3, 687,7
476,1, 643,5
353,1, 625,3
289,3, 623,4
282,5, 625,5
-368,1, 693,3
-294,9, 678,8
-331,4, 665,7
-97,0, 641,5
135,1, 612,1
233,4, 598,9
666,6, 576,5
706,0, 574,8
693,5, 581,1
708,7, 593,2
765,0, 602,4
728,4, 575,1
746,3, 589,4
761,1, 599,7
771,6, 613,9
786,3, 622,8
710,3, 642,5
606,8, 653,5
427,6, 655,6
304,7, 651,7
141,3, 644,4
154,7, 651,7
56,6, 668,2
202,5, 671,9
539,2, 673,6
693,6, 679,6
714,0, 677,8
754,2, 675,2
742,8, 664,6
719,2, 646,9
732,2, 641,0
736,2, 638,0
744,1, 645,0
741,0, 642,6
735,9, 635,8
781,0, 657,9
760,2, 655,7
762,4, 665,7
767,1, 671,3
758,6, 656,7
757,7, 654,4
761,3, 649,3
761,0, 650,7
753,0, 633,9
755,4, 627,8
791,5, 647,4
809,3, 650,7
804,1, 649,8
811,5, 648,2
1058,9, 601,2
970,4, 613,7
992,3, 609,4
1202,6, 560,6
1316,0, 528,0
1437,0, 486,6
1470,3, 469,6
1630,0, 419,1
1628,2, 415,5
1644,0, 405,1
1642,8, 407,5
1646,5, 409,4
1672,2, 375,3
2093,1, 292,9
2251,3, 260,8
2299,4, 243,7
2318,6, 237,2
2435,5, 207,9
2440,9, 188,3
2441,5, 188,3
2458,9, 182,2
2456,0, 170,4
1542,4, 756,5
1530,6, 784,3
1531,2, 750,0
1512,8, 754,5
1490,8, 744,5
1484,6, 740,9
1485,4, 722,2
1490,5, 728,7
1497,6, 726,2
1501,6, 731,9
1506,4, 735,9
1503,7, 729,9
1505,6, 726,0
1500,9, 714,4
1501,0, 709,8
1499,6, 717,6
1501,5, 717,8
1498,5, 712,8
1494,9, 702,5
1487,3, 705,1
1486,4, 702,1
1486,2, 688,6
1489,2, 684,1
1492,3, 691,4
1484,4, 697,0
1486,6, 703,8
1494,4, 702,9
1520,2, 676,3
1527,1, 683,4
1520,6, 681,6
1501,7, 679,6
1505,2, 666,4
1502,0, 662,3
1496,7, 666,5
1490,4, 659,7
1489,9, 649,7
1489,3, 658,9
1490,6, 701,7
1493,5, 726,4
1493,0, 729,3
1494,5, 730,8
1509,9, 720,0
1612,0, 783,4
1664,2, 814,6
1690,2, 822,5
1685,4, 820,2
1683,5, 820,2
1481,6, 694,1
1496,3, 670,6
1488,3, 686,9
1490,4, 706,2
1489,7, 715,2
1503,9, 729,1
1503,1, 722,8
1522,8, 680,4
1519,6, 707,0
1518,5, 728,9
1512,7, 720,3
1512,6, 713,4
1513,6, 708,7
1517,4, 698,3
1509,8, 702,3
1516,7, 711,6
1515,8, 767,9
1508,4, 803,6
1511,2, 792,4
1507,3, 798,9
1506,3, 765,0
1507,0, 768,8
1509,0, 751,6
1509,0, 744,0
1509,5, 738,2
1510,2, 733,5
1511,2, 726,6
1513,3, 708,7
1513,0, 717,7
1504,5, 725,1
1497,4, 737,1
1512,1, 738,1
1517,2, 760,9
1498,2, 718,2
1496,7, 715,0
1480,5, 714,0
1465,3, 699,9
1458,3, 713,5
1432,7, 671,1
1418,4, 659,4
1413,9, 632,9
1413,2, 642,5
1411,5, 644,9
1410,4, 653,9
1409,7, 696,6
1411,7, 700,5
1414,4, 699,3
1412,4, 698,6
1409,0, 691,2
1406,3, 692,4
1402,5, 680,6
1405,7, 666,4
1403,4, 667,7
1397,5, 663,7
1398,1, 668,2
1402,9, 666,0
1397,3, 664,7
1398,5, 663,1
1392,4, 657,4
1387,0, 648,0
1384,3, 644,5
1384,2, 644,6
1383,5, 639,5
1383,2, 634,5
1389,2, 637,6
1388,1, 635,6
1377,7, 629,0
1375,1, 628,5
1374,4, 627,6
1370,3, 635,4
1365,5, 653,9
1365,3, 659,2
1351,1, 629,5
1329,5, 590,1
1339,4, 589,2
1362,2, 587,6
1348,5, 615,8
1353,4, 612,9
1358,6, 609,9
1353,0, 623,9
1357,9, 636,4
1357,2, 637,4
1358,2, 639,9
1363,2, 647,0
1363,8, 647,6
1361,9, 649,2
1359,2, 650,0
1359,7, 650,1
1359,6, 657,7
1356,9, 656,4
1356,3, 654,1
1346,1, 634,8
1341,0, 628,1
1338,8, 620,8
1280,7, 529,1
1277,1, 514,8
1279,8, 509,0
1278,9, 505,0
1289,1, 512,8
1292,3, 519,1
1296,4, 525,0
1291,5, 538,8
1284,5, 543,6
1287,3, 543,6
1289,7, 547,5
1287,7, 545,6
1290,5, 550,2
1297,3, 560,8
1299,4, 568,0
1304,8, 581,3
1309,5, 602,3
1312,8, 624,0
1323,9, 628,9
1321,2, 630,5
1317,2, 630,7
1326,5, 624,7
1327,5, 623,9
1319,8, 636,5
1313,8, 644,2
1314,3, 649,0
1323,6, 657,9
1327,9, 659,9
1326,2, 658,7
1330,2, 658,8
1330,4, 654,4
1336,6, 636,5
1335,7, 636,8
1549,4, 801,9
1681,1, 904,5
1674,4, 927,5
1677,0, 916,0
1675,9, 915,3
1681,8, 920,0
1684,1, 921,9
1683,0, 915,9
1688,5, 885,9
1663,2, 869,7
1681,0, 871,0
1675,2, 866,5
1694,4, 888,7
1686,9, 876,9
1676,4, 852,6
1683,3, 847,3
1674,2, 851,9
1679,7, 895,1
1677,5, 887,7
1688,4, 916,8
1660,2, 851,1
1651,0, 890,6
1676,3, 919,6
1674,5, 924,4
1671,5, 923,0
1674,8, 946,6
1675,7, 942,9
1670,3, 925,6
1659,3, 922,5
1663,3, 950,7
1679,2, 926,5
1615,2, 954,2
1551,3, 941,4
1460,5, 854,6
1440,1, 834,3
1421,4, 814,6
1415,1, 800,1
1405,2, 803,5
1407,8, 799,9
1397,4, 799,3
1389,4, 785,8
1368,5, 744,5
1366,9, 744,2
1375,5, 758,3
1379,8, 753,9
1391,2, 748,9
1361,7, 739,7
1379,4, 744,5
1365,1, 747,5
1376,5, 740,8
1369,6, 740,7
1382,7, 752,2
1345,9, 734,0
1327,9, 731,1
1325,2, 729,7
1371,7, 754,9
1328,8, 733,8
1351,9, 757,0
1357,1, 761,5
1391,4, 791,2
1411,2, 834,8
1416,3, 849,2
1414,2, 841,1
1389,1, 789,7
1375,0, 755,6
1377,2, 756,0
1385,0, 765,7
1391,1, 775,3
1385,3, 765,7
1391,5, 777,8
1374,8, 758,8
1381,4, 767,6
1375,1, 759,1
1366,3, 745,4
1367,1, 745,0
1370,2, 747,6
1381,7, 764,1
1400,1, 789,9
1399,9, 789,6
1400,4, 790,2
1403,2, 785,2
1410,1, 768,7
1419,7, 775,8
1507,2, 847,1
1520,8, 859,6
1578,6, 919,1
1621,3, 958,9
1635,6, 978,0
1654,0, 997,1
1672,6, 1034,6
1670,2, 1026,9
1665,6, 1028,2
1677,3, 1029,6
1685,2, 1042,6
1734,8, 1154,8
1731,9, 1124,4
2318,5, 2038,9
2377,3, 2174,5
2379,0, 2206,5
2401,1, 2260,7
2420,1, 2317,2
2414,0, 2308,5
2362,9, 2231,9
2419,6, 2370,1
2425,8, 2379,0
2434,3, 2367,8
2432,7, 2381,3
2389,3, 2323,1
2401,7, 2274,2
2428,0, 2263,8
2440,9, 2255,8
2480,8, 2363,8
2473,5, 2344,3
2456,0, 2329,4
2418,7, 2410,3
2430,5, 2466,5
2422,9, 2470,5
2379,8, 2572,1
2377,6, 2564,5
2367,2, 2548,1
2362,0, 2540,2
2356,6, 2556,5
2362,1, 2424,6
2357,3, 2398,2
2364,9, 2417,3
2382,2, 2475,3
2382,9, 2430,9
2439,2, 2508,7
2538,1, 2583,1
2540,6, 2578,5
2469,5, 2546,6
2315,1, 2495,8
2247,6, 2559,7
2301,4, 2612,8
2248,2, 2616,9
2360,2, 2675,9
2336,6, 2645,3
2327,0, 2643,7
2283,8, 2564,1
2184,1, 2179,1
2078,6, 1867,3
1805,4, 1405,9
1583,3, 909,1
1590,2, 904,1
1591,9, 897,0
1582,8, 905,0
1594,1, 898,4
1599,6, 883,8
1590,8, 893,8
1581,2, 905,9
1588,1, 906,1
1611,6, 930,8
1611,8, 951,1
1611,3, 948,1
1611,6, 969,5
1608,4, 954,7
1602,5, 943,5
1588,7, 951,6
1591,0, 959,9
1611,0, 956,9
1613,2, 955,8
1605,7, 940,0
1595,6, 950,7
1594,8, 944,5
1599,3, 948,8
1630,6, 965,7
1628,9, 965,4
1630,7, 942,5
1642,2, 957,6
1660,7, 984,1
1675,0, 977,1
1679,9, 987,6
1687,7, 977,3
1677,3, 954,1
1681,7, 948,4
1684,8, 961,3
1687,1, 956,8
1695,7, 951,1
1697,4, 953,1
1700,1, 957,2
1725,4, 967,0
2180,6, 679,8
2733,8, 778,5
2392,4, 1863,9
2221,3, 2500,8
2257,9, 2504,9
2264,5, 2525,4
2298,9, 2535,4
2422,5, 2552,8
2357,1, 2572,4
2267,9, 2624,5
2294,1, 2609,3
2309,5, 2626,5
2309,8, 2619,1
2400,2, 2638,6
2365,8, 2627,4
2307,4, 2663,0
2389,9, 2640,1
2420,5, 2605,1
2346,8, 2654,4
1557,5, 936,2
1580,6, 912,3
1614,2, 903,4
1614,1, 904,2
1604,8, 914,4
1610,4, 910,9
1603,4, 912,4
1599,6, 910,9
1572,7, 910,5
1498,4, 864,1
638,5, 650,9
886,4, 721,2
200,7, 528,3
64,5, 490,9
69,9, 527,8
180,0, 601,2
299,2, 646,2
257,8, 634,9
310,6, 666,0
310,6, 667,5
79,5, 704,7
103,7, 701,5
72,7, 703,2
-113,9, 730,0
-98,9, 726,3
-104,2, 721,4
-98,2, 719,0
-78,1, 710,6
-81,4, 710,4
-70,3, 701,0
-75,2, 692,6
-71,0, 692,3
-46,9, 713,5
-47,3, 717,3
-45,3, 718,9
-37,8, 724,5
-36,6, 725,8
3,1, 747,0
15,4, 749,6
33,1, 757,8
36,9, 758,1
45,8, 744,1
44,5, 749,7
56,9, 782,5
68,5, 786,7
71,9, 782,7
85,1, 774,9
82,7, 765,6
95,0, 768,3
93,7, 770,9
72,6, 782,5
74,6, 776,7
89,1, 773,1
90,0, 769,6
86,3, 773,7
97,8, 772,1
102,1, 771,9
98,6, 771,8
100,2, 773,6
101,7, 774,2
91,5, 772,2
69,5, 762,4
60,7, 761,1
59,3, 763,5
40,7, 764,8
44,7, 761,2
44,7, 762,8
43,8, 766,3
22,2, 767,8
12,6, 772,0
-3,5, 769,8
-5,4, 769,8
12,9, 790,4
21,1, 787,9
23,4, 791,6
35,9, 798,6
46,7, 800,5
42,5, 799,6
29,8, 798,1
14,5, 787,6
36,4, 766,0
44,7, 766,7
54,4, 769,9
30,4, 779,2
25,0, 779,2
15,6, 782,9
10,7, 779,3
29,2, 779,4
51,0, 791,1
40,0, 797,5
16,1, 797,6
26,7, 785,8
36,3, 778,8
49,8, 781,9
50,9, 779,7
40,7, 771,7
46,2, 776,2
46,7, 783,7
1565,4, 1102,7
1519,4, 1114,1
1513,3, 1115,1
1525,2, 1115,6
1562,6, 1130,0
1590,0, 1139,9
1604,4, 1142,8
1605,4, 1136,9
1639,2, 1101,7
1683,0, 1083,6
1691,5, 1075,5
1708,0, 1070,0
1701,0, 1075,3
1705,6, 1080,8
1682,3, 1072,0
1692,0, 1011,7
1635,1, 1070,1
1634,2, 1071,1
1617,6, 1251,9
1609,5, 1346,8
1581,5, 1408,7
1652,3, 1374,9
1638,5, 1377,6
1622,5, 1397,4
1636,8, 1404,3
1645,9, 1391,1
1674,8, 1395,7
1681,2, 1386,3
1678,7, 1362,7
1678,3, 1360,1
1670,7, 1391,9
1676,6, 1396,3
1685,2, 1389,8
1716,7, 1384,6
1717,8, 1389,6
1736,7, 1392,9
1736,1, 1402,6
1727,7, 1398,9
1729,5, 1406,6
1745,5, 1407,0
1753,9, 1412,9
1740,3, 1408,9
1722,9, 1402,9
1737,1, 1380,0
1757,7, 1379,8
1749,0, 1379,2
1754,1, 1377,5
1750,0, 1377,4
1746,0, 1376,3
1733,4, 1366,5
1739,0, 1370,2
1763,7, 1378,3
1761,5, 1373,6
1758,5, 1360,2
1745,1, 1383,5
1723,4, 1446,2
1712,0, 1379,5
1709,2, 1236,4
1706,3, 1220,5
1703,4, 1037,3
1698,4, 1022,4
1679,9, 999,7
1669,5, 1014,9
1666,0, 1037,0
1666,5, 1037,1
1663,1, 1045,3
1662,6, 1043,6
1673,3, 1032,0
1682,9, 1020,6
1696,9, 1020,3
1703,7, 1020,0
1710,9, 1016,3
1711,8, 1015,3
1720,2, 994,0
1720,9, 995,4
1721,3, 994,4
1712,6, 994,4
1692,2, 990,9
1672,8, 973,6
1663,7, 950,5
1669,7, 960,6
1663,7, 958,0
1658,0, 939,8
1658,2, 942,6
1657,4, 947,0
1657,0, 945,2
1657,0, 945,4
1639,3, 967,5
1648,2, 971,5
1634,3, 1066,6
1663,6, 1119,1
1356,5, 2200,4
1355,0, 2247,7
1323,5, 2339,2
1315,7, 2382,6
1325,7, 2302,6
1315,3, 2406,4
1311,2, 2361,6
1302,0, 2360,5
1612,3, 1213,0
1600,5, 1245,9
1610,4, 1257,9
1603,1, 1257,5
1605,6, 1243,0
1627,3, 1215,8
1634,0, 1225,1
1637,1, 1297,2
1640,9, 1327,1
1639,2, 1346,2
1639,3, 1347,3
1634,6, 1352,2
1630,8, 1343,5
1630,9, 1344,8
1646,7, 1312,6
1660,6, 1305,2
1663,1, 1307,7
1660,5, 1311,0
1617,2, 1337,7
1598,3, 1370,2
1619,4, 1339,0
1630,4, 1329,0
1683,2, 1267,9
1688,8, 1234,8
1682,9, 1208,1
1687,9, 1127,3
1682,5, 1113,2
1696,5, 1095,5
1705,2, 1097,4
1704,5, 1090,7
1713,0, 1088,5
1698,2, 1048,2
1696,6, 1041,6
1711,5, 1090,6
1728,3, 1155,8
1711,4, 1123,1
1672,8, 1069,1
1666,7, 1055,6
1672,4, 1049,9
1677,5, 1008,2
1672,4, 1006,3
1667,8, 999,1
1683,2, 970,2
1685,9, 952,2
1684,6, 949,5
1680,9, 954,8
1683,4, 955,3
1689,2, 952,1
1691,1, 954,7
1696,2, 949,5
1687,9, 947,3
1682,1, 941,4
1676,5, 965,8
1677,4, 966,6
1666,9, 970,2
1684,8, 953,9
1678,2, 961,5
684,3, 669,5
450,4, 620,6
-38,2, 516,1
-102,1, 502,4
-174,7, 488,6
-190,1, 488,9
-193,3, 495,5
-183,6, 514,9
-181,9, 512,0
-191,1, 511,7
-174,2, 516,6
-182,1, 511,3
-269,9, 485,2
-264,7, 487,4
-216,1, 500,3
-212,9, 513,2
-178,2, 534,6
-152,3, 545,1
-153,7, 545,2
-139,9, 551,7
-172,6, 536,8
-151,7, 538,5
-169,7, 529,5
-138,3, 550,2
-131,6, 542,4
-126,4, 543,2
-112,5, 557,2
-81,0, 585,5
-97,5, 588,4
-32,6, 613,8
-20,3, 628,3
-11,6, 642,5
3,0, 658,9
1,8, 695,7
49,4, 708,4
90,3, 734,6
155,8, 771,6
190,1, 797,3
184,9, 787,1
217,9, 811,7
301,6, 874,0
307,4, 886,5
299,2, 890,8
312,1, 919,9
275,5, 916,0
278,9, 902,1
266,8, 904,2
229,8, 942,4
214,3, 936,1
238,0, 904,5
259,3, 936,3
326,5, 956,3
354,8, 983,2
319,6, 988,5
324,0, 1025,0
318,0, 1026,6
305,0, 1024,4
271,4, 1033,9
207,5, 1035,8
152,9, 1010,2
139,9, 1018,0
139,9, 1018,8
151,2, 1020,3
160,0, 1022,4
152,4, 1017,5
153,5, 1022,4
178,7, 993,9
198,9, 985,3
214,2, 989,1
297,7, 970,4
341,5, 970,5
459,5, 951,4
560,8, 937,0
736,4, 953,0
808,2, 969,4
853,3, 971,9
898,9, 977,1
919,5, 983,0
1040,8, 990,9
1071,3, 989,3
1069,7, 989,0
1188,5, 1010,7
1225,1, 1021,1
1258,3, 1042,3
1255,1, 1039,2
1266,4, 1045,5
1277,4, 1050,2
1318,7, 1053,2
1326,4, 1051,1
1331,3, 1034,8
1342,0, 1013,8
1368,0, 994,0
1383,6, 976,7
1399,3, 961,7
1399,2, 951,5
1449,7, 953,7
1526,2, 978,1
1524,4, 976,6
1541,9, 863,8
1543,2, 865,0
1572,2, 858,3
1593,9, 856,8
1615,7, 856,0
1628,4, 859,5
1646,1, 864,7
1682,8, 867,7
1744,9, 859,5
1743,8, 856,0
1824,8, 838,3
1846,6, 836,8
1851,8, 831,7
1941,9, 797,9
1964,4, 798,3
2116,4, 758,2
2238,9, 677,5
2235,5, 709,5
2258,8, 678,7
2254,2, 701,7
2264,1, 703,7
2274,4, 714,4
2289,6, 718,7
2331,4, 723,4
2583,2, 665,3
2805,8, 644,4
2918,7, 636,7
2946,8, 629,2
3156,1, 613,2
3136,6, 594,2
3139,4, 596,3
3128,2, 590,5
3156,3, 584,3
3183,3, 563,1
3290,5, 575,3
3257,7, 567,0
3243,2, 570,2
3330,2, 590,0
3316,2, 585,6
3348,9, 567,4
3453,6, 536,7
3469,5, 531,5
3475,8, 543,2
3471,2, 553,4
3475,1, 549,9
3470,8, 526,1
3425,0, 581,0
3411,9, 587,4
3345,8, 660,3
3350,1, 676,1
3350,1, 676,1
3249,8, 636,0
3190,0, 614,6
2999,6, 609,6
2798,9, 583,4
2492,2, 595,5
1803,9, 625,3
1680,1, 634,4
1623,4, 638,8
1533,4, 647,7
1363,0, 665,6
1366,9, 676,7
1357,7, 672,1
1332,5, 662,9
1321,3, 667,2
1327,2, 665,0
1326,4, 666,4
1360,1, 691,7
1360,7, 692,5
29,5, 542,3
-240,8, 491,1
-323,5, 449,2
-253,2, 482,3
-235,6, 484,5
-310,0, 454,0
16,7, 632,6
65,4, 661,7
86,4, 677,1
98,3, 684,2
108,8, 691,7
133,2, 708,5
181,4, 729,4
201,2, 727,7
192,2, 730,9
173,1, 728,7
158,0, 729,0
156,4, 730,2
148,4, 732,7
147,1, 733,5
149,7, 739,1
243,6, 715,9
685,8, 732,4
738,1, 742,2
758,4, 749,0
772,9, 745,4
804,7, 753,5
839,1, 760,5
796,3, 729,6
761,2, 713,1
713,6, 680,4
630,4, 628,4
530,2, 541,6
534,5, 543,6
513,2, 519,6
511,6, 532,3
500,3, 531,1
467,0, 506,6
457,2, 508,3
462,1, 518,5
441,1, 522,7
432,5, 537,1
423,2, 532,0
405,6, 553,7
410,5, 540,5
361,9, 529,2
336,0, 525,2
317,8, 508,3
294,8, 494,3
271,4, 490,0
236,2, 482,0
211,0, 477,6
179,5, 475,5
179,3, 479,5
171,1, 495,5
166,7, 512,3
165,7, 507,3
159,9, 509,5
148,7, 517,8
114,1, 525,8
102,5, 534,9
104,8, 569,0
111,5, 582,7
124,8, 576,7
119,1, 578,1
203,6, 547,2
204,8, 550,8
260,7, 638,6
253,6, 629,2
440,6, 652,6
477,0, 660,6
482,6, 667,6
505,1, 673,3
567,5, 651,7
575,5, 665,9
590,5, 649,1
593,4, 648,5
603,3, 593,6
632,3, 569,8
708,0, 572,4
832,8, 576,0
861,0, 579,2
873,3, 583,9
1076,5, 615,3
1073,7, 616,6
1052,6, 614,8
1114,4, 624,4
1121,7, 626,8
1069,3, 608,1
1022,3, 585,1
1009,8, 586,7
961,5, 567,4
640,5, 482,9
282,8, 339,6
170,5, 232,8
170,5, 232,8
731,4, 379,8
1099,8, 447,0
1363,7, 491,1
1417,3, 487,0
1446,9, 484,3
1463,8, 473,7
1684,5, 474,3
1752,4, 445,8
1775,8, 404,5
1820,9, 386,6
1810,4, 388,5
1878,1, 373,4
1906,2, 379,9
1915,7, 380,1
1934,5, 369,4
1967,3, 353,4
1972,0, 351,4
2019,2, 329,9
2020,9, 324,9
2081,6, 275,2
2144,9, 220,5
2185,3, 184,5
2213,4, 157,7
2223,7, 158,4
2224,9, 154,7
2291,7, 110,5
2442,4, 61,6
3236,9, 82,4
1805,4, -50,9
1584,0, 13,6
1603,4, -6,6
1616,3, -23,0
1585,1, -43,7
1567,7, -27,7
1552,4, -13,6
1537,1, -15,7
1516,9, -12,7
1491,3, -0,7
1443,5, 15,0
1427,1, 20,4
1413,4, 13,9
1411,0, 8,9
1412,2, 1,4
1553,1, 28,0
1553,1, 28,0
1407,7, 92,7
1368,3, 95,3
1221,3, 101,2
911,2, 134,2
471,4, 193,8
458,8, 183,2
460,9, 184,9
-168,4, 396,9
-154,8, 442,5
-142,2, 441,6
102,3, 401,1
79,2, 449,5
72,2, 457,1
82,7, 456,8
228,5, 483,2
237,6, 478,7
203,2, 446,1
148,9, 450,2
116,0, 483,7
-26,7, 477,2
8,4, 480,4
29,2, 509,1
235,4, 456,6
385,3, 446,9
454,4, 449,9
470,9, 444,9
719,3, 358,4
732,9, 356,6
745,7, 362,6
884,7, 364,8
952,6, 365,7
968,6, 371,5
981,9, 373,1
1001,3, 379,5
1037,9, 381,0
1170,8, 422,5
1173,7, 423,8
1163,9, 385,7
1166,3, 375,6
1144,1, 319,9
1163,3, 234,8
1174,5, 219,4
1212,3, 192,3
1266,0, 206,8
1309,3, 223,6
1340,4, 231,4
1455,6, 248,0
1492,3, 262,6
1571,0, 334,5
1666,2, 370,5
1685,6, 385,0
1710,7, 396,3
1742,9, 409,9
1794,1, 439,3
1808,8, 434,6
1848,6, 425,5
1840,1, 429,6
1866,9, 425,3
1939,0, 404,7
1929,3, 408,9
2002,5, 403,4
2012,6, 404,8
2058,3, 406,9
2097,9, 409,4
2135,4, 417,2
2129,1, 418,0
2211,7, 441,3
2263,1, 443,4
2239,2, 438,5
2337,4, 432,9
2921,1, 337,2
2976,4, 352,6
3083,3, 342,5
3078,1, 363,6
3082,8, 379,6
3101,9, 390,1
3105,9, 398,3
3106,0, 416,1
3101,4, 413,0
3102,7, 418,7
3113,0, 430,0
3138,7, 467,3
3176,0, 507,2
3170,9, 516,0
3343,1, 808,3
3299,5, 803,8
3301,9, 811,3
3317,8, 866,5
3293,9, 862,1
3243,7, 838,5
3239,9, 841,1
3230,4, 843,2
3140,7, 880,4
3129,3, 880,9
3042,6, 879,4
2992,3, 880,6
3037,2, 882,4
2975,1, 880,3
2825,5, 872,0
2805,0, 873,2
2765,2, 878,0
2773,6, 878,2
2707,9, 896,5
2605,4, 897,9
2626,3, 903,4
2556,6, 924,8
2465,8, 889,0
2374,7, 891,6
2240,8, 877,4
1665,4, 849,1
1419,3, 840,3
1379,3, 837,0
1187,7, 835,7
1094,4, 837,1
1069,0, 839,0
1057,8, 831,1
1028,9, 848,7
1014,9, 850,3
1012,5, 847,1
1013,3, 844,0
1045,8, 868,4
1068,9, 885,8
1063,8, 883,6
1041,0, 879,8
1042,7, 880,7
1039,5, 878,4
1022,3, 873,2
1031,4, 876,6
912,4, 828,1
927,0, 833,8
932,5, 836,7
928,0, 847,7
927,5, 845,4
924,7, 848,2
912,8, 857,6
895,8, 860,8
894,9, 860,7
850,7, 851,0
813,6, 836,0
804,5, 833,8
800,7, 832,6
781,5, 832,3
769,4, 830,4
618,7, 911,8
614,9, 913,6
592,8, 917,5
570,7, 918,7
532,6, 923,7
513,0, 925,3
508,6, 931,1
515,6, 933,4
502,9, 954,5
491,7, 963,5
492,1, 964,1
476,7, 971,7
470,6, 971,6
459,1, 970,0
438,2, 971,5
395,7, 967,2
391,3, 967,0
393,4, 969,4
401,4, 978,2
388,5, 974,5
338,9, 992,3
353,0, 1001,7
342,4, 1003,3
346,6, 1005,9
329,4, 1013,8
295,3, 1016,0
261,8, 1005,6
248,3, 1001,8
204,9, 1003,3
170,0, 1019,6
138,4, 1023,9
145,1, 1030,2
140,3, 1026,3
147,7, 1030,9
145,1, 1032,8
134,0, 1034,1
118,0, 1034,7
95,6, 1033,1
55,7, 1041,9
10,7, 1047,9
-0,6, 1068,5
3,5, 1049,5
10,3, 1059,0
15,9, 1068,6
4,8, 1076,4
-3,6, 1080,8
-1,1, 1079,9
-9,7, 1083,1
-14,5, 1080,4
-29,1, 1075,7
-30,6, 1073,5
-24,5, 1069,8
97,1, 1041,0
153,7, 1039,2
278,1, 1042,1
361,1, 1048,2
641,5, 1063,6
653,6, 1067,2
659,6, 1067,3
681,7, 1063,6
694,1, 1031,1
743,2, 1003,1
803,2, 983,1
837,3, 977,3
877,7, 967,2
1019,0, 946,7
1014,0, 947,1
1049,4, 945,3
1098,0, 937,3
1100,0, 933,7
1093,8, 920,0
1101,6, 867,0
1101,0, 864,6
1108,5, 792,0
1094,8, 782,2
1105,6, 741,8
1154,7, 638,7
1164,8, 626,0
1176,7, 576,4
1192,0, 559,8
1186,0, 510,7
1191,3, 505,9
1223,5, 427,4
1269,2, 372,1
1293,1, 346,8
1320,7, 282,1
1327,9, 285,7
1427,7, 294,7
1516,7, 326,3
1672,3, 353,7
1802,6, 391,4
1854,6, 397,0
1944,1, 365,9
1955,0, 375,8
1954,8, 387,4
2005,1, 367,9
2030,4, 385,1
2044,0, 403,3
2078,1, 407,4
2090,8, 404,2
2112,5, 405,5
2116,4, 417,5
2123,0, 418,4
2133,5, 419,4
2183,3, 420,3
2176,2, 407,0
2221,6, 347,4
2240,1, 307,6
2277,8, 298,8
2547,8, 224,7
2595,2, 221,1
2646,5, 214,7
2713,1, 209,1
2800,7, 207,2
1852,2, 117,8
1439,3, 208,9
1216,3, 254,6
1387,9, 220,8
1299,8, 258,7
1150,8, 293,0
1019,0, 331,2
1041,3, 379,9
1043,2, 374,2
1049,8, 372,9
1057,1, 375,1
941,9, 394,4
470,0, 496,3
372,2, 527,5
434,8, 651,5
405,6, 635,4
420,8, 654,1
453,1, 681,4
433,7, 675,8
444,0, 683,9
456,7, 693,8
472,2, 703,1
457,0, 718,7
457,6, 716,9
1256,9, 477,1
1653,8, 355,7
1726,5, 333,8
1851,2, 299,8
1856,6, 314,5
1858,4, 329,5
1872,2, 359,7
1942,5, 319,4
1979,5, 335,9
2246,1, 355,6
2669,5, 322,1
2667,0, 299,3
2749,9, 268,8
2886,7, 249,7
3004,4, 181,7
3013,3, 258,4
2981,1, 279,1
2896,2, 273,1
2879,9, 273,6
2826,0, 276,0
2769,6, 272,6
2701,0, 264,5
2507,0, 237,8
2452,7, 227,8
2366,7, 222,3
2265,7, 198,6
2269,6, 198,1
1337,7, 225,2
1175,3, 228,6
939,1, 210,4
950,2, 205,0
931,8, 210,6
940,4, 197,3
944,0, 183,7
926,2, 186,6
917,2, 178,4
916,7, 168,3
921,3, 169,7
929,9, 196,1
924,0, 203,9
908,3, 207,0
922,0, 239,6
925,4, 266,0
1035,0, 321,6
1071,0, 305,6
1051,5, 314,8
1117,6, 297,2
1145,7, 299,2
1272,5, 301,5
1286,1, 293,9
1298,8, 294,2
1279,1, 251,1
1286,8, 247,1
1223,8, 249,3
1229,3, 253,1
1245,3, 253,6
1222,2, 260,8
1182,9, 266,1
1094,4, 276,8
985,4, 482,1
1040,1, 482,5
1078,4, 490,4
1026,9, 466,6
1117,4, 498,3
1166,3, 490,6
1237,8, 508,9
1257,8, 513,0
1287,1, 514,6
1331,8, 517,7
1322,4, 549,9
1317,2, 570,1
1388,6, 576,8
1461,6, 592,1
1516,1, 586,4
1548,0, 586,0
1632,5, 619,5
1659,1, 624,5
1664,0, 623,7
1740,6, 642,0
1792,1, 645,4
1778,9, 650,3
1800,6, 646,9
1856,4, 650,7
1889,5, 651,8
2341,2, 640,3
2441,8, 637,9
2503,2, 637,0
2506,3, 634,6
2518,5, 623,5
2526,9, 623,0
2532,6, 623,7
2550,8, 624,4
2590,1, 599,9
2650,7, 562,2
2664,5, 540,5
2672,3, 526,1
2665,5, 530,6
2674,1, 547,7
2665,8, 578,5
2658,7, 611,7
2653,6, 637,4
2657,5, 642,0
2681,6, 648,9
2688,3, 659,2
2694,2, 679,2
2707,1, 695,3
2711,0, 702,0
2715,3, 715,0
2727,8, 730,7
2742,3, 734,5
2777,0, 733,6
2801,2, 731,2
2863,6, 735,7
2891,0, 738,7
2909,3, 743,1
2989,7, 751,6
2993,8, 730,9
3373,1, 860,4
3457,2, 886,1
3361,2, 923,2
3386,5, 869,3
3326,5, 811,5
3338,4, 805,9
3306,8, 810,7
3221,4, 830,4
3086,5, 890,3
2958,9, 937,3
2852,8, 901,5
2867,9, 899,5
2167,4, 938,5
2005,1, 934,2
1784,9, 880,5
1724,1, 925,0
1738,7, 948,3
1693,4, 979,5
1651,9, 964,2
1601,4, 960,0
1559,5, 950,0
1389,7, 913,7
1358,7, 912,1
1310,0, 908,8
1284,8, 927,0
1285,1, 937,4
1270,7, 933,4
1267,4, 936,0
1253,5, 927,6
1254,4, 930,5
1251,2, 932,6
1233,1, 912,5
1208,7, 890,1
1191,9, 872,5
1157,7, 858,4
1137,0, 869,0
1143,9, 865,4
1120,4, 886,7
1116,8, 892,7
1112,8, 899,7
1110,7, 897,4
1103,3, 914,5
1104,9, 913,6
755,6, 931,6
536,1, 958,5
501,4, 966,3
413,3, 959,8
416,0, 963,3
416,9, 965,2
435,0, 980,5
438,3, 988,1
429,9, 992,3
435,6, 991,7
431,1, 993,9
443,0, 994,9
405,2, 985,8
384,0, 983,5
358,6, 998,6
354,2, 997,7
337,3, 981,4
338,1, 977,7
342,4, 977,6
345,6, 978,6
393,7, 1029,1
393,6, 1029,0
396,0, 1032,5
391,3, 1025,7
380,5, 1022,7
367,9, 1030,5
368,7, 1032,9
357,2, 1026,4
352,3, 1034,3
339,8, 1044,4
328,1, 1052,4
330,5, 1051,4
305,4, 1057,4
297,6, 1060,1
265,2, 1062,5
226,9, 1066,9
170,1, 1071,7
162,4, 1072,9
157,5, 1091,0
156,2, 1095,8
149,0, 1085,6
99,7, 1094,6
75,9, 1096,2
31,2, 1102,3
27,2, 1104,6
21,9, 1110,7
8,4, 1126,6
-5,1, 1137,2
-3,4, 1136,2
5,4, 1129,2
-39,9, 1142,2
-33,8, 1143,2
-30,9, 1149,1
-25,1, 1152,9
6,8, 1164,2
7,5, 1162,7
10,2, 1157,8
15,7, 1159,2
27,9, 1154,8
68,3, 1157,1
88,4, 1153,2
163,5, 1192,5
252,3, 1204,2
342,4, 1216,3
368,9, 1222,3
480,8, 1238,3
527,4, 1236,9
561,1, 1236,9
580,5, 1238,9
594,6, 1246,9
616,7, 1245,6
671,5, 1258,2
705,8, 1260,6
922,6, 1283,7
939,9, 1289,6
957,6, 1294,2
976,4, 1301,4
977,3, 1298,7
977,8, 1300,3
993,4, 1289,0
1005,2, 1289,8
1072,6, 1303,0
1079,0, 1299,4
1145,3, 1284,7
1249,5, 1298,1
1301,5, 1308,9
1275,0, 1324,2
1285,1, 1334,9
1353,1, 1378,9
1361,0, 1385,3
1393,8, 1367,9
1448,6, 1373,0
1511,5, 1355,4
1560,2, 1323,9
1573,1, 1323,2
1583,4, 1321,0
1662,5, 1295,6
1721,8, 1287,6
1775,4, 1277,6
1786,5, 1276,4
1807,9, 1277,0
1809,3, 1279,0
1842,4, 1274,4
1853,0, 1272,7
1866,4, 1272,1
1958,4, 1257,1
1972,6, 1250,5
2057,4, 1228,2
2291,2, 1185,5
2674,5, 1095,4
3210,4, 969,3
3320,4, 949,3
3296,1, 963,2
3287,2, 967,3
3308,5, 972,2
3259,7, 995,0
3259,9, 994,3
3253,9, 995,1
3234,4, 1009,4
3209,9, 1019,2
3177,6, 1032,5
3158,0, 1042,0
3141,4, 1049,1
3136,5, 1051,2
3108,6, 1060,7
3111,0, 1059,2
3120,5, 1051,5
3119,7, 1049,4
3122,8, 1048,4
3117,2, 1047,8
3119,2, 1047,2
3109,9, 1048,9
3091,2, 1054,3
3102,8, 1049,2
3081,2, 1054,5
3328,3, 937,5
3417,3, 907,4
3432,4, 902,4
3442,1, 913,5
3448,8, 885,4
3456,2, 857,8
3437,4, 873,4
3294,5, 925,4
3278,1, 910,0
3278,1, 910,0
2890,0, 980,6
2801,2, 995,6
2785,4, 997,6
2768,7, 1000,2
2715,0, 991,9
2674,7, 1002,0
2673,8, 989,5
2658,1, 989,0
2611,7, 983,2
2597,8, 992,6
2499,4, 1026,6
2495,8, 1011,5
2410,1, 993,7
2194,6, 1001,1
2059,7, 1006,4
1956,3, 1001,4
1614,4, 977,9
1612,8, 980,5
1469,9, 965,8
1449,2, 965,2
1424,4, 969,3
1349,5, 965,5
1334,3, 971,4
1322,0, 970,4
1311,6, 970,1
1309,3, 960,4
1310,1, 960,4
1211,8, 889,2
1194,3, 875,0
1186,9, 870,7
1171,2, 866,4
1151,2, 870,7
1134,5, 865,6
1098,6, 853,9
1094,7, 851,7
1072,5, 849,1
1065,9, 858,6
1050,5, 854,3
946,8, 818,4
891,5, 803,3
543,5, 725,4
572,9, 754,9
526,3, 747,5
494,3, 750,0
484,6, 752,1
452,8, 748,8
450,4, 760,8
459,6, 767,6
462,2, 760,1
463,7, 764,2
460,3, 773,0
464,4, 783,8
460,7, 790,1
454,4, 793,9
459,7, 791,4
436,7, 777,8
424,1, 771,1
425,5, 772,3
410,4, 769,6
398,8, 760,0
397,2, 758,9
395,8, 758,7
385,3, 759,5
348,0, 760,3
353,4, 757,0
376,4, 735,2
382,8, 733,1
406,7, 722,7
398,3, 729,3
396,9, 729,3
379,9, 723,0
358,4, 720,8
326,2, 718,1
310,2, 715,1
278,7, 708,5
189,1, 693,7
191,8, 697,6
138,6, 692,1
125,5, 698,5
109,0, 704,6
71,3, 706,7
86,9, 708,3
49,2, 706,2
49,7, 707,0
29,5, 718,4
-39,5, 734,2
-34,3, 764,3
-5,9, 769,6
13,6, 769,0
95,9, 822,4
129,5, 841,3
144,8, 855,1
148,0, 838,7
207,5, 866,8
191,9, 895,5
202,4, 885,4
208,1, 883,3
226,8, 901,1
230,2, 885,0
259,2, 877,9
249,1, 888,7
359,1, 889,7
464,0, 928,2
564,7, 969,7
659,4, 1008,5
698,1, 1021,2
695,7, 1018,5
923,1, 1111,8
969,2, 1121,4
975,6, 1122,3
1003,3, 1129,6
1122,7, 1154,2
1131,0, 1151,7
1136,8, 1153,8
1026,6, 999,5
1131,3, 1085,1
1364,8, 1246,4
1395,1, 1265,6
1410,2, 1259,3
1338,3, 1197,7
1353,5, 1186,3
1461,9, 1187,8
1453,7, 1194,3
1536,7, 1289,6
1566,7, 1289,9
1545,8, 1310,0
1548,0, 1309,5
1557,0, 1305,9
1621,3, 1277,1
1628,7, 1278,8
1733,5, 1233,7
1742,3, 1237,9
1777,8, 1234,9
1775,1, 1236,0
1780,2, 1248,4
1810,0, 1242,1
1810,3, 1277,1
1857,3, 1276,7
1894,2, 1264,0
1908,2, 1259,2
1969,9, 1239,5
1984,1, 1236,8
2015,5, 1240,0
2019,0, 1236,5
2026,9, 1235,7
2028,0, 1222,7
2306,5, 1180,1
2297,4, 1183,6
2406,7, 1196,3
2437,5, 1196,7
2442,3, 1197,2
2502,4, 1204,2
2506,6, 1199,5
2511,3, 1200,9
2516,7, 1189,7
2534,3, 1177,7
2542,0, 1179,6
2543,9, 1180,1
2568,0, 1172,6
3307,9, 891,0
3261,4, 905,8
3318,7, 877,5
3276,7, 892,3
3307,9, 881,6
3298,0, 877,2
3398,0, 872,5
3377,6, 870,1
3384,8, 876,1
3374,7, 880,3
3212,6, 946,6
3211,2, 947,5
3174,2, 962,8
3166,3, 961,7
3144,7, 976,9
3149,1, 974,1
3155,9, 971,1
3194,0, 982,0
3258,0, 982,7
3244,5, 975,5
3222,7, 1009,7
3208,3, 1008,6
3218,1, 1025,5
3205,3, 1028,0
3158,4, 1037,1
3114,1, 1042,1
3060,2, 1041,5
3007,1, 1044,9
2902,3, 1045,7
2835,4, 1047,7
2739,4, 1061,9
2668,2, 1069,4
2588,8, 1092,1
2594,0, 1088,9
2568,7, 1072,5
2528,6, 1073,2
2518,0, 1069,0
2395,9, 1017,3
1915,7, 1014,3
2112,9, 1012,2
2112,9, 1012,2
1397,9, 1010,3
1203,9, 1015,2
1138,0, 1017,4
908,8, 1012,2
916,2, 1014,9
940,6, 1025,1
919,5, 1020,6
751,8, 999,8
592,4, 977,9
495,3, 965,6
471,8, 964,3
398,8, 951,8
360,1, 941,5
369,5, 947,2
175,8, 916,2
153,8, 902,9
147,8, 915,6
144,4, 968,1
161,8, 956,7
161,2, 972,7
121,1, 1003,2
113,6, 992,3
147,5, 988,9
117,8, 970,2
102,1, 958,2
107,3, 957,6
95,2, 950,5
104,7, 950,7
109,1, 948,8
114,6, 948,6
157,2, 946,6
295,0, 947,3
337,8, 941,3
776,7, 877,6
775,8, 878,5
782,0, 878,7
820,5, 868,6
803,4, 867,9
748,8, 847,8
749,6, 849,3
662,6, 809,3
638,7, 796,1
601,2, 779,4
574,0, 773,3
488,5, 741,4
485,0, 748,9
470,4, 745,2
437,7, 731,9
443,1, 738,4
424,9, 731,7
335,5, 713,9
321,4, 708,6
296,4, 703,3
266,1, 691,2
263,9, 686,9
249,7, 678,0
239,9, 679,0
139,6, 624,1
105,3, 613,6
102,5, 616,4
46,1, 611,6
38,6, 617,2
16,5, 624,4
-37,2, 626,6
-35,8, 637,1
-54,1, 650,4
-37,0, 710,3
-39,6, 702,1
-31,0, 726,3
7,7, 748,1
6,7, 752,6
18,1, 762,6
13,4, 781,4
32,0, 781,4
52,8, 774,1
56,3, 785,6
130,7, 764,3
153,9, 776,5
281,7, 802,0
420,3, 833,4
469,8, 843,5
550,4, 861,1
590,6, 871,5
615,0, 877,1
628,8, 879,9
625,9, 876,7
625,4, 853,6
598,3, 783,7
591,5, 746,7
596,6, 755,7
716,4, 792,2
710,3, 789,9
749,8, 803,8
804,6, 820,6
833,9, 827,2
905,9, 847,4
990,4, 872,0
1027,8, 880,0
1030,9, 860,1
1043,3, 848,4
1053,2, 842,8
1065,8, 838,2
1078,5, 822,3
1084,6, 822,2
1166,3, 857,5
1177,9, 859,2
1199,5, 871,0
1268,5, 877,2
1246,1, 875,8
1381,3, 929,0
1366,7, 915,9
1365,7, 912,2
1436,9, 921,2
1432,8, 929,2
1491,4, 933,6
1781,6, 933,5
1838,9, 927,0
1844,2, 927,3
1868,3, 925,8
1894,8, 924,6
1957,1, 924,1
2006,8, 948,1
2022,3, 945,1
2047,1, 926,9
2065,7, 922,7
2082,4, 936,9
2121,6, 941,5
2144,3, 942,9
2150,1, 940,8
2333,6, 970,9
2528,1, 995,6
2622,8, 1001,4
2745,2, 1004,3
2770,3, 1008,7
2894,9, 1016,7
3117,9, 1027,2
3045,7, 1054,7
3044,3, 1055,5
3075,9, 1066,4
3107,5, 1058,3
3172,6, 1072,5
3430,7, 1142,0
3408,8, 1133,9
3418,4, 1136,9
3388,7, 1144,9
3438,0, 1157,8
3432,1, 1174,5
3404,4, 1165,4
3400,7, 1173,7
3390,9, 1183,8
3380,9, 1171,3
3367,6, 1176,1
3346,4, 1172,2
3328,5, 1166,9
3308,1, 1176,5
3301,6, 1170,5
3279,5, 1181,3
3266,2, 1177,8
3253,9, 1164,2
3225,1, 1162,6
3213,6, 1159,3
3201,5, 1162,7
3173,8, 1169,6
3172,9, 1169,8
3167,5, 1167,3
3164,5, 1170,0
3153,7, 1172,8
3151,1, 1172,1
3157,2, 1170,3
3152,4, 1176,2
3153,7, 1177,0
3151,5, 1179,2
3044,8, 1227,8
3039,0, 1231,4
3049,7, 1222,3
2918,0, 1239,3
2867,0, 1249,3
2850,6, 1251,5
2847,7, 1252,1
2845,5, 1253,5
2829,9, 1258,8
2812,7, 1264,9
2781,7, 1278,2
2533,4, 1279,7
2488,2, 1274,9
2410,5, 1272,1
2373,8, 1270,7
2366,7, 1269,4
2357,7, 1267,4
2118,8, 1211,0
2095,2, 1205,4
515,0, 982,1
515,0, 982,1
380,6, 935,3
405,5, 924,1
390,2, 932,3
402,0, 932,6
400,2, 939,9
411,5, 937,1
416,2, 936,7
426,5, 932,7
419,3, 935,7
412,8, 957,9
414,9, 966,6
428,1, 972,8
428,3, 1003,8
440,6, 1036,5
480,7, 1032,3
459,2, 1040,4
450,6, 1038,3
426,7, 1036,0
373,3, 1030,3
339,3, 1033,6
348,0, 1023,6
353,9, 993,1
370,9, 1005,5
361,3, 1002,2
362,5, 1004,5
339,8, 1015,4
382,4, 1059,1
370,6, 1045,0
365,5, 1044,9
357,6, 1041,2
328,0, 1041,8
343,7, 1030,6
322,1, 1036,8
304,9, 1049,9
311,0, 1096,9
314,5, 1104,9
343,8, 1118,4
357,2, 1122,6
347,1, 1122,4
256,7, 1118,8
240,5, 1118,3
234,3, 1121,4
206,2, 1119,0
205,9, 1124,9
205,8, 1123,0
161,6, 1147,3
139,1, 1157,8
106,3, 1155,8
92,0, 1146,1
76,3, 1147,1
74,8, 1149,8
-2,4, 1160,0
-69,6, 1182,7
-112,5, 1164,0
-128,3, 1164,9
-132,7, 1165,0
-121,5, 1176,8
-118,5, 1177,4
-125,5, 1173,5
-113,2, 1189,8
128,1, 1228,7
240,1, 1215,9
259,1, 1218,8
328,4, 1208,4
352,8, 1205,8
491,4, 1228,2
484,1, 1224,1
502,2, 1230,0
507,6, 1231,4
549,0, 1247,2
623,5, 1266,1
632,2, 1267,1
653,1, 1266,0
660,3, 1266,9
690,0, 1265,6
797,3, 1263,8
825,9, 1269,2
888,1, 1271,5
1013,1, 1288,2
1037,6, 1291,1
1042,4, 1293,6
1146,1, 1325,0
1191,4, 1356,7
1222,6, 1337,7
1250,6, 1323,8
1374,5, 1345,9
1456,7, 1343,4
1531,8, 1357,2
1570,7, 1356,7
1583,4, 1346,9
1598,2, 1291,2
1593,8, 1300,3
1596,6, 1317,4
1579,5, 1331,7
1593,5, 1336,6
1625,6, 1336,1
1663,6, 1339,5
1756,3, 1253,0
1759,2, 1254,1
1789,2, 1209,6
1850,7, 1105,2
1861,5, 1094,9
1875,9, 1083,1
1895,9, 1063,8
1932,9, 1066,9
1966,8, 1091,7
1978,2, 1095,8
2008,2, 1108,5
2060,0, 1115,2
2234,8, 1114,0
2308,6, 1114,4
2416,6, 1085,3
2450,0, 1083,0
2478,6, 1088,9
2497,7, 1086,8
2534,7, 1076,3
2532,6, 1077,5
2545,2, 1089,1
2558,4, 1087,8
2585,1, 1068,8
2603,4, 1069,6
2834,0, 1054,8
2961,3, 1044,9
3088,5, 1034,4
3423,9, 996,2
3472,6, 994,1
3397,1, 1022,8
3390,9, 1027,6
3388,8, 1028,3
3388,6, 1028,1
3386,9, 1034,8
3385,3, 1030,8
3383,9, 1041,2
3358,9, 1044,8
3328,4, 1050,0
3340,2, 1046,8
3355,6, 1007,9
3332,1, 1027,1
3301,0, 975,9
3270,2, 977,6
3302,8, 983,4
3258,3, 978,2
3103,7, 1031,8
3076,0, 1041,9
3091,7, 1042,0
3059,0, 1049,2
3059,3, 1039,7
3029,2, 1030,6
3011,2, 1034,3
2801,9, 1023,5
2748,1, 1035,6
2730,4, 1036,6
2725,1, 1036,7
2685,6, 1033,1
2662,6, 1029,3
2660,0, 1016,8
2648,1, 1027,1
2596,5, 1014,2
2561,2, 1021,4
2256,4, 1059,8
2267,1, 1050,7
1720,6, 1051,8
1535,9, 1051,9
1514,4, 1049,8
1499,2, 1050,0
1452,7, 1048,6
1422,9, 1034,4
1436,8, 1034,8
1452,4, 1046,9
1446,4, 1054,7
1363,7, 1046,1
1336,1, 1039,9
1275,6, 1040,4
1230,8, 1037,9
1130,5, 1033,7
1047,0, 1030,7
984,8, 1028,6
972,9, 1041,2
966,0, 1043,9
968,2, 1041,5
983,7, 1051,3
1018,5, 1077,5
1028,2, 1089,0
1034,4, 1097,3
1032,2, 1087,8
929,8, 1040,4
942,1, 1063,3
898,6, 1020,8
858,1, 996,0
762,4, 920,8
712,4, 895,4
692,2, 895,8
602,5, 878,9
512,4, 872,7
288,4, 839,6
143,7, 826,9
94,0, 819,4
-25,8, 800,8
100,4, 801,3
98,7, 797,2
79,2, 791,6
32,5, 798,3
8,5, 807,6
6,6, 814,7
28,0, 824,6
79,9, 844,8
84,0, 847,0
121,3, 857,6
168,2, 873,6
186,4, 873,4
192,2, 871,0
216,1, 876,9
231,5, 873,2
250,6, 871,2
212,3, 866,5
200,2, 852,1
202,6, 851,4
251,3, 836,2
296,3, 834,0
292,2, 832,7
279,9, 825,9
274,5, 820,4
268,2, 819,5
232,9, 800,8
240,7, 806,5
234,9, 808,0
227,3, 808,2
214,2, 811,2
209,8, 807,2
210,6, 806,3
209,0, 806,3
231,3, 797,7
231,9, 786,0
215,0, 787,3
44,4, 781,0
43,8, 781,4
24,4, 780,0
-30,2, 771,7
-43,5, 769,1
-43,5, 768,9
-35,7, 768,1
-29,5, 771,9
102,8, 849,8
109,2, 852,3
116,9, 856,0
128,0, 858,0
142,9, 862,8
91,9, 885,9
76,9, 892,8
1185,4, 959,1
1223,0, 961,2
1225,1, 960,6
1226,4, 963,8
1219,4, 969,3
1217,1, 978,7
1216,3, 987,2
1218,4, 987,6
1239,4, 1012,8
1111,3, 1000,6
1070,2, 1001,8
954,6, 978,9
891,1, 959,8
816,4, 923,8
813,1, 915,6
809,5, 912,9
661,3, 810,4
543,3, 770,9
448,4, 783,2
338,9, 811,1
292,9, 822,1
231,7, 831,5
177,0, 833,0
142,5, 860,0
142,2, 845,6
140,9, 837,2
134,0, 826,3
118,9, 837,2
107,6, 847,4
102,4, 847,3
88,0, 845,0
81,8, 843,7
74,0, 840,7
67,6, 856,7
76,8, 875,3
98,1, 906,6
110,1, 908,8
136,9, 909,5
161,1, 912,0
156,6, 915,5
155,9, 915,7
190,6, 936,5
194,2, 934,0
292,1, 923,7
438,1, 949,6
443,8, 950,1
496,2, 962,5
481,4, 977,3
597,1, 999,8
586,7, 985,4
600,2, 982,9
601,2, 981,4
617,3, 981,6
673,6, 993,8
709,9, 1006,1
735,8, 1013,9
713,9, 1006,2
771,6, 1018,1
797,7, 1022,3
846,7, 1025,5
920,9, 1050,5
944,6, 1052,3
977,7, 1058,3
984,6, 1055,6
989,4, 1052,9
1008,5, 1056,0
1018,6, 1047,0
1012,2, 1041,3
1099,2, 1020,5
1189,2, 1025,8
1435,5, 1023,9
1525,2, 1024,8
1560,3, 1021,8
1577,7, 1025,6
1595,5, 1034,9
1636,4, 1056,6
1659,1, 1063,8
1665,9, 1065,4
1673,1, 1063,1
1744,3, 1093,3
1738,6, 1090,2
1795,3, 1090,5
2145,6, 1104,6
2228,5, 1111,2
2493,1, 1127,2
2508,3, 1134,9
2515,3, 1129,4
2520,0, 1122,8
2515,8, 1130,3
2522,1, 1122,4
2532,7, 1118,3
2545,1, 1119,6
2539,1, 1135,4
2539,4, 1141,8
2549,9, 1132,5
2550,7, 1141,8
2550,9, 1145,7
2553,6, 1143,7
2574,9, 1151,3
2569,2, 1143,0
2564,3, 1141,2
2574,4, 1135,9
2574,3, 1143,5
2554,2, 1177,1
2553,4, 1183,9
2555,9, 1186,2
2557,6, 1192,2
2558,9, 1194,0
2559,3, 1195,8
2571,3, 1200,2
2598,5, 1169,0
2753,2, 1207,2
2790,2, 1215,8
2801,1, 1218,6
2831,0, 1226,8
2837,9, 1232,7
2860,4, 1243,3
2890,4, 1256,9
2890,1, 1269,4
2890,4, 1275,3
2888,7, 1270,7
2899,1, 1272,8
2905,4, 1275,4
2908,6, 1275,2
2923,9, 1282,1
3093,5, 1275,8
3232,8, 1265,8
3253,5, 1266,4
3239,8, 1265,4
3316,9, 1256,9
3306,7, 1261,2
3315,5, 1247,8
3323,4, 1252,8
3320,9, 1256,9
3316,2, 1263,3
3311,5, 1278,5
3403,6, 1223,9
3400,6, 1226,0
3372,0, 1241,7
3255,0, 1270,1
3059,6, 1285,2
3045,4, 1267,8
3055,4, 1271,9
2876,8, 1270,7
2868,8, 1266,9
2812,8, 1267,1
2741,6, 1277,0
2717,9, 1282,8
2677,3, 1289,4
2688,5, 1280,7
2647,5, 1263,3
1353,2, 1115,3
1340,5, 1111,4
1340,5, 1111,4
1472,9, 1182,6
1448,7, 1139,5
1433,1, 1140,5
1429,3, 1148,2
1418,2, 1145,9
1412,5, 1141,3
1412,0, 1138,4
1409,1, 1136,3
1408,3, 1138,2
1398,3, 1141,9
1412,8, 1175,3
1393,1, 1167,6
1378,8, 1168,8
1401,3, 1196,1
1391,9, 1204,3
1351,8, 1202,4
1333,7, 1203,3
1258,4, 1228,7
1169,0, 1238,9
1014,4, 1266,2
1001,7, 1267,8
1004,5, 1270,7
1009,8, 1267,0
850,4, 1260,4
730,2, 1232,2
606,4, 1212,3
512,9, 1214,0
512,4, 1197,0
396,2, 1178,8
161,2, 1135,1
117,6, 1127,2
114,8, 1129,2
90,4, 1114,4
78,5, 1105,8
80,1, 1105,3
97,4, 1102,6
99,7, 1103,7
180,6, 1113,7
397,5, 1097,1
458,4, 1094,0
476,3, 1092,6
527,6, 1089,9
681,2, 1081,0
660,8, 1080,2
626,8, 1074,8
629,9, 1075,7
625,5, 1074,5
626,6, 1074,0
581,6, 1068,8
513,7, 1063,5
475,4, 1053,1
469,7, 1049,1
391,2, 1031,8
373,6, 1030,9
289,0, 1029,2
223,1, 1029,8
181,6, 1015,4
147,5, 1011,0
105,5, 1007,9
31,8, 995,7
-6,0, 987,3
-13,3, 992,4
-29,6, 986,8
-27,8, 985,3
-17,5, 1000,6
-31,3, 999,3
-61,1, 990,0
-103,0, 980,8
-91,8, 985,8
-129,7, 1006,6
64,5, 1034,7
155,6, 993,9
201,2, 1025,4
201,4, 1025,2
243,8, 1017,8
317,4, 997,0
387,7, 1015,0
395,5, 1015,5
446,3, 1006,8
510,7, 997,9
521,7, 997,6
570,8, 967,2
637,5, 943,0
669,4, 944,8
713,8, 936,1
864,6, 941,4
954,4, 974,8
957,0, 970,0
993,6, 971,6
1008,8, 961,6
1075,9, 960,6
1056,1, 959,7
1087,4, 950,1
1112,3, 942,8
1130,1, 915,7
1139,7, 911,4
1173,6, 891,6
1174,1, 887,7
1187,2, 878,4
1220,7, 793,4
1222,8, 790,3
1225,4, 789,7
1232,9, 763,5
1257,6, 678,0
1261,7, 662,3
1270,4, 628,0
1312,0, 551,7
1356,5, 462,1
1364,6, 449,7
1400,3, 405,5
1436,9, 363,6
1453,7, 322,4
1479,0, 310,4
1620,3, 226,4
1821,5, 166,7
2314,7, 99,8
2320,4, 103,0
2983,0, 312,1
2944,6, 347,3
2954,7, 402,4
2895,9, 485,1
2884,8, 537,4
2791,1, 630,1
2806,2, 648,0
2806,9, 642,9
2798,8, 657,3
2798,7, 651,6
2792,5, 662,8
2791,6, 668,1
2785,8, 678,3
2771,8, 689,1
2768,5, 698,0
2766,2, 703,0
2766,3, 702,0
2774,1, 691,5
2790,7, 687,1
2882,3, 660,9
2955,5, 642,2
2998,0, 634,2
3318,0, 562,1
3494,4, 522,1
3518,1, 517,8
3540,9, 512,5
3497,5, 548,2
3306,9, 670,3
3304,1, 693,7
3203,1, 746,6
3052,4, 810,6
3110,0, 791,8
3129,8, 782,9
3174,6, 747,3
3190,8, 734,6
3296,1, 638,7
3338,6, 598,9
3381,6, 551,4
3390,0, 547,0
3407,9, 539,4
3292,7, 592,2
3228,9, 637,0
3126,5, 692,3
3080,8, 699,7
3018,9, 712,7
2846,0, 745,3
2765,7, 747,3
2754,7, 739,1
2721,5, 728,1
2702,1, 706,7
2683,5, 630,2
2680,6, 630,2
2643,0, 590,6
2640,9, 584,4
2577,7, 541,7
2577,7, 541,0
2346,4, 519,2
1864,4, 445,1
1557,4, 394,2
623,6, 303,4
1026,1, 328,0
694,8, 305,9
457,4, 241,4
254,1, 244,3
263,4, 291,7
280,9, 297,2
271,8, 251,1
276,0, 284,7
315,4, 295,1
369,4, 362,5
623,5, 608,7
642,1, 624,3
764,4, 753,7
791,4, 769,5
769,1, 762,0
749,8, 751,5
733,3, 726,7
713,9, 708,3
719,0, 697,1
703,3, 705,8
663,4, 726,9
660,4, 717,4
605,0, 661,4
585,5, 652,5
558,9, 639,1
551,5, 640,1
552,3, 637,5
542,4, 623,6
530,8, 624,1
490,0, 591,4
486,0, 588,5
495,0, 569,4
490,1, 576,6
502,0, 527,6
523,7, 498,0
185,0, 451,6
9,3, 414,9
0,7, 416,2
-7,2, 429,4
-15,3, 428,1
-34,6, 419,8
-124,4, 443,9
-135,9, 448,5
-136,8, 452,9
-82,9, 445,0
-53,2, 472,0
-32,5, 499,8
787,6, 655,7
896,0, 546,5
942,8, 559,1
910,6, 552,9
1913,2, 626,7
2006,7, 638,8
2006,7, 638,8
1981,7, 607,9
1954,8, 573,1
1729,9, 274,9
2109,5, 626,2
2073,6, 634,1
2053,4, 638,5
2144,8, 1050,5
1968,0, 1157,4
1856,4, 1258,0
1845,7, 1304,7
1924,4, 1259,3
1934,8, 1271,5
1868,5, 1300,0
2014,5, 1222,1
1904,1, 1311,0
1870,4, 1322,1
1818,7, 1281,6
1805,6, 1279,3
1850,2, 1210,0
1789,8, 1346,3
1732,9, 1427,7
1753,6, 1400,0
1706,6, 1437,2
1635,6, 1418,0
1676,6, 1390,4
1854,7, 1360,8
1955,6, 1199,9
1953,6, 1195,9
2395,5, 254,9
2421,9, 203,4
2457,7, 134,7
2458,6, 133,2
2447,1, 152,8
2404,5, 225,9
2457,4, 173,1
2628,4, -25,8
2740,9, -98,6
2759,9, -61,4
2844,3, -175,2
2810,9, -128,6
2787,8, -76,9
2583,1, 174,8
2511,8, 221,3
2409,4, 273,4
2297,6, 301,6
2254,7, 312,2
2221,8, 333,9
2066,4, 352,3
2030,6, 353,2
1981,7, 351,0
1957,6, 350,9
1890,7, 347,4
1877,4, 347,1
1876,0, 345,7
1970,2, 331,3
158,6, 345,6
350,8, 289,5
490,1, 232,8
626,6, 235,2
762,1, 260,3
866,4, 268,9
861,4, 275,7
874,2, 285,2
974,9, 301,3
1011,4, 311,4
1028,5, 313,9
1016,7, 307,3
1063,3, 267,7
1088,7, 262,1
1129,0, 232,3
1138,9, 228,9
1148,4, 228,2
1199,0, 236,4
1265,0, 247,1
1252,5, 242,7
1306,3, 324,0
1378,7, 253,8
1690,5, 235,7
1738,8, 233,9
1798,9, 215,3
1835,4, 214,6
1857,1, 217,7
1882,7, 262,4
1917,1, 338,3
1033,7, 229,1
1063,5, 225,1
1094,0, 224,9
1115,6, 235,7
1127,5, 257,7
1174,8, 292,1
1175,5, 292,2
1210,5, 307,0
1291,3, 291,3
1354,5, 288,1
1374,0, 292,7
1419,2, 286,5
1502,2, 266,6
1533,1, 274,0
1552,9, 276,4
1572,2, 279,7
1613,2, 290,6
1636,5, 296,6
1720,0, 298,3
1724,4, 303,8
1767,3, 322,3
1815,8, 327,7
1926,8, 333,6
1956,2, 334,5
2035,5, 322,5
2102,1, 314,3
2203,8, 312,0
2230,5, 323,9
2254,7, 336,0
2246,0, 330,4
2289,3, 353,6
2321,9, 333,7
2346,2, 333,1
2361,4, 341,2
2422,9, 345,1
2407,3, 358,8
2480,8, 367,5
2494,8, 369,7
2506,6, 391,1
2547,6, 412,6
2573,0, 439,5
2575,2, 452,6
3544,7, 605,9
3587,0, 509,2
3603,5, 515,2
3591,6, 521,2
3426,2, 490,7
3375,5, 480,4
3358,2, 477,2
3296,3, 470,4
3286,3, 488,5
3126,1, 545,6
2947,2, 617,7
2928,3, 620,8
2924,7, 619,2
2815,5, 648,6
2682,8, 658,9
2659,1, 670,8
2452,4, 681,0
2504,6, 678,8
2090,6, 686,0
1970,9, 678,6
1887,1, 678,2
1824,9, 669,2
1752,6, 665,8
1698,8, 663,3
1626,9, 656,0
1061,6, 630,9
730,2, 634,5
600,0, 599,4
661,7, 619,3
606,6, 607,6
568,4, 602,8
397,9, 585,9
396,6, 586,5
263,0, 570,6
137,4, 550,8
88,9, 583,5
92,6, 590,1
92,4, 593,7
102,8, 600,6
125,8, 620,7
119,9, 617,4
105,5, 627,4
103,7, 623,3
99,4, 641,7
125,9, 644,7
142,6, 619,0
139,4, 612,5
124,6, 606,4
105,4, 595,6
135,7, 610,7
128,5, 615,6
142,9, 627,0
149,3, 668,9
175,4, 666,3
176,3, 677,9
187,8, 670,0
203,2, 663,3
204,7, 660,7
198,0, 695,7
199,0, 692,3
218,5, 671,5
352,4, 675,3
427,4, 670,5
533,1, 651,4
517,1, 615,1
463,4, 581,6
375,9, 568,5
346,8, 566,6
303,8, 565,8
235,1, 564,5
205,1, 571,1
96,0, 596,7
45,9, 602,3
17,4, 594,7
19,1, 586,2
16,1, 567,3
13,5, 563,7
21,5, 560,9
68,4, 563,1
99,2, 567,1
194,2, 570,9
364,5, 576,6
526,5, 581,5
565,1, 584,9
589,5, 580,9
652,4, 571,5
641,3, 577,9
784,9, 583,6
832,7, 598,0
823,3, 591,7
836,6, 592,7
857,4, 595,5
869,3, 594,0
991,4, 586,7
1035,6, 564,7
1086,6, 569,5
1093,2, 571,1
1102,2, 573,3
1148,6, 581,5
1154,3, 583,8
1162,6, 583,7
1285,6, 587,2
1279,9, 590,6
1575,0, 553,7
1513,7, 588,9
1626,1, 581,5
1671,5, 527,7
1667,8, 533,1
1691,8, 508,0
1849,6, 390,9
1853,0, 409,6
2252,1, 259,3
2231,8, 319,0
2204,3, 327,2
-312,9, 213,8
-193,6, 263,7
-215,9, 255,8
-230,2, 276,6
-243,9, 278,8
-275,7, 266,4
-330,8, 390,7
-218,2, 465,5
-133,9, 565,7
-86,0, 610,2
-83,2, 614,0
-85,3, 626,5
-99,2, 627,4
-51,7, 600,8
203,4, 588,2
322,3, 626,4
245,0, 553,4
199,7, 527,3
110,8, 542,8
53,6, 543,3
62,5, 598,6
600,9, 590,9
648,7, 632,7
866,9, 528,6
930,5, 532,1
962,1, 539,6
1016,0, 535,7
1044,8, 545,2
1117,0, 548,9
1150,9, 563,7
634,5, -60,3
848,2, 617,8
946,2, 57,1
1007,4, 97,1
938,9, 128,5
1042,3, 177,4
1186,9, 185,6
1251,6, 171,9
1272,5, 183,5
1386,3, 176,9
1594,3, 177,6
1639,9, 191,7
1707,6, 216,8
1732,5, 224,6
2969,5, 341,8
2914,9, 351,2
2790,3, 362,0
2513,6, 340,1
2499,2, 326,6
2489,0, 320,5
2294,8, 285,0
2234,8, 286,2
1835,3, 276,5
1384,3, 260,4
732,6, 216,3
547,9, 208,2
565,4, 220,4
559,8, 215,0
533,3, 216,1
538,4, 219,3
535,8, 232,0
517,9, 255,1
452,5, 288,5
768,3, 353,5
718,1, 367,1
644,8, 382,2
845,8, 292,7
911,9, 315,8
963,7, 386,9
860,9, 367,4
743,0, 430,9
878,3, 396,7
888,2, 111,8
984,3, 323,1
984,8, 171,9
1126,2, 397,2
1204,4, 420,5
1234,2, 420,8
1276,2, 431,0
1299,0, 438,9
480,4, 585,2
1296,1, 455,0
1222,5, 500,6
1077,1, 555,1
967,3, 575,4
934,2, 554,0
949,6, 562,8
1034,5, 579,0
1074,4, 585,6
1092,2, 593,0
1115,4, 597,6
1135,8, 555,1
1176,6, 613,2
1198,9, 622,8
1234,8, 629,6
1240,9, 630,0
1243,8, 607,9
1311,8, 572,4
1301,8, 552,8
1534,6, 539,8
1899,1, 669,4
1918,2, 554,5
2006,8, 413,5
2028,9, 485,2
2083,3, 329,7
2069,8, 354,7
2094,8, 428,7
2151,7, 352,5
2167,0, 370,3
2239,8, 372,2
2662,2, 284,4
2811,8, 248,8
2964,1, 226,6
3517,9, 227,3
3495,7, 300,1
3586,4, 287,4
3640,0, 262,4
3608,5, 248,1
3618,4, 255,2
2766,2, 708,6
2789,7, 694,6
2759,2, 716,2
2768,2, 707,0
2724,4, 726,6
2721,8, 757,2
2763,1, 736,6
2762,1, 731,1
2770,0, 731,0
2878,7, 678,7
2876,6, 688,5
2884,5, 686,6
3002,8, 673,6
3016,7, 683,5
3064,0, 699,8
3208,2, 752,0
3219,1, 752,0
3241,2, 757,2
3242,5, 759,3
3242,8, 762,8
3426,1, 788,5
3449,8, 788,3
3455,8, 788,5
3497,4, 782,3
3440,6, 821,7
3401,7, 834,5
3358,3, 845,9
3319,7, 852,4
3310,8, 848,7
3287,5, 857,8
3077,5, 892,9
3078,2, 898,0
2898,5, 914,9
2896,7, 914,0
2734,6, 772,8
2448,6, 772,6
2187,3, 604,9
1791,2, 788,9
1192,1, 820,5
1250,8, 819,5
1289,2, 819,5
1270,3, 822,1
1056,8, 844,2
1060,9, 848,8
1079,3, 852,9
1094,5, 863,5
996,8, 792,3
963,0, 767,5
948,1, 756,1
931,2, 745,6
912,0, 732,9
910,2, 733,2
872,6, 711,3
868,1, 711,0
860,8, 706,8
842,6, 700,8
866,8, 721,8
834,0, 700,1
845,4, 712,2
839,5, 708,0
838,5, 709,9
806,4, 703,5
811,2, 728,7
800,0, 720,5
669,7, 688,4
571,4, 688,9
461,5, 685,7
397,3, 681,8
282,6, 690,7
134,5, 709,6
145,7, 724,2
98,4, 777,4
97,8, 801,0
73,9, 793,5
19,8, 748,7
2,8, 734,4
1,5, 767,1
2,2, 763,9
34,5, 779,8
41,0, 774,1
58,0, 779,1
76,2, 813,2
70,2, 801,9
68,9, 795,5
63,0, 804,6
59,4, 801,1
-0,5, 785,8
-22,6, 780,5
-40,2, 776,7
-75,3, 764,5
-134,0, 750,3
-120,3, 750,3
-158,4, 740,7
-159,9, 734,4
-109,6, 730,0
24,4, 713,8
64,4, 709,9
173,1, 723,3
176,4, 722,3
176,7, 725,8
129,6, 723,9
103,4, 722,2
28,6, 701,9
15,3, 697,5
-6,0, 694,0
-24,0, 691,5
-4,7, 712,6
-2,7, 713,5
49,0, 758,8
107,8, 789,3
127,1, 829,3
87,8, 834,1
60,4, 830,6
25,5, 830,4
-20,2, 840,4
-35,2, 842,8
-44,0, 862,5
-44,0, 868,4
-42,2, 874,4
-42,6, 875,9
-28,1, 886,5
17,9, 880,8
289,5, 835,5
261,8, 843,0
287,3, 838,5
341,9, 827,6
413,2, 813,7
400,5, 825,3
403,9, 823,4
397,7, 826,6
417,8, 823,6
478,1, 821,3
571,7, 824,1
648,5, 830,7
850,0, 835,5
906,6, 829,6
903,4, 823,0
913,1, 821,9
974,4, 822,2
1001,7, 812,1
1059,8, 812,6
1062,9, 818,1
1081,5, 813,8
1154,4, 816,7
1167,5, 819,9
1175,5, 820,6
1187,8, 814,2
1173,4, 766,0
1182,3, 766,9
1149,0, 651,0
1167,5, 688,1
1178,3, 571,1
1183,5, 407,1
1208,7, 309,1
1225,7, 251,1
1227,8, 210,8
1223,6, 7,0
1225,8, -31,4
1231,7, -128,4
1232,1, -130,8
1228,6, -123,4
1229,9, -124,3
1232,9, -125,9
1249,9, -132,3
2395,1, -61,6
2288,5, 101,8
2293,6, 171,6
2297,4, 347,9
2348,3, 355,9
2614,7, 350,1
2852,7, 205,4
2805,7, 190,8
2747,7, 206,7
2774,8, 199,3
2702,0, 219,2
614,9, 383,7
657,2, 396,3
699,9, 421,8
742,2, 443,5
825,6, 457,6
867,0, 467,6
852,6, 459,6
1010,7, 463,4
1182,8, 374,9
1240,5, 419,9
1247,3, 429,2
1274,8, 449,5
1304,7, 463,6
1304,5, 465,0
1353,9, 455,5
1395,5, 454,1
1415,0, 454,4
1437,3, 480,5
1522,5, 508,3
1614,3, 487,3
1708,4, 429,2
1956,1, 399,5
2091,1, 390,1
2286,2, 338,8
2463,3, 319,9
2465,2, 316,8
2452,3, 342,5
2477,8, 320,5
2469,3, 338,3
2471,6, 390,1
2486,8, 401,7
2488,7, 399,4
2493,3, 436,7
2495,0, 430,4
2510,0, 426,8
2517,6, 427,0
2521,3, 437,3
2525,9, 440,8
2530,1, 440,6
2540,9, 446,1
2568,8, 501,7
2578,4, 487,9
2582,7, 481,1
2580,6, 489,9
2578,6, 507,2
2599,8, 530,2
2621,7, 550,6
2633,8, 558,7
2650,4, 559,6
2650,4, 563,8
2670,4, 567,0
2729,9, 576,9
2848,2, 601,6
2865,5, 605,9
2950,4, 624,3
2969,6, 630,0
2994,9, 649,5
3016,0, 667,1
3029,7, 692,3
3133,8, 711,5
3232,8, 719,3
3461,9, 705,7
3501,4, 718,0
3482,9, 740,4
3447,4, 748,4
3447,9, 758,4
3424,6, 786,2
3419,9, 787,6
3393,4, 795,6
3389,0, 796,7
3372,8, 802,6
3343,5, 812,4
3269,4, 851,1
3159,9, 908,2
3166,8, 897,9
3039,7, 941,3
3027,9, 938,6
3021,2, 939,6
2995,2, 942,7
2903,6, 956,4
2780,1, 961,6
2425,7, 768,6
1890,2, 842,3
1773,1, 736,4
1241,4, 733,1
1505,5, 688,8
906,5, 827,3
776,6, 847,5
584,0, 822,6
626,9, 832,2
445,1, 867,7
218,9, 847,7
264,8, 849,3
224,1, 838,1
49,1, 815,2
197,6, 830,2
173,1, 824,2
189,4, 814,5
189,0, 802,6
192,0, 803,2
176,8, 867,4
179,6, 844,9
137,9, 842,5
113,0, 851,8
77,3, 830,3
79,1, 831,5
89,5, 839,5
118,0, 850,3
120,2, 851,4
188,5, 841,0
179,7, 852,3
223,5, 884,8
232,5, 871,0
238,3, 879,2
242,8, 865,6
239,2, 880,1
237,2, 864,0
203,3, 904,8
213,8, 888,2
194,7, 860,4
190,0, 903,8
187,5, 896,1
176,9, 886,1
178,9, 887,0
160,7, 879,7
197,3, 892,4
260,7, 972,0
248,1, 951,5
213,8, 924,8
210,0, 949,9
192,3, 926,6
185,4, 947,5
181,6, 936,2
170,4, 944,0
164,2, 924,6
305,1, 926,6
345,2, 908,9
360,6, 899,0
382,3, 888,8
402,8, 887,9
397,9, 894,3
389,2, 902,4
395,2, 898,2
389,7, 902,8
383,8, 933,8
351,4, 923,3
343,0, 918,3
276,2, 894,1
167,3, 881,2
146,0, 891,5
123,0, 898,6
116,5, 894,9
91,4, 886,4
65,0, 867,1
45,9, 852,9
42,6, 851,7
26,8, 841,1
29,1, 850,3
31,4, 855,3
42,6, 880,9
43,3, 884,3
157,2, 894,3
194,2, 897,6
500,2, 856,0
514,9, 853,4
593,1, 838,2
597,6, 839,5
614,5, 832,0
609,5, 814,2
613,4, 797,9
623,9, 801,0
625,7, 800,3
651,5, 800,6
681,2, 803,1
680,5, 802,7
725,1, 803,3
745,5, 803,9
762,0, 805,3
838,5, 809,6
1033,0, 801,2
1043,2, 800,2
1057,0, 797,2
1074,3, 793,1
1111,4, 778,9
1136,5, 774,3
1132,4, 775,6
1238,4, 798,6
1254,7, 799,5
1261,3, 795,0
1288,3, 807,0
1300,7, 811,6
1366,7, 808,7
1402,9, 812,7
1425,5, 813,1
1427,3, 807,1
1461,1, 762,3
1481,9, 739,8
1495,0, 711,6
1500,3, 687,5
1512,2, 670,2
1561,6, 623,8
1701,4, 530,5
1702,7, 525,4
1742,8, 514,7
1816,4, 495,8
1941,0, 492,4
2040,2, 461,7
2065,9, 467,8
2057,3, 489,4
2111,3, 461,8
2134,1, 463,6
2146,5, 463,5
2180,9, 462,8
2212,2, 464,7
2214,8, 466,8
2027,2, 316,2
2147,7, 250,4
2148,7, 249,3
2028,7, 321,1
2061,3, 313,6
2034,0, 311,4
2028,6, 289,4
1520,1, 280,6
156,0, 314,1
191,2, 326,1
176,8, 328,7
171,5, 328,2
151,0, 326,3
1395,9, 645,0
1270,8, 525,6
1384,5, 550,0
1439,8, 517,0
1466,6, 483,0
1464,1, 466,4
1531,7, 194,2
1564,4, 155,5
1576,5, 155,1
1619,7, 161,2
1683,0, 196,6
1705,7, 221,0
1713,5, 222,0
1747,2, 233,7
1762,6, 226,3
1798,4, 199,5
1792,0, 208,8
1844,4, 188,1
1953,2, 196,5
1967,2, 199,9
1989,5, 205,5
2041,0, 232,4
2052,4, 233,7
2095,4, 223,1
2091,3, 229,1
1205,9, 369,3
1249,4, 376,6
1320,8, 398,4
1364,9, 406,6
1410,7, 421,8
1459,2, 438,6
1467,2, 444,6
1482,6, 450,0
1548,3, 473,8
1549,3, 473,8
1697,8, 483,2
1740,6, 484,8
1751,7, 492,3
1767,5, 502,6
1777,4, 506,3
1802,2, 516,2
1796,1, 510,3
1861,9, 517,6
1973,6, 527,3
1937,5, 505,7
2000,2, 510,5
2278,7, 524,5
2335,9, 525,1
2477,6, 531,4
2799,1, 536,4
2840,8, 532,5
2846,9, 538,0
2858,3, 543,1
2879,6, 549,3
2893,8, 555,6
2893,1, 565,9
2886,2, 590,6
2883,1, 605,8
2880,1, 609,5
3163,0, 986,7
3154,3, 975,8
3085,0, 965,7
2975,7, 987,5
2973,0, 1001,1
2979,7, 1011,7
2963,3, 1018,4
2956,3, 997,3
2942,9, 1007,4
2934,4, 1002,9
2914,2, 983,4
2842,4, 1020,2
1016,4, 941,4
1216,9, 938,6
1285,5, 931,5
1308,8, 935,0
1246,4, 933,0
1168,1, 922,5
1113,7, 879,4
1110,7, 869,1
1091,4, 847,2
1075,6, 844,4
1068,8, 848,4
1056,7, 831,6
1062,9, 865,5
1077,3, 907,4
1063,1, 935,4
1048,4, 956,2
1027,2, 940,6
1015,4, 930,5
1010,0, 929,4
1011,0, 926,3
1008,6, 976,5
999,2, 953,8
998,5, 959,4
1024,7, 980,9
1017,3, 982,6
1025,8, 962,4
1014,2, 978,3
1007,3, 973,4
1003,1, 973,1
986,2, 967,2
925,9, 956,4
911,1, 958,5
934,1, 988,2
932,5, 1014,0
917,7, 1023,2
924,3, 1068,1
934,9, 1081,6
959,6, 1062,6
967,3, 1092,8
978,5, 1122,2
978,8, 1141,9
978,5, 1187,1
910,9, 1188,3
850,4, 1155,0
793,6, 1189,1
740,2, 1177,9
729,2, 1176,3
729,6, 1178,3
735,6, 1178,5
462,4, 1038,1
427,0, 1015,8
360,0, 1044,0
359,5, 1035,9
372,4, 1077,4
352,8, 1104,1
343,3, 1134,3
267,5, 1142,4
204,3, 1140,7
1846,5, 114,4
2732,0, 272,3
2277,1, 567,0
244,6, -41,9
1419,6, 325,2
-173,6, 885,3
-190,1, 920,3
-156,6, 923,9
-164,7, 887,3
-154,2, 904,9
-195,4, 905,2
-154,6, 870,4
32,3, 937,4
108,2, 934,0
439,3, 817,8
455,8, 806,5
651,0, 766,9
633,6, 770,8
634,5, 835,9
609,0, 850,9
617,4, 854,0
529,8, 909,0
534,8, 892,9
530,1, 893,5
429,4, 891,0
444,6, 871,1
404,0, 880,2
2181,3, 545,6
2215,6, 539,2
2194,1, 518,5
2165,0, 495,9
1956,0, 373,4
1921,1, 394,1
1904,9, 406,6
1878,1, 388,2
1881,9, 398,4
1859,1, 417,2
1856,2, 419,7
1817,3, 431,1
1827,4, 437,5
1837,8, 432,7
1023,7, 690,6
911,9, 173,1
444,8, 737,2
436,4, 671,9
373,4, 642,9
370,5, 669,1
374,1, 697,4
356,1, 726,1
825,2, 616,2
1008,6, 595,5
1069,1, 607,5
1090,6, 616,6
1141,9, 629,1
1134,6, 626,6
1196,9, 646,8
1343,4, 680,7
1384,5, 683,4
1588,3, 634,4
1628,9, 611,2
1698,5, 587,7
1716,8, 577,4
1763,5, 568,3
1776,6, 546,9
1746,6, 573,4
1868,6, 571,2
1989,1, 582,3
2227,3, 562,9
2730,0, 595,1
2665,7, 638,8
2668,0, 656,6
2654,0, 661,6
2657,4, 662,6
2631,2, 679,1
2585,9, 716,7
2698,1, 652,8
2687,3, 659,2
2782,5, 619,4
2932,9, 556,7
2956,5, 557,1
2958,2, 557,4
2983,8, 565,0
3214,8, 605,5
3356,3, 611,9
3455,0, 609,0
3513,5, 611,9
3669,4, 649,5
3670,9, 634,3
3674,6, 647,0
3684,9, 643,0
3676,3, 648,5
3674,7, 647,8
3599,2, 661,1
3591,7, 664,6
3299,1, 742,8
3129,1, 779,6
3203,2, 763,8
3150,6, 774,4
3137,4, 768,0
2979,2, 782,1
2922,8, 820,8
2921,9, 815,7
2903,5, 823,6
2868,1, 849,7
2807,7, 866,8
2544,0, 898,0
1617,0, 754,1
1319,5, 865,1
1292,2, 883,4
1292,2, 883,4
884,9, 869,4
829,8, 863,0
716,8, 856,6
312,5, 823,6
232,4, 828,1
221,0, 828,4
-0,3, 853,6
21,1, 933,6
10,5, 945,9
-2,8, 924,9
128,6, 1011,7
108,2, 990,9
3,4, 914,5
2,0, 914,1
-12,1, 908,8
5,6, 923,5
-54,5, 879,3
-43,9, 883,0
90,6, 953,4
124,1, 963,1
143,2, 967,8
137,7, 998,8
142,5, 977,0
173,5, 985,1
171,5, 962,6
150,9, 998,6
264,8, 1046,6
261,4, 1023,1
267,0, 1026,9
303,8, 1060,8
418,4, 1092,2
412,3, 1081,1
562,7, 1094,0
664,4, 1106,9
662,8, 1111,6
623,7, 1132,4
599,4, 1128,8
595,6, 1131,3
580,7, 1133,9
579,0, 1123,2
591,2, 1127,6
598,3, 1134,9
571,0, 1118,1
458,0, 1079,5
344,2, 1023,7
364,5, 1038,3
389,9, 1012,8
397,0, 959,4
398,6, 963,0
394,3, 971,1
381,7, 951,7
360,8, 943,1
314,3, 944,5
299,1, 941,7
219,5, 926,5
196,5, 934,7
185,1, 944,0
176,3, 934,8
148,1, 939,1
139,0, 939,0
116,8, 937,1
91,8, 937,3
79,9, 926,5
-52,7, 950,4
-88,8, 968,1
-86,6, 992,5
-84,0, 993,2
-85,4, 995,6
1175,4, 827,9
1089,0, 788,9
1002,7, 769,3
912,3, 820,3
881,8, 832,9
541,6, 714,5
2914,4, 1656,7
2621,6, 323,7
2597,9, 303,8
2534,5, 289,8
2414,5, 282,8
2497,7, 280,7
385,5, 366,9
487,7, 393,8
605,3, 526,8
633,5, 484,9
3086,2, 1263,9
858,5, 145,4
2420,4, -97,7
550,8, 209,9
387,8, -134,3
630,1, 559,2
755,7, 568,3
854,7, 599,5
963,5, 637,8
984,7, 632,5
1058,7, 623,0
1110,8, 616,2
1182,3, 628,0
1191,0, 626,2
1186,3, 627,4
1238,4, 635,3
1337,3, 667,3
1367,6, 679,5
1387,1, 686,4
1405,5, 694,9
1498,7, 736,4
1476,8, 713,4
1550,7, 729,1
1570,0, 732,2
1605,6, 757,3
1617,8, 759,9
1644,5, 807,3
1646,9, 779,2
1854,9, 836,0
1839,5, 831,5
2336,0, 846,4
2638,0, 880,4
2709,3, 886,7
2811,7, 893,9
2853,6, 897,4
2872,7, 888,8
2863,6, 910,0
2856,5, 909,2
2867,8, 918,3
2854,1, 925,0
2846,1, 927,5
2840,9, 928,2
2847,6, 922,1
2872,3, 903,0
2889,9, 883,1
2901,2, 878,2
2921,5, 866,9
2947,6, 857,8
2953,2, 856,3
2973,6, 866,6