Listening for gaze data, press any key to exit...
1333,8, 953,1
1272,2, 962,9
1183,2, 976,1
1136,0, 947,4
1103,3, 933,6
1107,5, 923,2
1091,2, 895,7
1096,5, 883,4
1118,7, 871,5
1123,5, 871,4
1121,3, 869,7
1049,7, 849,6
1043,2, 846,3
1019,6, 834,3
1009,8, 805,7
984,9, 796,4
969,2, 800,7
980,9, 785,0
985,3, 747,5
1038,0, 676,1
1523,0, 714,8
1652,9, 727,9
1687,8, 702,1
1705,4, 737,2
1729,1, 745,3
1695,2, 748,7
1697,4, 763,3
1695,1, 838,1
1685,4, 830,6
1683,8, 814,0
1684,3, 811,6
1211,4, 519,1
1187,9, 505,4
125,8, 88,7
143,3, -7,6
705,5, 679,5
1434,7, 913,1
1374,5, 903,4
1338,2, 895,2
1386,7, 921,9
1430,5, 944,0
1468,0, 942,8
1493,8, 940,8
1545,2, 945,8
1602,5, 923,0
1598,0, 927,6
1597,6, 932,4
1564,6, 930,7
1581,9, 920,1
1624,5, 915,0
1634,3, 935,0
1624,8, 942,7
1613,1, 958,0
1587,1, 998,1
1520,2, 1118,8
1474,0, 1320,2
1489,5, 1323,4
1473,4, 1389,2
1474,2, 1413,7
1479,9, 1480,8
1517,8, 1497,2
1572,5, 1495,0
1633,5, 1469,9
1631,7, 1467,9
1631,7, 1457,6
1648,1, 1461,2
1670,8, 1457,9
1740,8, 1439,8
1643,5, 1284,8
1641,5, 1260,2
1634,3, 1250,8
1312,6, 760,6
1291,4, 730,3
1276,6, 707,2
1265,5, 691,1
1244,7, 668,5
1252,4, 662,0
1236,8, 650,9
1242,1, 660,8
1239,9, 668,0
1232,8, 668,2
1238,2, 684,1
1242,1, 686,1
1338,9, 780,6
1370,8, 803,9
1380,6, 814,9
1390,3, 822,6
1398,6, 827,0
1412,2, 837,6
1405,5, 839,2
1409,9, 843,6
1409,0, 840,7
1390,6, 825,8
1384,1, 815,6
1366,6, 799,0
1350,8, 795,9
1343,1, 785,8
1318,8, 765,4
1330,8, 756,3
1316,6, 756,2
1381,2, 829,9
1387,3, 841,6
1377,2, 795,9
1412,5, 728,9
1410,4, 718,8
1401,4, 714,9
1401,2, 717,3
1459,0, 705,4
2095,0, 456,8
2149,9, 443,4
2473,3, 338,3
1732,9, 758,3
1730,3, 779,6
1712,1, 774,1
1720,2, 808,4
1726,1, 846,7
1723,2, 837,2
1727,6, 841,1
1728,8, 817,2
1733,2, 792,3
1731,9, 796,9
1693,9, 752,6
1631,1, 729,7
1638,9, 737,7
1662,5, 754,9
1620,2, 796,2
1688,5, 795,5
1663,8, 818,6
1668,7, 813,5
1674,9, 823,1
1676,4, 820,8
1662,0, 808,2
1637,5, 815,9
1641,8, 820,2
1655,1, 809,7
1654,1, 817,6
1653,6, 847,7
1663,2, 868,0
1657,9, 920,8
1664,6, 916,3
1678,6, 834,8
1681,4, 817,4
1671,7, 830,1
1676,8, 849,0
1682,4, 864,5
1675,5, 863,7
1651,1, 863,4
1650,4, 854,5
1648,4, 844,1
1650,3, 847,8
1663,8, 871,2
1661,6, 887,1
1675,7, 871,3
1672,2, 857,6
1674,0, 847,8
1674,0, 845,6
1671,3, 833,2
1665,9, 802,9
1661,0, 792,4
1650,1, 801,2
1593,3, 823,7
1601,6, 786,4
1647,4, 732,2
1638,0, 730,7
1605,8, 755,0
1535,2, 804,6
1435,8, 715,6
805,4, 606,7
495,0, 520,0
175,2, 435,5
-19,9, 417,2
-223,4, 352,9
-158,6, 387,1
-114,2, 421,8
-112,5, 432,7
-59,6, 489,5
-36,3, 536,3
-1,8, 581,5
84,0, 649,2
101,6, 639,0
130,5, 685,1
122,2, 689,4
117,7, 670,1
113,6, 636,8
123,6, 637,0
247,8, 714,7
288,6, 746,5
311,2, 756,1
335,2, 783,8
298,9, 808,5
284,7, 802,5
278,8, 812,4
270,3, 825,4
246,3, 816,2
214,7, 819,1
168,9, 799,3
173,0, 805,4
163,3, 794,7
148,0, 773,0
159,2, 780,4
182,5, 799,5
198,6, 774,0
197,6, 773,9
216,7, 791,2
221,9, 805,4
215,6, 798,1
155,2, 824,5
114,8, 775,2
107,7, 769,9
99,1, 776,2
44,6, 775,3
50,4, 771,8
76,0, 776,6
108,4, 767,2
114,2, 772,5
115,4, 773,2
126,1, 773,8
149,7, 774,5
157,0, 774,1
161,8, 763,3
167,8, 773,1
173,5, 776,0
185,6, 771,9
221,9, 788,4
232,5, 799,6
239,1, 788,1
250,1, 787,3
257,2, 804,0
266,6, 798,6
263,3, 801,7
258,8, 798,6
227,3, 796,0
231,3, 800,9
231,1, 780,0
228,5, 773,3
235,9, 788,5
232,4, 795,0
227,4, 799,0
215,6, 791,5
215,3, 802,6
183,7, 793,8
195,3, 774,6
245,7, 786,7
237,4, 1012,9
224,4, 1106,2
259,3, 986,9
266,4, 978,8
276,7, 897,4
275,1, 803,1
260,7, 770,5
276,7, 784,4
272,8, 785,1
279,7, 839,7
313,3, 876,3
316,9, 880,0
365,7, 896,7
412,8, 912,7
510,1, 958,9
490,7, 986,8
501,6, 989,4
469,0, 996,7
473,5, 1002,6
511,1, 1012,6
488,9, 1000,9
474,8, 992,3
483,8, 971,1
490,1, 961,5
544,4, 969,2
572,7, 969,2
585,7, 967,3
617,9, 975,0
653,4, 974,0
665,3, 980,1
639,8, 976,1
613,3, 965,8
509,3, 907,3
501,7, 906,8
483,1, 900,4
517,3, 892,8
547,4, 902,7
553,6, 905,9
544,4, 900,2
576,7, 904,5
599,7, 902,8
662,8, 903,9
678,4, 910,3
695,7, 931,1
704,6, 934,5
774,0, 962,8
821,7, 992,9
1056,8, 1144,6
1337,6, 1323,8
1366,2, 1331,7
1429,2, 1381,5
1730,7, 1416,1
1721,0, 1408,7
1696,2, 1382,8
1698,9, 1386,1
1735,8, 1447,0
1730,0, 1424,2
1774,5, 1413,5
1561,6, 1193,8
911,3, 874,0
841,0, 834,3
788,4, 811,6
786,0, 807,8
692,2, 739,2
687,0, 733,0
259,6, 402,9
276,3, 419,2
254,8, 391,2
201,9, 329,6
215,1, 368,5
216,8, 373,4
215,5, 365,4
89,9, 277,1
-210,7, 240,2
-225,0, 299,4
-193,1, 305,2
-232,7, 281,5
-197,3, 290,2
-207,4, 295,9
-192,3, 310,2
-198,8, 318,1
-206,6, 303,2
-192,6, 308,8
-109,1, 363,0
103,7, 430,5
104,1, 396,6
94,5, 407,9
55,6, 380,6
51,7, 393,9
58,4, 392,3
77,5, 386,6
72,2, 390,5
118,3, 439,9
-79,5, 411,6
-6,1, 399,9
84,5, 525,7
89,9, 662,2
101,0, 733,8
121,5, 748,8
136,0, 771,6
145,3, 771,4
144,7, 775,4
125,7, 768,8
116,6, 786,8
42,9, 810,4
-64,7, 784,4
-70,2, 784,3
-76,7, 772,6
-38,5, 764,0
-11,0, 775,5
14,9, 778,2
-41,3, 773,7
-7,0, 753,0
-11,7, 764,8
-28,0, 758,7
-20,8, 759,8
-5,4, 760,9
0,3, 759,5
13,7, 759,8
24,6, 773,1
29,9, 776,6
57,5, 797,0
58,3, 797,9
66,2, 803,4
73,1, 811,1
82,6, 816,9
85,3, 821,5
85,6, 822,9
95,5, 812,2
85,9, 813,9
128,0, 826,0
125,5, 829,8
51,7, 821,3
84,0, 814,4
39,0, 797,8
77,6, 818,7
97,6, 810,1
137,4, 789,0
127,4, 796,8
117,9, 806,1
124,8, 812,0
131,4, 813,0
134,1, 827,3
145,9, 829,3
170,3, 830,7
186,1, 832,5
118,5, 834,7
103,4, 829,9
99,4, 829,3
83,5, 827,9
68,2, 830,9
72,5, 831,7
83,4, 828,3
78,1, 828,3
48,7, 820,4
35,7, 817,0
6,1, 816,4
-27,4, 811,5
-9,5, 816,3
100,7, 817,0
99,9, 570,6
45,9, 442,6
38,8, 351,0
49,2, 281,4
56,2, 288,3
59,8, 290,3
62,2, 293,2
77,4, 397,2
127,4, 603,7
41,3, 514,1
11,2, 780,5
6,9, 784,2
6,9, 784,2
-19,9, 791,3
-16,3, 792,4
-15,3, 792,8
-6,2, 794,3
-6,9, 790,1
28,5, 800,1
-70,7, 775,5
-48,9, 748,2
-52,9, 772,6
-45,0, 754,7
-58,7, 771,2
-95,3, 759,1
-144,7, 700,5
-158,1, 688,6
-160,3, 706,0
-160,6, 710,3
-160,3, 716,9
-165,7, 724,3
-201,6, 728,8
-191,7, 726,9
-187,5, 718,3
-162,9, 719,4
-139,8, 727,5
-144,0, 737,1
-144,6, 726,4
-121,3, 678,5
29,5, 500,7
-63,7, 467,4
-39,9, 505,2
-207,7, 447,3
-152,1, 624,1
-106,5, 613,7
-136,9, 609,3
-136,5, 586,8
-131,2, 575,3
-108,9, 568,3
-118,1, 578,5
-116,7, 574,7
-85,6, 567,0
-89,4, 568,0
-138,2, 560,7
-141,3, 561,0
-122,8, 577,1
-107,9, 574,8
-67,5, 574,9
-69,6, 579,2
-125,0, 607,0
-183,9, 619,9
3,8, 554,3
50,2, 590,6
11,0, 555,3
808,6, 351,0
2385,7, 608,2
2431,9, 595,8
1136,9, -213,8
1455,8, -115,5
1455,8, -115,5
1773,9, -171,0
1773,9, -171,0
1763,4, -186,4
124,7, 551,9
533,2, 634,9
1247,2, 374,7
1247,2, 374,7
1247,2, 374,7
1683,7, 666,2
1226,1, 422,7
1523,4, 584,1
1781,1, 785,6
1773,7, 801,7
1699,0, 783,2
1721,0, 770,4
1399,6, 705,1
1523,7, 691,3
1543,9, 652,3
1433,4, 643,5
1491,7, 633,9
1572,3, 636,2
453,5, 679,1
259,2, 677,1
585,3, 579,5
1208,9, 621,8
1493,3, 660,9
1539,7, 710,9
1270,6, 819,6
1197,3, 838,4
1222,8, 771,7
930,8, 619,0
871,0, 683,7
858,9, 601,7
882,2, 577,3
893,2, 570,0
894,0, 569,8
834,6, 567,2
706,7, 552,4
541,8, 416,7
541,8, 416,7
494,7, 390,0
541,5, 510,9
574,9, 513,3
636,5, 542,1
644,9, 579,9
693,4, 617,7
695,5, 607,4
-148,3, 749,6
-146,5, 755,2
-303,8, 624,8
-270,9, 645,2
-263,3, 642,5
-206,2, 665,7
-165,5, 640,9
-135,5, 659,4
-220,7, 663,2
-208,8, 660,3
-69,5, 925,2
-110,4, 962,8
7,6, 1161,7
-90,6, 981,4
-16,6, 1090,8
-58,7, 980,9
-168,5, 653,6
-197,6, 685,6
-216,6, 641,4
-201,4, 634,1
-210,5, 605,1
-207,6, 596,9
-133,4, 659,8
-146,6, 653,0
-202,6, 624,7
-92,9, 620,4
-82,1, 620,1
-40,6, 603,8
94,3, 605,6
64,5, 599,7
64,4, 599,0
184,0, 581,9
213,4, 563,3
163,1, 623,2
147,8, 621,4
137,5, 629,3
132,8, 644,8
127,2, 653,9
127,2, 653,9
215,6, 722,9
201,0, 722,3
153,1, 695,5
202,8, 719,6
273,8, 714,0
140,5, 683,2
160,2, 676,8
134,9, 649,7
152,3, 659,9
82,8, 615,3
50,8, 606,5
143,3, 668,1
118,5, 651,5
154,8, 664,0
106,0, 614,4
49,9, 565,6
97,3, 627,4
61,0, 589,8
77,7, 601,4
121,3, 627,3
61,7, 589,1
156,1, 844,7
121,8, 832,7
129,6, 845,3
101,2, 826,5
105,6, 843,6
76,3, 824,8
75,7, 813,9
49,8, 800,0
19,7, 794,2
-29,7, 774,0
5,8, 784,9
40,9, 792,7
29,8, 778,9
45,8, 803,8
19,5, 820,5
7,3, 817,7
-20,6, 805,7
-14,1, 812,4
-80,8, 755,6
-128,5, 727,7
-139,9, 722,6
-154,4, 723,5
-147,3, 729,6
-156,9, 733,5
-108,9, 757,9
-120,3, 742,4
-101,3, 746,3
-48,3, 769,7
-98,2, 753,2
-99,0, 754,1
-89,2, 757,9
-24,5, 811,4
-56,1, 784,7
-9,5, 797,6
-3,1, 799,8
-2,7, 791,6
10,5, 783,7
109,8, 785,8
118,9, 810,2
125,0, 805,5
62,2, 774,7
12,3, 778,7
-13,0, 761,1
-16,2, 764,3
-9,6, 765,8
-2,0, 763,0
-13,8, 774,2
-7,8, 772,5
9,5, 770,9
-7,9, 786,8
-14,2, 785,8
15,2, 775,4
56,6, 809,8
92,0, 806,3
110,8, 808,6
118,3, 811,5
115,2, 791,2
108,2, 794,6
108,3, 804,6
108,3, 818,1
109,0, 826,4
110,8, 843,3
126,5, 833,2
120,5, 843,7
112,9, 838,8
83,9, 843,5
82,8, 841,3
101,2, 830,9
122,1, 834,2
152,8, 830,7
142,1, 820,2
73,6, 811,6
88,2, 809,4
70,0, 802,4
86,3, 800,0
117,4, 798,8
102,2, 802,8
95,0, 806,3
132,9, 831,6
167,4, 828,8
87,4, 814,5
52,8, 791,7
42,6, 787,4
9,5, 772,4
0,8, 765,6
1,4, 767,3
-49,5, 768,3
-51,7, 770,2
34,5, 486,4
-68,6, 357,6
-52,6, 426,6
-40,2, 516,2
61,7, 581,9
25,6, 613,5
-8,5, 614,1
-15,0, 616,0
-41,7, 601,2
-82,5, 578,3
-109,3, 566,9
-94,6, 564,2
-96,8, 554,1
-108,4, 547,1
-120,8, 534,9
-141,8, 496,2
-121,1, 489,6
-139,5, 494,6
-153,0, 491,6
-137,3, 528,6
-132,4, 535,3
-128,8, 491,1
-134,8, 492,8
-131,2, 479,9
-116,5, 527,5
-115,0, 523,1
-84,1, 496,0
-91,4, 517,7
-84,9, 507,2
-67,6, 578,2
576,5, 943,0
588,8, 615,8
585,4, 586,0
611,7, 604,9
621,6, 628,3
609,9, 640,7
591,9, 628,2
604,4, 638,1
611,5, 649,0
611,3, 709,6
607,6, 719,4
605,2, 731,2
630,1, 758,4
643,7, 763,1
668,4, 767,4
668,1, 770,4
662,8, 798,6
609,9, 770,9
603,6, 770,3
599,2, 777,8
602,0, 778,3
629,3, 800,5
638,3, 819,4
631,1, 823,7
616,5, 826,6
611,6, 830,0
592,9, 809,0
592,9, 802,5
610,1, 767,2
645,9, 830,8
470,1, 743,1
448,0, 671,0
496,1, 726,7
508,9, 771,6
512,1, 777,8
518,9, 772,7
554,8, 802,1
551,2, 800,2
534,4, 803,5
448,5, 770,6
137,3, 691,8
98,8, 673,8
141,5, 680,2
191,9, 642,5
202,4, 650,8
249,2, 658,2
268,1, 706,7
169,6, 691,0
114,6, 707,2
-92,7, 696,6
-135,4, 686,1
-122,3, 723,5
-103,0, 719,4
-160,7, 696,0
-209,8, 677,2
-125,4, 697,9
-75,2, 740,1
-217,0, 591,0
433,8, 1047,0
439,0, 953,3
246,7, 861,3
309,4, 904,4
309,2, 901,6
445,5, 1011,0
417,4, 1072,9
436,6, 1096,2
454,4, 1015,3
435,1, 1048,9
262,2, 926,6
158,8, 862,3
148,0, 851,3
140,1, 839,0
143,7, 838,9
111,7, 874,6
172,0, 906,8
174,5, 904,8
224,7, 921,8
228,4, 921,4
227,0, 913,7
226,8, 913,7
226,5, 907,1
237,5, 907,6
182,7, 886,4
185,5, 889,3
31,1, 842,5
-60,6, 800,8
-66,2, 799,4
49,7, 858,0
76,6, 870,7
83,5, 875,6
167,5, 906,8
225,7, 930,8
205,6, 952,5
252,9, 992,7
259,6, 1001,9
267,6, 998,5
238,7, 980,2
153,8, 979,6
132,6, 956,9
139,9, 960,8
149,6, 967,4
111,4, 951,6
80,3, 948,7
54,0, 935,2
53,2, 917,5
64,4, 917,5
54,5, 932,2
-7,7, 897,2
-1,9, 899,4
-8,6, 903,2
43,3, 918,3
2,8, 911,1
18,9, 909,3
45,0, 906,7
48,8, 902,9
33,6, 901,8
42,2, 895,7
75,5, 914,7
77,3, 920,6
87,1, 928,2
85,0, 919,2
101,2, 952,9
97,9, 938,1
95,4, 934,7
93,0, 919,1
80,4, 920,3
90,7, 910,2
80,2, 907,7
55,3, 897,3
39,4, 893,9
33,4, 891,8
40,0, 896,3
44,1, 896,2
47,4, 909,8
47,5, 914,3
45,2, 915,8
44,8, 913,6
54,7, 924,1
64,3, 924,3
70,1, 922,2
73,1, 911,4
89,0, 918,4
98,8, 921,4
106,3, 924,3
110,2, 926,3
691,0, 783,4
691,7, 782,2
691,7, 782,2
699,5, 777,2
695,4, 770,2
690,1, 749,6
695,1, 751,9
699,0, 766,8
705,1, 764,4
334,9, 751,2
144,1, 837,1
75,9, 827,5
-4,0, 816,1
29,5, 815,8
-7,8, 803,3
17,6, 808,4
-27,7, 804,2
1,7, 807,9
27,4, 807,4
339,2, 822,5
434,2, 820,8
439,8, 823,9
454,2, 824,8
583,4, 826,4
586,8, 813,7
576,0, 807,8
551,0, 794,9
555,1, 798,3
530,3, 775,9
528,7, 773,3
583,0, 807,3
598,6, 824,1
615,1, 826,2
599,0, 798,6
611,7, 802,0
596,1, 795,7
593,3, 795,9
620,0, 839,8
611,0, 830,3
614,2, 822,5
586,0, 795,9
550,8, 771,5
548,1, 768,4
541,4, 759,7
549,0, 765,9
548,2, 763,3
553,5, 755,1
543,8, 768,2
552,1, 773,4
550,4, 761,7
539,9, 757,2
536,5, 756,1
528,8, 747,9
524,3, 747,0
499,4, 732,5
473,0, 734,8
475,7, 721,3
476,7, 725,3
474,1, 724,6
484,4, 737,8
508,3, 772,0
501,2, 768,2
428,5, 735,4
436,0, 737,5
253,9, 683,8
133,7, 644,2
99,7, 635,7
46,7, 622,9
39,7, 620,9
67,5, 610,9
99,4, 620,3
71,9, 618,6
97,2, 620,7
32,8, 578,3
50,9, 599,4
21,6, 615,9
3,9, 585,1
-116,7, 611,3
-211,6, 558,0
-218,4, 553,4
-141,8, 606,5
-125,1, 604,3
-103,7, 623,1
-101,6, 617,1
-81,2, 634,1
-64,9, 646,5
-62,0, 654,1
-9,7, 675,9
-27,5, 658,9
-5,2, 654,2
-11,4, 657,4
-13,1, 658,2
-3,3, 656,1
2,9, 668,8
0,8, 675,8
-1,4, 676,5
35,2, 714,1
17,1, 696,0
66,5, 726,3
67,8, 724,8
54,8, 733,5
49,2, 715,1
42,7, 729,4
62,8, 749,6
62,9, 753,7
69,5, 755,9
68,5, 757,0
70,1, 757,4
74,7, 756,3
71,7, 756,1
69,2, 752,5
54,1, 731,7
38,5, 723,4
27,9, 723,7
29,0, 720,8
22,4, 720,2
20,7, 718,0
-0,6, 692,7
1,6, 697,0
-0,9, 711,6
-1,0, 711,6
1,1, 711,2
1,0, 704,0
3,5, 707,1
-19,8, 718,8
-13,6, 711,5
-13,7, 711,9
-11,3, 712,2
-21,6, 708,4
-33,3, 708,0
-65,7, 700,0
-109,8, 684,7
-153,6, 674,3
-209,3, 651,4
-248,0, 658,9
-228,8, 651,2
-215,6, 645,5
-210,4, 644,1
-177,1, 651,6
-168,1, 656,7
-170,1, 677,8
-166,4, 670,9
-170,0, 687,8
-160,6, 683,3
-152,7, 679,3
-171,3, 675,8
-171,9, 676,0
-164,3, 678,4
-176,5, 700,9
-181,7, 706,1
-185,9, 706,1
-176,5, 686,5
-187,4, 682,3
-213,4, 696,3
-229,5, 677,0
-228,2, 675,5
-122,7, 652,7
17,2, 643,9
368,1, 644,1
359,7, 636,6
511,4, 654,4
600,1, 666,6
685,7, 678,9
1022,3, 709,9
1274,1, 733,5
1368,3, 735,8
1359,5, 729,9
1369,9, 736,2
1306,1, 751,9
1253,0, 734,5
1186,3, 717,8
936,9, 662,3
971,3, 706,5
894,6, 683,4
911,1, 697,0
931,1, 708,6
957,4, 728,8
909,3, 702,6
903,5, 696,0
874,5, 687,6
891,4, 708,0
880,5, 682,0
875,7, 685,0
876,2, 692,2
880,1, 687,2
871,9, 677,2
857,8, 656,3
850,2, 648,9
847,3, 649,1
847,7, 650,7
846,7, 651,2
845,3, 648,5
608,8, 530,7
260,0, 593,5
339,3, 588,5
337,2, 561,7
274,7, 528,5
255,4, 505,7
286,3, 536,6
284,4, 533,1
-208,1, 385,5
-148,8, 357,0
-164,2, 365,6
-178,7, 381,3
-150,7, 405,9
-47,0, 483,5
4,9, 526,7
76,4, 582,3
73,0, 574,5
86,8, 571,4
371,2, 584,0
1248,0, 775,1
1265,1, 793,7
1255,5, 807,1
1264,7, 807,8
1331,9, 971,5
1331,9, 971,5
1181,0, 989,6
1282,6, 1013,9
1416,4, 1049,0
1408,4, 1045,8
1333,0, 1026,1
1296,1, 1018,3
1295,8, 1018,8
1305,1, 1016,4
1307,9, 1014,3
1325,1, 1013,5
1071,7, 576,0
1100,4, 625,6
1147,1, 712,9
1212,3, 955,4
1207,2, 942,0
1221,3, 956,3
1221,4, 961,3
1231,5, 949,6
1227,7, 933,0
1224,7, 931,5
1222,1, 926,6
1209,6, 910,6
1205,3, 906,6
1188,7, 880,6
1185,0, 873,7
1181,3, 873,4
1171,1, 873,4
1150,6, 886,3
1152,9, 883,6
1153,9, 882,3
1154,9, 880,4
1121,4, 855,6
1031,3, 767,0
960,2, 676,6
919,7, 605,6
890,7, 545,8
886,3, 522,4
884,7, 596,0
879,9, 580,1
870,5, 632,1
874,2, 628,0
874,5, 534,6
824,6, 575,3
847,1, 552,5
851,5, 560,2
884,2, 632,1
824,6, 578,8
753,3, 515,6
660,4, 412,2
612,9, 373,3
588,0, 375,4
590,4, 373,3
606,8, 434,1
608,7, 459,9
298,3, 324,3
411,0, 367,3
819,3, 523,2
212,7, 126,3
780,8, 256,7
563,3, 75,8
558,3, 19,6
576,2, 13,8
842,2, 883,5
1245,4, 726,8
1127,6, 575,7
938,2, 370,5
937,4, 377,6
788,5, 541,3
806,8, 567,1
1010,5, 532,6
1091,9, 525,4
1103,6, 542,3
1143,4, 630,1
1316,8, 551,8
1315,6, 735,9
1276,6, 792,0
1350,8, 899,9
1329,9, 920,7
1312,1, 922,0
1333,5, 931,0
1338,3, 888,2
1382,5, 868,2
1630,1, 591,6
1576,6, 644,4
1623,7, 558,6
1610,4, 610,1
1801,4, 414,8
1726,1, 519,7
1591,3, 690,2
1549,4, 745,7
1562,6, 727,8
1565,8, 725,8
1573,0, 729,8
1577,2, 729,0
1583,2, 722,7
1592,3, 663,2
1592,8, 658,9
1585,4, 723,1
1576,3, 793,4
1298,4, 2202,6
1387,7, 2226,9
1197,8, 1763,9
1099,2, 1503,0
796,9, 827,1
418,3, 471,1
484,7, 497,8
557,4, 545,8
575,8, 544,3
436,1, 479,5
417,8, 471,5
292,8, 438,8
184,7, 420,8
173,2, 428,0
102,3, 419,9
58,5, 443,4
54,6, 460,8
65,6, 476,0
70,5, 494,6
75,9, 492,9
88,0, 494,8
162,0, 586,4
260,6, 683,3
277,2, 657,7
285,0, 668,4
267,7, 676,5
217,1, 564,1
205,4, 589,4
199,0, 587,5
178,2, 602,9
123,5, 540,2
31,9, 473,6
11,0, 447,6
11,0, 447,6
-92,1, 387,0
-149,9, 287,2
-204,9, 191,0
-272,1, 140,7
-289,6, 105,4
-319,5, 33,5
-396,2, -155,0
-350,0, -97,9
-350,4, -85,0
-362,5, -95,4
-363,9, -96,3
-316,4, -52,6
-291,3, -2,1
-377,1, -106,0
-277,2, 63,4
-328,0, 12,2
-349,3, -84,1
-402,6, -5,1
-295,0, 15,8
-295,0, 15,8
-1,8, 796,0
29,4, 866,0
29,4, 866,0
339,0, 1028,1
221,8, 996,8
247,5, 993,9
371,1, 1020,7
354,9, 1015,3
352,4, 1013,2
407,7, 1034,8
549,4, 1081,4
520,0, 1079,2
474,8, 1113,3
478,6, 1129,9
376,9, 1219,4
351,1, 1249,9
349,1, 1281,8
346,6, 1287,8
304,5, 1328,3
309,2, 1344,6
303,5, 1373,8
306,2, 1361,6
319,2, 1234,4
320,1, 1108,7
341,5, 1058,9
329,9, 952,4
372,9, 857,8
383,3, 824,3
366,6, 793,9
383,1, 748,6
376,9, 746,5
367,0, 766,4
323,9, 830,1
279,3, 1026,1
267,8, 1140,8
237,1, 1260,6
192,4, 1260,7
192,0, 1269,5
190,8, 1268,6
174,6, 1251,4
174,2, 1249,0
94,0, 1264,5
93,7, 1255,1
95,3, 1239,7
93,7, 1238,7
-7,7, 877,7
-52,4, 707,6
24,0, 893,8
41,1, 832,9
30,8, 719,8
53,1, 696,6
-29,4, 667,4
-35,2, 669,7
-31,3, 672,0
-11,0, 668,3
-21,7, 640,1
-11,2, 639,6
-14,2, 619,0
-14,3, 602,1
-12,2, 601,9
15,9, 617,9
6,8, 636,1
57,1, 630,6
19,7, 633,6
22,1, 636,7
37,5, 623,9
43,3, 624,6
36,6, 619,4
31,8, 618,8
750,6, 1050,3
721,7, 1033,1
744,9, 1046,4
520,4, 946,1
579,3, 956,0
464,7, 888,3
438,2, 871,9
258,7, 778,3
251,1, 784,6
251,8, 767,9
212,5, 772,4
183,8, 776,7
134,0, 793,6
147,2, 795,0
144,3, 790,2
145,7, 777,8
157,1, 785,0
209,0, 814,9
381,2, 863,4
386,4, 865,5
389,0, 866,1
413,0, 876,2
420,1, 876,9
462,6, 891,7
520,4, 907,6
565,9, 920,0
525,2, 897,7
443,7, 857,7
361,5, 812,5
252,8, 750,7
135,7, 695,1
142,5, 695,3
129,6, 681,2
134,8, 684,8
130,4, 647,2
112,5, 653,0
100,6, 655,3
28,0, 647,9
12,8, 610,4
11,5, 612,5
22,7, 600,4
76,3, 656,3
99,9, 682,7
150,9, 788,3
167,4, 836,4
197,6, 878,5
203,9, 887,3
221,1, 904,3
285,9, 959,0
414,1, 1082,5
464,7, 1100,0
401,0, 1072,3
328,5, 1036,9
309,4, 1037,9
269,0, 1049,6
251,2, 1037,9
192,4, 1074,5
187,1, 1104,8
176,0, 1178,3
97,9, 1243,9
86,8, 1241,5
76,6, 1242,3
86,2, 1243,3
72,7, 1230,9
52,9, 1152,6
28,9, 1130,5
38,5, 741,2
49,9, 476,1
50,0, 427,6
50,2, 413,5
39,7, 363,0
22,9, 257,3
22,7, 282,9
28,4, 303,5
47,5, 335,7
35,3, 345,1
30,6, 355,2
-83,5, 475,2
-66,1, 458,6
21,2, 406,2
16,5, 558,8
30,9, 666,6
75,2, 639,6
70,3, 746,6
127,8, 987,6
-3,6, 1103,6
5,4, 1137,8
19,3, 1197,7
131,0, 1185,4
86,0, 1213,0
125,0, 1207,3
338,2, 1286,9
301,4, 1282,7
378,5, 1305,3
417,5, 1330,5
480,8, 1349,5
521,7, 1363,1
399,7, 1321,9
395,7, 1332,0
268,4, 1343,6
231,8, 1343,1
160,3, 1320,2
123,5, 1287,2
124,0, 1279,0
103,2, 1274,9
18,1, 1204,9
6,3, 1185,6
27,3, 1176,7
56,9, 1192,3
61,7, 1199,0
58,6, 1200,7
62,8, 1198,6
63,5, 1217,8
111,8, 1230,5
128,6, 1236,4
238,3, 1249,0
243,3, 1248,7
233,6, 1246,9
216,0, 1248,1
190,5, 1254,9
153,4, 1253,0
135,4, 1218,5
139,4, 1229,0
179,1, 1203,1
595,5, 949,8
658,5, 921,0
786,3, 871,2
899,4, 816,3
947,1, 787,0
1003,5, 754,4
1434,8, 529,9
1445,2, 522,8
1456,8, 487,7
1458,1, 492,5
1516,5, 472,8
1603,1, 434,4
1574,9, 460,7
1594,4, 465,1
1631,8, 506,5
1599,4, 514,1
1624,0, 519,2
1594,1, 454,9
1654,2, 518,7
1655,6, 513,9
1653,8, 500,8
1579,1, 482,0
1509,1, 472,7
955,7, 685,0
702,3, 747,9
690,0, 752,6
678,5, 760,4
731,0, 751,7
633,5, 781,2
609,2, 772,1
577,1, 730,0
606,1, 759,5
595,7, 773,8
593,7, 789,0
599,3, 798,6
-61,7, 519,3
-237,8, 449,7
-365,2, 396,7
-69,9, 535,0
-102,2, 523,2
-286,4, 429,4
-282,0, 422,1
-300,4, 414,9
-322,3, 410,0
-280,8, 405,7
35,9, 663,7
-101,8, 557,7
-19,9, 629,8
-4,4, 641,3
16,8, 763,7
68,2, 875,2
82,2, 911,0
78,9, 911,2
113,0, 1011,9
67,6, 1191,2
71,8, 1192,5
95,1, 1196,9
-63,0, 1165,8
-57,7, 1166,3
37,2, 1186,4
32,4, 1189,7
48,4, 1194,4
89,0, 1187,5
84,8, 1190,9
54,4, 1130,4
64,3, 1103,4
68,6, 1124,7
-101,1, 625,4
-94,4, 616,7
-72,2, 591,6
-69,5, 600,8
-71,3, 579,5
-36,1, 643,1
-23,1, 631,5
-1,8, 690,2
-22,1, 673,6
244,8, 714,6
177,9, 700,5
289,8, 731,3
343,8, 810,9
439,9, 812,6
452,1, 826,2
435,2, 822,8
416,8, 854,3
521,9, 846,6
479,8, 838,8
350,1, 799,8
319,7, 749,8
274,4, 743,2
276,1, 721,9
261,1, 717,4
222,9, 710,9
220,6, 703,6
246,4, 730,0
283,0, 754,8
474,3, 900,8
543,6, 950,8
596,7, 989,6
767,8, 1121,9
781,9, 1132,2
681,4, 1080,2
753,3, 1104,3
763,7, 1098,3
763,0, 1095,5
763,0, 1095,5
1153,7, 1185,0
1379,6, 1235,5
1365,7, 1234,9
1353,4, 1212,0
1467,4, 1239,1
1594,1, 1275,4
1713,1, 1283,4
1703,8, 1309,4
1723,3, 1270,6
1755,0, 1270,0
1766,6, 1296,7
1778,0, 1307,3
1754,2, 1297,8
1743,2, 1281,1
1745,3, 1279,4
1713,4, 1267,4
1563,7, 1160,1
1438,4, 1070,5
1333,6, 1011,6
1118,6, 893,5
519,0, 558,4
258,7, 423,0
255,0, 414,0
266,6, 403,6
258,6, 405,6
210,0, 435,3
145,9, 439,5
105,7, 442,0
-71,8, 468,8
-34,3, 706,6
-168,3, 552,4
-305,2, 188,2
-267,9, 231,0
-267,9, 231,0
-257,7, 230,6
-223,5, 227,1
-219,7, 226,7
-220,8, 229,8
-231,8, 225,5
-212,1, 224,1
-203,4, 223,6
-203,4, 223,6
-272,1, 333,7
-207,9, 406,9
-220,4, 397,7
-146,1, 485,6
-194,3, 401,4
-150,7, 458,4
-187,2, 413,2
-157,7, 461,7
-159,9, 443,9
-101,6, 488,5
-128,0, 468,0
-112,6, 494,5
76,8, 648,1
39,3, 601,9
49,3, 601,0
85,2, 631,9
94,7, 621,4
138,3, 619,9
190,2, 667,1
173,9, 656,1
189,7, 665,5
203,7, 656,3
163,9, 635,6
154,7, 620,7
76,0, 563,0
76,7, 609,9
58,6, 587,4
48,2, 574,7
75,5, 606,2
63,7, 594,7
73,5, 608,3
65,1, 600,4
69,2, 601,7
109,3, 646,1
101,1, 630,3
98,9, 625,9
126,8, 658,5
115,0, 638,1
141,4, 667,6
131,9, 650,5
137,2, 647,1
155,2, 674,9
152,2, 664,1
181,0, 699,8
167,7, 679,9
178,6, 679,5
174,0, 769,0
160,6, 751,0
176,9, 933,9
121,7, 904,0
158,1, 1017,8
155,2, 1055,7
139,4, 1285,4
142,8, 1285,9
128,3, 1279,8
63,8, 1250,2
81,8, 1255,2
102,5, 1264,7
88,8, 1257,5
116,0, 1264,3
119,5, 1265,4
129,3, 1272,5
198,5, 1273,4
236,1, 1294,2
256,6, 1300,9
210,0, 1278,9
240,2, 1255,2
105,3, 1229,5
57,3, 1137,1
72,6, 808,2
24,3, 642,4
16,0, 644,2
68,6, 650,3
17,3, 653,2
15,6, 658,3
16,4, 662,1
59,6, 663,6
67,0, 666,3
59,8, 678,4
90,7, 672,0
33,8, 712,4
16,3, 713,5
19,5, 721,3
130,9, 713,1
134,1, 699,7
129,3, 694,4
125,3, 695,9
468,2, 723,3
732,3, 746,1
1343,0, 763,1
1742,0, 792,7
1631,0, 587,9
1475,8, 387,6
1573,1, 616,0
1585,1, 663,1
1626,4, 794,2
1690,3, 791,5
1725,2, 786,0
1718,9, 785,1
1708,1, 781,7
1701,1, 683,7
1763,1, 372,0
1712,7, 498,7
1716,7, 469,1
1687,1, 414,5
1667,1, 448,1
1561,4, 570,0
1605,4, 484,4
1521,5, 662,1
1497,9, 742,2
1516,7, 719,1
1520,6, 720,4
1544,7, 719,2
1552,4, 719,0
1576,8, 699,6
1565,8, 681,6
1507,1, 651,3
1508,6, 653,0
1507,8, 660,3
1479,5, 643,4
1477,3, 638,2
1473,5, 624,5
1474,0, 587,0
1467,3, 559,3
1468,1, 559,3
1464,3, 537,9
1445,5, 523,2
1508,5, 461,9
1538,6, 421,8
1523,0, 424,0
1523,0, 424,0
88,4, 478,3
42,7, 369,1
-9,0, 312,5
4,5, 302,6
-18,4, 284,4
-2,4, 286,4
103,9, 356,6
130,1, 381,7
183,4, 435,0
209,9, 462,1
261,8, 465,0
258,5, 477,0
259,7, 480,7
256,8, 483,4
265,1, 505,7
266,7, 550,0
264,4, 536,9
263,1, 532,6
262,4, 490,0
234,2, 466,0
233,0, 465,1
212,3, 469,3
219,3, 460,0
134,4, 483,8
94,8, 480,2
96,1, 481,7
116,7, 510,2
84,7, 474,6
57,1, 497,8
-105,8, 468,6
-67,8, 480,9
-117,3, 430,3
-27,0, 511,9
55,8, 273,6
64,7, 354,7
48,1, 278,5
74,7, 326,6
60,6, 294,8
79,8, 326,8
118,5, 641,9
124,2, 663,0
189,1, 861,0
227,3, 1047,8
205,2, 1076,0
211,0, 1128,2
198,3, 1141,1
145,1, 1133,7
172,1, 1142,7
186,7, 1203,8
175,0, 1198,9
163,7, 1187,1
155,8, 1191,2
138,6, 1108,3
179,9, 1079,8
284,7, 1004,9
366,0, 926,2
361,8, 938,5
395,6, 922,4
445,4, 892,0
479,3, 866,4
497,3, 886,0
495,0, 888,5
488,6, 890,6
487,4, 889,3
467,3, 863,7
475,5, 855,8
479,0, 856,6
475,1, 843,5
456,5, 834,0
458,1, 834,9
453,2, 834,0
427,7, 830,6
417,8, 830,0
412,7, 843,5
412,6, 854,5
419,4, 851,4
446,8, 846,1
439,1, 847,7
437,0, 849,9
402,3, 853,8
352,3, 857,9
311,2, 868,1
306,0, 868,4
289,7, 837,5
296,5, 835,1
301,1, 847,4
328,2, 845,5
367,6, 852,8
365,8, 848,3
354,2, 833,1
352,9, 831,9
333,6, 828,6
326,2, 835,0
328,9, 836,2
284,0, 796,4
282,1, 803,1
271,3, 799,4
271,4, 802,3
281,0, 822,3
363,6, 902,1
331,7, 875,0
371,9, 917,9
359,8, 928,2
335,0, 901,9
359,1, 924,1
338,3, 903,0
320,2, 886,4
322,5, 885,7
303,7, 842,3
297,9, 844,0
316,8, 849,6
327,6, 841,0
539,8, 743,7
613,8, 707,0
630,7, 696,3
747,3, 620,2
796,1, 619,1
827,8, 642,3
836,5, 642,3
831,5, 648,3
717,6, 623,5
656,0, 525,0
632,9, 531,8
616,6, 535,9
617,4, 536,5
633,4, 543,0
624,1, 540,6
594,2, 523,8
546,4, 504,1
425,9, 421,4
386,9, 397,0
383,8, 396,3
327,4, 358,0
342,0, 379,8
348,7, 390,1
418,7, 401,0
424,1, 414,7
391,3, 434,9
394,3, 437,0
392,0, 444,3
407,6, 456,0
413,7, 464,3
423,3, 474,6
435,6, 487,2
449,1, 506,3
447,2, 509,3
438,1, 510,3
432,6, 508,5
427,1, 507,6
419,8, 510,2
403,7, 467,1
398,7, 464,0
340,3, 406,5
336,9, 400,5
338,5, 406,3
345,7, 365,3
350,4, 384,1
358,1, 409,7
363,1, 410,6
360,1, 428,6
357,7, 450,2
350,7, 459,0
342,3, 446,5
318,9, 446,7
320,5, 446,4
288,1, 427,1
262,7, 424,9
257,2, 395,3
266,5, 416,8
243,4, 418,2
240,8, 424,8
220,0, 418,6
171,2, 407,3
125,0, 423,7
128,0, 521,0
141,0, 544,4
160,0, 564,5
163,0, 563,9
131,5, 531,6
113,5, 515,6
118,4, 481,6
117,3, 403,4
108,9, 429,1
145,5, 372,0
154,4, 364,7
148,8, 372,2
156,7, 365,9
164,5, 362,2
179,6, 350,3
160,7, 369,8
225,8, 490,5
381,0, 841,2
416,3, 918,4
431,0, 953,5
439,6, 974,1
434,4, 989,6
399,8, 984,8
398,1, 989,8
361,8, 978,2
337,9, 965,7
300,9, 945,4
285,3, 937,0
221,4, 922,5
216,4, 933,8
150,3, 1024,9
88,9, 1005,0
41,0, 1010,4
8,6, 1046,7
7,7, 1091,8
1,1, 1081,9
13,2, 1118,4
27,2, 1117,1
75,6, 1173,5
161,7, 1241,7
162,3, 1231,6
129,2, 1219,5
132,1, 1221,1
140,3, 1216,7
139,3, 1216,2
135,6, 1203,3
99,0, 1161,4
80,4, 1160,3
21,5, 1154,3
-34,4, 1152,1
-15,3, 1157,4
124,6, 1201,8
141,9, 1231,4
102,5, 1213,5
138,1, 1252,2
112,8, 1215,3
170,8, 1237,8
209,3, 1248,6
192,7, 1243,4
249,0, 1276,0
230,7, 1242,9
230,2, 1241,6
227,6, 1237,0
263,9, 1236,3
271,5, 1238,3
272,6, 1234,8
287,3, 1241,2
290,3, 1230,8
264,9, 1228,3
257,3, 1225,1
206,5, 1216,3
205,8, 1215,8
223,1, 1217,5
293,4, 1153,7
317,4, 1136,2
328,8, 1124,6
347,2, 1091,2
341,5, 1092,0
340,5, 1082,1
333,5, 1080,2
316,7, 1064,0
305,2, 1055,0
310,8, 1059,6
302,8, 1054,7
276,7, 1047,5
274,2, 1048,5
296,2, 1007,4
297,3, 1001,7
263,0, 658,3
263,6, 655,3
250,3, 627,4
249,5, 608,8
244,1, 597,6
241,8, 562,9
230,8, 551,2
248,6, 561,5
247,7, 561,1
254,1, 568,9
282,9, 579,0
338,9, 605,3
344,2, 606,3
324,3, 606,1
318,6, 602,5
341,8, 627,7
349,5, 632,8
343,7, 642,3
338,8, 644,9
343,9, 649,4
343,5, 648,9
341,6, 648,0
342,9, 641,8
326,2, 638,7
337,4, 638,0
343,5, 639,2
337,0, 644,2
314,6, 641,5
276,7, 607,1
275,5, 608,8
335,0, 622,8
341,5, 627,5
347,1, 647,1
370,8, 655,3
388,9, 686,2
401,4, 713,8
400,5, 715,9
386,1, 733,0
385,0, 737,4
389,7, 741,2
393,7, 741,4
395,0, 739,7
389,2, 737,5
374,9, 731,8
353,1, 716,1
337,9, 706,1
347,4, 697,4
350,6, 692,6
355,0, 688,3
309,9, 679,2
267,4, 670,9
305,7, 678,1
249,6, 669,9
286,1, 672,2
302,8, 674,0
276,0, 677,8
279,7, 678,9
247,0, 680,2
233,6, 684,2
228,5, 691,9
240,8, 705,9
243,7, 711,0
248,3, 712,2
266,1, 726,2
276,6, 742,2
283,0, 752,1
278,9, 753,2
275,4, 753,7
277,6, 753,6
273,1, 752,6
251,0, 754,1
197,6, 745,3
192,4, 743,1
170,9, 739,5
160,4, 738,7
138,6, 747,7
130,0, 748,3
108,2, 749,9
119,1, 751,9
128,7, 753,2
152,1, 756,7
161,9, 756,3
164,4, 757,7
174,3, 760,5
151,3, 765,5
149,5, 767,0
142,2, 769,8
160,3, 776,7
194,1, 776,4
254,3, 723,6
267,0, 693,6
249,4, 729,4
256,7, 729,1
370,2, 689,9
475,4, 692,5
479,3, 696,6
508,4, 706,2
615,2, 784,1
653,9, 789,4
834,2, 877,2
793,3, 870,9
791,4, 872,8
765,7, 872,6
769,0, 878,6
772,3, 881,2
777,0, 886,5
790,3, 892,0
787,3, 889,7
742,1, 854,9
665,4, 797,7
500,4, 673,4
427,4, 610,7
393,1, 569,7
360,0, 537,5
356,9, 512,6
355,5, 513,6
668,2, 548,7
1033,5, 624,9
1144,2, 648,6
1187,4, 655,9
1233,7, 659,5
1288,9, 666,1
1296,7, 660,9
1307,3, 671,8
1314,2, 671,9
1324,7, 695,7
1356,2, 720,5
1373,8, 731,8
1396,1, 687,8
1406,4, 667,1
1405,3, 652,6
1286,4, 643,2
1073,0, 627,6
1027,7, 627,3
995,4, 627,3
852,9, 634,9
846,6, 629,6
993,5, 623,5
2295,3, 283,0
2311,2, 280,1
2346,3, 280,7
2351,1, 294,4
2346,7, 311,1
2352,0, 299,1
2359,2, 294,9
2361,0, 293,6
2393,5, 241,6
2414,5, 231,5
2563,3, 195,5
2564,6, 201,3
2565,7, 199,6
2564,5, 204,0
2605,9, 186,8
2559,0, 144,6
2611,4, 135,8
2099,7, 207,3
1519,0, 274,3
1680,5, 192,3
1421,5, 230,5
1343,4, 234,5
1212,8, 273,8
929,1, 298,5
825,8, 356,7
815,9, 363,5
828,1, 406,0
891,0, 467,2
899,8, 480,3
913,1, 501,2
921,8, 508,7
891,4, 495,6
907,2, 481,3
921,7, 470,2
914,1, 470,0
922,0, 467,7
829,8, 450,0
866,6, 463,7
875,9, 453,2
888,4, 448,5
891,4, 453,5
1374,1, 399,6
1445,6, 383,5
1458,6, 365,9
1533,7, 354,7
1575,9, 323,8
1548,6, 253,8
1538,3, 267,8
1534,5, 261,3
1531,8, 251,0
1513,9, 227,0
1501,4, 207,9
1509,5, 207,6
1523,1, 179,3
1539,8, 170,9
1549,0, 156,6
1554,6, 133,5
1560,4, 101,3
1572,2, 84,8
1583,6, 63,3
1586,7, 65,8
1602,2, 26,4
1555,5, 83,4
1528,7, 91,9
1264,7, 32,9
1255,1, 5,2
710,7, 3,0
783,6, 18,5
467,5, -17,9
-200,3, -90,0
-367,0, -111,2
-408,5, -133,4
-409,9, -95,6
-442,7, -96,7
-423,3, -107,8
-426,6, -107,5
-399,7, -119,8
-426,9, -169,8
-388,2, -158,4
-291,1, -78,7
-249,5, -47,9
-264,6, -67,1
-74,4, 139,1
-55,1, 162,8
1,9, 225,6
-26,8, 189,3
-51,9, 172,1
-42,1, 169,6
54,4, 176,3
163,3, 217,8
366,6, 318,6
349,5, 328,4
293,6, 318,7
263,2, 286,3
255,2, 282,8
235,6, 322,1
222,5, 341,0
197,4, 342,7
170,5, 335,1
142,4, 312,7
9,2, 343,9
32,0, 357,1
38,9, 357,0
57,3, 358,5
61,0, 359,3
164,5, 344,3
193,7, 340,7
199,2, 339,8
213,2, 332,8
291,9, 336,8
314,8, 352,4
361,6, 346,3
390,9, 328,6
469,8, 342,9
678,4, 354,1
746,3, 357,0
798,2, 368,2
811,9, 368,7
813,5, 368,4
849,3, 356,6
884,8, 347,9
917,2, 338,2
928,5, 334,2
919,2, 338,0
920,3, 340,9
812,4, 371,8
799,0, 378,6
695,4, 411,0
709,8, 407,7
494,8, 487,4
414,6, 518,6
447,6, 575,2
441,5, 559,3
489,7, 625,8
505,0, 637,6
525,2, 651,2
532,0, 652,8
530,3, 653,9
455,3, 594,3
448,9, 591,2
417,6, 573,9
412,7, 574,2
399,6, 567,3
365,2, 549,2
326,9, 532,1
347,4, 536,2
385,4, 542,3
415,9, 542,2
396,5, 529,1
391,0, 514,0
224,7, 353,8
180,3, 287,8
149,5, 258,4
21,9, 181,1
46,0, 168,7
17,0, 158,2
-5,3, 189,1
-10,7, 176,8
-14,8, 200,5
-27,6, 175,4
28,1, 243,4
26,3, 245,4
18,0, 232,0
140,7, 393,9
235,4, 404,8
559,7, 436,7
865,9, 470,6
1255,3, 504,9
1682,8, 534,5
1994,6, 550,8
2070,4, 558,1
2087,6, 557,2
2203,8, 550,9
2194,8, 543,6
2242,7, 522,1
2282,9, 509,8
2378,7, 481,8
2618,5, 407,6
2699,6, 389,8
2712,4, 410,1
2716,8, 422,9
2752,9, 413,1
2793,6, 391,2
2829,1, 381,7
2838,6, 376,9
2823,2, 383,3
2915,3, 344,1
2974,4, 322,6
2936,2, 337,0
2227,4, 352,6
2192,9, 350,8
1376,9, 341,7
1530,3, 332,5
1432,4, 330,6
1146,5, 336,0
1098,0, 336,3
970,7, 332,4
925,3, 333,4
912,1, 331,3
914,7, 332,1
919,8, 337,2
927,1, 356,9
932,1, 384,3
949,1, 438,7
943,8, 432,2
903,1, 386,8
898,3, 378,8
883,2, 348,3
829,4, 258,1
824,3, 250,1
824,8, 251,9
766,0, 199,9
731,6, 191,5
707,8, 206,4
669,2, 205,0
552,0, 174,5
397,7, 148,1
18,5, 89,0
77,0, 261,2
64,1, 234,6
55,2, 211,6
46,2, 205,0
68,2, 231,8
82,7, 254,2
53,3, 234,8
67,6, 255,4
22,0, 235,2
22,1, 235,1
17,4, 210,2
32,4, 232,0
0,5, 217,1
-54,3, 226,6
-98,8, 217,5
-182,9, 238,0
-210,1, 238,1
-237,0, 227,8
-234,1, 245,5
-234,5, 236,6
-174,5, 267,7
-179,5, 255,7
-95,2, 315,8
-5,3, 359,4
117,5, 371,0
448,6, 416,6
642,9, 475,2
667,8, 505,0
684,3, 535,6
673,4, 526,6
648,0, 495,8
619,4, 465,1
557,3, 426,4
465,0, 365,7
385,4, 314,9
256,9, 298,9
192,7, 269,7
168,8, 259,4
149,4, 247,2
145,6, 249,6
19,3, 209,0
-53,5, 214,0
-52,3, 250,7
205,3, 315,3
1412,7, 478,0
1583,1, 555,3
1619,9, 537,8
1672,9, 542,4
1698,2, 550,9
1699,7, 552,3
1718,3, 565,0
1761,8, 549,4
1776,1, 547,4
1821,3, 536,0
1983,2, 542,5
2028,4, 598,7
2146,7, 650,5
2204,1, 658,3
2211,6, 654,5
2236,9, 647,1
2289,6, 631,9
2285,2, 618,7
2303,6, 615,6
2226,6, 574,4
1224,3, 635,7
1021,1, 611,1
1051,9, 550,0
972,1, 499,9
977,4, 380,1
1021,3, 384,7
981,7, 294,5
1038,5, 331,9
1029,8, 320,2
1051,7, 363,9
1016,4, 347,8
1037,8, 361,6
988,2, 337,3
991,8, 356,4
977,6, 361,4
994,1, 372,9
961,6, 353,0
991,6, 380,8
1003,9, 399,5
998,1, 402,6
987,1, 389,2
986,7, 389,1
991,5, 393,3
984,7, 402,2
1001,5, 453,5
1008,1, 457,5
1044,9, 456,0
1072,3, 470,7
1069,9, 440,5
1093,2, 435,6
1131,7, 473,8
1104,8, 430,5
1100,4, 426,4
1052,8, 357,1
916,8, 329,7
540,0, 286,2
469,6, 258,5
65,7, 49,2
240,9, 80,1
312,8, 94,9
502,4, 104,0
507,8, 107,8
581,4, 125,9
648,4, 137,5
862,8, 205,5
897,8, 230,1
963,3, 289,9
1025,0, 343,8
993,2, 322,0
1039,6, 370,0
1091,4, 419,3
1109,4, 434,5
1172,4, 509,4
1186,0, 509,2
1225,3, 537,0
1200,2, 541,2
1159,5, 533,9
1149,2, 528,9
1089,9, 520,5
967,7, 470,3
940,9, 452,7
909,9, 437,5
897,3, 432,4
883,2, 423,6
873,7, 416,6
877,0, 426,8
957,7, 478,5
1011,0, 520,3
1005,8, 516,0
989,6, 528,8
923,2, 540,7
891,5, 540,2
606,3, 572,7
479,7, 597,7
482,8, 601,6
502,1, 618,7
537,2, 640,9
537,8, 641,3
550,4, 646,6
573,6, 654,0
541,0, 649,7
471,2, 642,2
207,4, 620,3
78,4, 588,0
-180,2, 541,3
-161,8, 550,4
-201,7, 542,6
-170,6, 575,3
-157,7, 583,3
-42,2, 635,8
142,3, 699,6
178,7, 703,1
359,6, 743,3
1552,9, 789,3
2076,8, 804,0
2160,8, 807,0
2198,2, 807,7
2209,4, 807,1
2165,9, 805,4
2556,7, 803,1
2567,7, 811,2
2597,0, 818,9
2591,9, 819,2
2658,5, 815,4
2688,9, 810,9
2771,8, 800,1
2772,1, 803,0
2829,2, 801,0
2881,1, 808,9
2852,5, 840,3
2886,1, 812,4
2789,2, 829,7
2448,5, 878,6
2258,0, 870,6
2241,1, 857,3
2241,0, 774,9
2266,5, 715,4
2257,9, 716,9
2269,0, 701,7
2283,1, 669,1
2283,9, 665,8
2279,9, 667,0
2238,5, 678,4
2220,9, 660,6
2221,9, 663,6
2337,4, 623,4
2364,2, 607,5
2378,9, 600,8
2384,6, 585,4
2372,6, 578,0
2372,8, 579,5
2349,0, 579,6
2335,2, 568,9
2301,4, 570,9
2269,6, 564,5
2234,0, 573,8
2229,0, 571,2
2220,5, 573,2
2135,9, 510,1
2140,7, 525,5
-282,3, 340,6
85,5, 402,0
-39,2, 390,1
-10,1, 406,5
-295,8, 425,4
-211,3, 657,3
-176,0, 684,2
-1,3, 843,3
55,2, 924,7
154,7, 979,5
182,0, 982,5
196,1, 993,2
203,9, 1001,7
251,8, 993,7
238,5, 1007,5
173,1, 759,5
125,2, 596,8
70,6, 419,7
50,7, 357,8
82,5, 466,0
55,6, 395,8
39,6, 365,1
-1,0, 227,2
4,8, 227,5
77,5, 293,6
80,4, 244,1
105,6, 259,3
91,9, 252,9
91,6, 256,7
96,2, 258,6
117,0, 312,3
138,5, 353,5
132,9, 371,6
146,4, 369,5
157,1, 356,1
135,5, 366,5
141,3, 361,3
161,8, 390,8
205,0, 475,0
243,1, 550,2
247,2, 582,6
227,9, 572,9
194,9, 563,5
181,3, 570,9
183,9, 572,0
174,9, 563,9
169,0, 570,9
166,1, 573,6
169,1, 568,1
155,3, 576,5
152,5, 576,6
142,2, 553,6
139,6, 565,9
135,9, 556,2
126,8, 583,3
110,7, 609,7
106,4, 622,1
94,5, 647,5
92,7, 653,4
89,7, 656,9
111,8, 687,8
129,0, 702,5
126,3, 704,7
99,1, 711,3
98,5, 711,3
104,8, 713,6
115,9, 713,2
83,2, 694,7
82,9, 693,7
86,0, 685,9
122,1, 669,9
157,0, 650,9
158,4, 663,5
153,5, 673,7
469,7, 743,1
574,0, 770,2
651,3, 801,8
675,5, 825,0
708,3, 847,1
773,7, 883,2
839,8, 942,4
859,4, 953,2
878,1, 963,4
895,4, 972,3
941,3, 973,8
942,5, 914,1
939,5, 894,2
833,9, 629,7
831,9, 616,4
817,8, 591,3
755,9, 525,7
734,6, 501,3
690,5, 433,0
703,9, 420,8
683,1, 406,1
269,2, 288,2
244,6, 286,6
229,8, 286,1
185,7, 287,5
150,4, 283,0
177,9, 312,6
113,6, 279,4
79,6, 249,2
66,4, 245,2
47,4, 217,2
63,3, 232,1
45,2, 220,4
34,5, 216,4
38,0, 218,8
32,4, 212,8
20,4, 200,4
-15,5, 158,2
17,8, 168,4
759,1, 283,7
823,5, 295,0
1532,0, 363,7
1654,4, 363,7
1794,0, 363,7
1903,8, 362,0
2148,4, 354,5
2175,2, 344,4
2289,7, 308,4
2306,0, 304,6
2302,4, 308,7
2307,8, 309,8
2305,0, 307,8
2308,7, 304,8
2313,5, 296,0
2323,2, 294,0
2342,4, 293,4
2345,2, 291,1
2345,1, 291,5
2390,6, 310,4
2386,7, 308,8
2400,4, 311,0
2516,9, 284,4
2500,7, 250,0
2510,3, 213,4
2525,8, 147,5
2532,3, 168,2
2527,3, 133,4
2545,0, 134,2
2626,1, 127,1
2626,9, 145,3
2675,6, 180,9
2774,0, 220,0
2765,9, 211,3
2792,2, 224,5
2906,8, 217,1
2933,0, 220,1
2949,1, 240,8
2948,0, 245,3
2937,5, 288,5
2913,6, 387,1
3007,9, 368,1
3167,5, 373,1
3313,4, 467,4
3335,8, 508,7
3306,6, 550,1
3243,9, 627,3
2794,3, 620,8
2524,0, 642,1
2369,8, 659,4
2273,1, 671,4
2208,5, 670,8
2178,5, 685,4
2131,0, 708,6
2078,9, 715,9
2105,9, 704,9
2054,8, 716,4
2016,1, 701,9
1576,2, 602,8
1431,2, 570,1
1373,8, 553,9
1136,8, 526,4
1113,7, 520,2
974,2, 445,3
918,4, 397,9
916,3, 395,0
903,6, 399,8
773,9, 320,5
757,0, 319,2
326,7, 243,5
301,1, 238,4
273,1, 236,8
318,9, 281,2
306,6, 327,1
316,6, 334,1
332,5, 342,7
332,5, 343,1
352,0, 342,8
349,6, 340,2
346,5, 324,9
344,0, 328,2
344,2, 327,5
338,5, 327,0
339,1, 326,6
339,1, 330,1
340,6, 327,1
342,0, 336,9
342,5, 354,0
336,7, 358,6
336,1, 352,9
320,7, 341,7
332,0, 353,5
277,1, 317,8
275,8, 314,3
291,0, 318,4
358,0, 339,1
506,3, 375,3
613,2, 406,8
661,5, 443,5
686,2, 476,7
757,8, 541,4
707,8, 516,3
704,4, 525,0
718,4, 546,4
733,4, 570,7
705,5, 565,6
672,5, 552,6
618,6, 539,2
559,8, 523,5
533,3, 519,2
538,9, 520,5
493,1, 512,2
489,2, 510,9
385,3, 493,4
364,4, 495,4
279,9, 494,0
259,2, 488,1
250,3, 486,0
225,4, 478,4
186,3, 471,7
160,6, 469,9
150,2, 472,1
138,7, 479,8
108,3, 492,7
79,4, 500,4
57,7, 503,7
50,4, 499,1
28,8, 497,6
10,1, 494,2
-5,5, 501,9
-36,9, 521,7
-57,3, 531,5
-79,2, 547,0
-81,3, 547,1
-91,0, 565,1
-89,1, 563,0
-85,7, 562,4
-65,5, 595,1
-57,5, 603,9
-16,6, 579,4
105,3, 587,4
126,1, 583,4
217,7, 579,0
245,0, 575,1
250,7, 575,1
285,1, 570,2
359,8, 559,8
399,1, 569,5
385,2, 563,5
389,6, 564,9
431,4, 580,0
419,2, 565,7
426,7, 572,3
429,9, 570,8
417,8, 544,7
379,4, 553,6
335,9, 567,7
270,2, 470,1
47,8, 202,8
-26,4, 117,4
-105,3, 27,7
-111,5, 26,2
-114,5, 26,1
-127,3, 22,7
-123,7, 21,8
-129,1, 15,7
-109,1, 36,3
-111,4, 11,8
-124,0, -2,6
-171,4, -49,8
-173,4, -53,8
-179,9, -42,9
-147,0, 15,6
-119,1, 64,4
-61,1, 152,3
-27,9, 187,1
112,6, 329,1
242,7, 464,8
245,9, 495,1
243,0, 501,6
277,0, 505,9
438,1, 543,1
626,4, 547,0
810,7, 552,4
930,9, 558,7
1138,9, 578,3
1227,3, 590,7
2105,9, 685,4
2166,6, 694,1
2207,2, 710,8
2248,2, 716,1
2250,0, 714,2
2256,1, 713,5
2246,0, 712,0
2243,7, 697,8
2244,6, 701,1
2244,9, 678,6
2250,7, 624,9
1319,2, 625,4
1372,2, 644,4
1329,5, 574,3
1247,1, 364,1
1260,8, 409,0
1286,9, 403,8
1313,8, 443,2
1344,5, 477,2
1409,6, 520,2
1493,6, 481,3
1508,8, 479,6
1537,8, 461,8
1535,0, 463,3
1567,6, 410,8
1589,0, 374,2
1597,1, 370,0
1613,7, 358,5
1647,5, 343,0
1734,8, 345,2
1714,9, 350,0
1723,0, 347,0
1764,5, 328,9
1806,8, 327,0
1817,5, 332,5
1825,2, 337,6
1849,1, 341,3
1852,5, 344,4
1860,3, 338,9
1188,8, 448,0
932,4, 503,8
740,8, 569,9
680,3, 587,7
672,3, 601,1
703,0, 583,9
623,8, 632,1
639,1, 647,0
642,2, 649,8
632,9, 662,4
630,6, 665,6
580,4, 718,1
409,2, 834,5
213,1, 968,3
117,2, 1042,9
21,2, 1124,3
-5,6, 1194,5
-16,9, 1298,7
14,4, 1304,6
28,0, 1307,3
-10,3, 1291,1
-14,2, 1286,4
65,3, 1263,8
189,2, 1239,2
341,5, 1217,9
1066,1, 1071,7
2452,8, 820,1
2699,1, 782,7
2762,6, 774,4
2778,8, 772,5
2777,5, 772,5
2923,5, 797,2
2905,6, 810,0
2871,9, 821,4
2855,7, 830,4
2962,4, 756,2
2965,3, 753,0
2976,6, 760,2
2989,9, 761,5
3003,0, 745,7
3010,1, 759,6
3005,5, 757,1
3003,0, 753,9
2960,3, 799,2
2915,4, 826,9
2535,8, 873,6
1397,7, 980,3
1196,3, 1012,8
1181,4, 1024,3
1168,3, 1029,3
1155,5, 1032,0
1120,4, 1020,7
1111,9, 1004,1
1046,9, 957,1
951,0, 868,9
899,8, 798,5
807,9, 666,4
742,6, 568,6
737,7, 559,7
738,3, 553,3
717,2, 554,5
719,2, 560,7
725,4, 573,0
729,5, 570,0
726,8, 575,4
747,3, 575,0
730,3, 561,5
617,3, 479,3
521,2, 411,5
418,0, 333,6
309,5, 235,8
270,1, 204,2
303,5, 239,1
254,2, 188,3
75,6, 84,6
-158,4, -92,4
-289,1, -179,4
-246,7, -107,7
-263,4, -128,2
-278,9, -144,8
-263,8, -110,3
-233,5, -58,7
-222,5, -39,4
-219,5, -38,7
-218,5, -24,2
-185,7, 9,6
-168,1, 30,8
-185,4, -49,0
-146,8, 29,7
-26,4, 80,5
365,2, 368,0
361,1, 365,6
425,7, 412,5
565,7, 532,7
585,1, 541,7
620,6, 552,3
616,9, 552,0
652,9, 554,2
609,6, 563,6
523,5, 574,6
417,1, 578,7
383,9, 586,3
341,0, 583,9
259,0, 572,4
165,8, 531,7
73,3, 546,0
63,8, 544,8
0,6, 562,3
-39,1, 565,4
-91,9, 533,1
-121,6, 571,7
-88,5, 563,3
-37,4, 541,1
-39,8, 542,7
-50,9, 576,8
-47,4, 588,4
-38,3, 589,8
101,2, 584,5
190,1, 589,4
260,1, 600,3
384,5, 623,1
416,2, 627,5
436,0, 636,2
513,9, 648,4
708,6, 685,7
786,8, 688,7
853,8, 682,7
962,6, 688,3
1029,9, 652,2
1063,9, 642,6
1094,8, 643,8
1102,9, 646,3
1110,2, 633,5
1120,1, 614,3
1087,7, 566,3
1088,5, 554,1
694,8, 293,2
523,0, 193,3
445,7, 147,0
430,3, 146,7
413,6, 143,5
414,9, 147,1
267,7, 70,2
189,0, 36,2
-85,3, -60,9
-67,4, -41,7
-19,0, 24,1
90,3, 73,3
122,3, 102,7
140,4, 108,1
118,2, 251,5
48,9, 561,7
53,9, 581,8
66,8, 637,7
74,3, 708,2
71,9, 811,4
75,4, 1000,5
94,7, 1108,7
82,6, 1101,7
137,5, 1098,7
71,7, 1090,7
39,0, 1097,3
13,4, 1108,0
6,2, 1122,4
-11,6, 1140,1
-100,8, 1195,2
-105,9, 1208,6
-112,5, 1218,7
-114,5, 1234,8
-111,0, 1247,2
-99,2, 1246,8
-77,6, 1250,9
-44,0, 1255,3
-55,6, 1250,6
-47,5, 1256,6
-39,4, 1265,1
-39,8, 1265,0
-34,1, 1260,7
-37,3, 1263,8
-35,3, 1257,9
-28,4, 1248,2
-9,2, 1234,9
66,5, 1243,9
111,5, 1231,9
114,1, 1238,0
125,6, 1244,0
127,5, 1256,0
136,4, 1249,4
68,9, 1257,9
36,2, 1217,4
31,2, 1210,2
44,1, 1214,9
54,2, 1221,3
50,6, 1213,4
51,0, 1122,9
37,8, 981,8
63,4, 922,0
70,6, 882,4
147,7, 877,8
130,9, 873,6
169,9, 841,4
162,7, 838,0
249,5, 901,8
246,3, 891,2
221,6, 845,2
229,4, 861,4
226,0, 869,9
216,5, 867,9
185,8, 868,3
179,3, 867,2
189,0, 869,0
153,5, 870,3
173,0, 869,3
238,4, 896,3
265,3, 903,5
278,3, 891,0
307,0, 907,0
297,3, 900,1
292,9, 921,4
276,6, 941,3
255,4, 908,0
249,4, 908,5
205,6, 906,2
219,3, 899,1
166,0, 885,3
199,2, 893,4
156,1, 870,5
164,7, 861,9
208,7, 885,0
200,9, 869,1
211,1, 885,0
156,0, 840,3
13,5, 743,7
46,9, 772,9
50,2, 729,7
64,0, 736,5
62,9, 719,5
71,2, 720,5
91,3, 708,0
152,4, 614,0
237,2, 549,2
213,7, 572,4
227,4, 481,9
238,2, 489,2
245,6, 495,3
301,3, 519,3
328,7, 534,4
328,7, 534,3
244,9, 473,1
294,0, 516,4
288,1, 513,8
300,6, 525,7
331,4, 562,5
331,9, 566,9
343,6, 563,7
340,9, 566,8
313,7, 413,0
328,1, 431,0
320,9, 410,5
315,2, 391,8
224,0, 362,6
176,5, 330,7
130,2, 300,4
134,1, 260,0
79,0, 232,2
86,5, 212,1
104,2, 190,3
167,7, 216,2
172,9, 223,2
210,1, 329,5
232,6, 371,2
275,5, 360,0
266,8, 378,1
258,0, 386,5
265,4, 370,1
175,3, 349,3
148,0, 348,0
177,1, 318,2
171,1, 324,0
179,5, 290,5
147,3, 327,3
159,0, 308,4
167,4, 268,8
119,3, 260,5
121,3, 261,9
94,7, 264,9
84,6, 265,7
71,5, 262,6
63,2, 261,8
54,5, 278,1
36,9, 306,3
16,6, 328,4
8,2, 355,8
9,8, 355,8
8,4, 366,4
59,1, 369,9
81,4, 361,4
43,7, 390,3
49,8, 375,4
53,5, 348,7
45,4, 372,6
82,9, 315,4
113,8, 345,5
377,2, 416,6
386,9, 420,4
460,1, 359,0
399,8, 420,2
402,2, 417,7
405,1, 414,5
423,2, 391,6
425,3, 386,3
438,5, 366,9
435,2, 371,0
482,1, 329,1
465,9, 325,7
426,2, 317,1
379,6, 309,2
323,1, 297,4
220,6, 242,0
58,6, 167,1
54,4, 164,2
61,1, 172,4
55,1, 179,0
46,7, 173,0
32,0, 174,6
28,0, 165,9
11,4, 156,6
-11,1, 141,3
-61,5, 104,2
-145,5, 52,5
-121,4, 57,1
-117,8, 134,3
102,2, 965,9
102,4, 960,1
107,9, 976,5
116,8, 1001,5
121,0, 1001,1
127,1, 1002,7
128,1, 1003,5
129,7, 1005,1
95,6, 1014,5
51,4, 1026,1
29,2, 1022,6
23,0, 1025,8
-6,0, 1024,4
-15,4, 1023,8
-17,8, 1023,3
-11,7, 1025,5
72,9, 1049,4
45,3, 1111,3
30,6, 1128,1
11,6, 1138,9
-40,0, 1164,7
3,8, 1168,0
74,8, 1161,7
74,0, 1156,9
76,6, 1154,3
77,8, 1152,6
101,9, 1146,8
93,6, 1147,0
35,0, 1025,0
17,3, 1011,7
-32,9, 959,6
-115,8, 875,9
-81,0, 908,7
-71,5, 909,7
-117,1, 849,9
-58,7, 911,5
-63,8, 907,0
5,2, 941,8
-21,6, 914,2
-6,0, 923,8
37,0, 962,6
34,8, 925,0
74,8, 958,6
57,0, 939,0
91,0, 998,0
93,9, 1008,0
87,0, 1004,1
79,1, 994,7
-1,9, 893,2
9,0, 893,9
10,3, 889,8
12,7, 890,4
-83,9, 871,6
-77,6, 890,3
-85,6, 890,6
-75,4, 910,5
-78,0, 908,5
-69,5, 940,6
24,3, 866,7
82,2, 813,7
126,7, 750,0
140,0, 654,7
169,0, 630,4
183,3, 634,1
237,3, 656,9
237,8, 656,7
269,3, 665,8
297,7, 694,6
268,1, 682,3
255,1, 671,6
44,9, 566,5
189,7, 621,8
180,8, 618,4
128,6, 598,4
114,9, 588,6
103,3, 595,5
97,3, 598,0
54,5, 565,7
28,4, 387,5
-17,7, 367,6
-61,8, 281,4
-19,4, 290,6
-39,4, 245,0
-51,0, 218,4
-49,4, 195,5
-37,1, 152,3
-34,5, 147,6
-11,5, 144,7
-1,5, 134,8
-11,5, 126,2
-6,5, 136,1
-26,3, 150,4
-38,9, 170,8
-25,7, 157,4
-25,0, 175,8
65,5, 218,5
84,9, 225,0
100,7, 232,2
118,0, 239,9
127,7, 244,5
135,2, 249,6
136,2, 249,4
49,7, 224,6
39,3, 221,2
-47,1, 258,9
-49,5, 260,4
-15,0, 266,2
-14,0, 267,4
7,9, 276,5
16,4, 274,9
7,7, 272,6
-22,4, 284,3
-9,9, 295,0
0,2, 301,1
19,6, 298,2
21,7, 299,8
39,9, 294,9
62,2, 283,4
76,4, 273,6
90,7, 340,1
96,2, 323,0
110,4, 272,2
109,7, 250,1
111,0, 212,6
128,8, 225,6
174,8, 258,8
228,7, 281,9
329,0, 301,8
333,1, 243,9
325,9, 231,3
297,8, 201,9
299,3, 209,8
273,8, 165,0
275,1, 162,3
255,4, 109,2
244,2, 68,1
244,3, 60,6
246,6, 63,2
295,6, 212,6
302,7, 232,2
324,2, 273,3
385,9, 274,1
396,6, 278,3
405,8, 327,0
407,7, 339,0
405,4, 380,1
361,9, 420,1
341,9, 437,9
306,1, 492,6
283,9, 490,7
291,4, 490,8
279,6, 489,2
274,4, 485,2
272,1, 485,3
261,7, 481,0
253,0, 473,0
254,5, 473,5
266,3, 478,2
325,9, 581,6
356,6, 581,0
368,4, 589,6
372,0, 594,6
381,8, 615,0
377,1, 607,2
380,9, 610,5
379,8, 591,3
350,0, 553,4
392,2, 601,2
354,9, 564,5
363,2, 572,8
377,7, 587,1
368,5, 563,4
386,8, 595,3
270,7, 908,6
136,4, 1013,0
140,8, 1027,1
149,2, 1058,2
154,1, 1062,8
136,4, 1089,7
205,9, 1060,1
203,7, 1106,8
204,3, 1100,1
175,0, 1098,1
175,7, 1114,3
180,4, 1118,0
181,8, 1088,5
179,0, 1092,9
177,2, 1085,0
164,2, 1096,3
147,3, 1099,7
156,0, 1143,5
202,4, 1197,7
253,6, 1150,9
265,7, 1165,2
393,1, 1123,6
476,6, 1066,7
440,8, 1078,8
924,3, 1037,8
917,2, 1052,1
923,9, 1063,1
1005,9, 1067,3
976,1, 1067,3
1024,6, 1065,8
986,3, 1035,8
984,0, 1027,8
943,5, 1012,9
889,1, 981,6
910,7, 913,1
920,6, 863,3
927,8, 828,6
943,1, 791,3
965,1, 719,7
965,0, 715,1
962,6, 710,7
932,1, 674,8
936,0, 680,4
905,8, 664,0
912,5, 666,8
925,2, 677,7
941,8, 692,2
948,5, 698,2
981,4, 718,9
985,6, 717,7
984,6, 716,5
1373,7, 706,5
1370,4, 707,2
1408,9, 670,3
1380,4, 666,9
1379,4, 668,2
1374,4, 671,4
1370,2, 673,7
1341,5, 672,0
1340,3, 661,5
1340,6, 663,4
1334,8, 658,0
1323,3, 644,7
1319,1, 639,6
1309,1, 652,3
1311,4, 669,6
1300,9, 666,4
1299,8, 666,0
1285,1, 665,4
1222,6, 635,1
1151,6, 609,0
1046,2, 571,2
1044,0, 570,2
1005,6, 563,4
947,8, 550,0
882,6, 567,7
876,7, 569,0
869,9, 567,0
841,9, 552,6
846,2, 567,3
849,6, 574,0
837,0, 570,2
656,5, 599,1
588,4, 630,5
597,8, 636,8
642,1, 661,8
651,0, 688,0
623,5, 710,3
639,8, 721,2
636,5, 726,2
608,4, 718,8
468,3, 625,1
432,0, 598,1
364,3, 553,3
351,0, 546,0
343,6, 543,2
340,5, 538,5
334,0, 535,5
355,7, 547,1
347,2, 550,8
330,9, 550,1
337,0, 574,7
333,5, 589,1
338,3, 585,4
359,2, 596,8
368,6, 604,5
352,4, 633,7
348,2, 629,2
351,1, 621,8
344,5, 619,2
296,3, 616,8
282,5, 618,9
269,6, 618,4
208,6, 612,4
198,3, 609,1
190,7, 585,1
194,1, 585,0
159,8, 577,0
138,4, 579,6
120,6, 575,4
104,1, 579,0
90,8, 576,5
65,5, 574,7
15,7, 605,1
30,4, 655,4
35,9, 659,6
55,5, 666,2
309,6, 831,5
288,0, 820,3
294,7, 825,7
240,6, 796,7
225,5, 787,7
225,5, 786,9
232,9, 733,7
225,6, 718,6
219,6, 733,1
294,0, 711,5
313,3, 711,6
358,9, 711,5
406,5, 705,6
383,3, 705,1
549,9, 694,0
551,4, 696,2
520,0, 685,2
544,3, 673,7
593,1, 668,9
662,4, 676,9
645,4, 672,4
699,4, 665,8
750,4, 663,0
803,2, 655,3
903,4, 633,2
914,4, 610,6
917,6, 611,2
965,3, 638,1
972,7, 653,4
972,9, 671,3
970,9, 664,2
999,8, 610,8
1028,7, 573,6
1028,7, 573,6
1196,2, 549,5
1235,1, 512,3
1241,4, 518,1
1247,0, 515,3
1170,9, 526,6
969,8, 549,5
891,6, 518,8
862,6, 523,3
663,7, 466,6
662,8, 466,2
659,7, 467,1
661,2, 459,9
664,1, 462,2
641,4, 467,3
690,6, 534,4
682,0, 529,6
666,8, 513,5
659,6, 502,1
655,2, 514,3
622,7, 539,7
385,7, 459,5
300,3, 415,4
240,2, 359,4
238,5, 358,5
237,3, 373,8
175,3, 341,2
193,0, 352,4
363,0, 468,4
350,5, 459,4
382,1, 489,6
354,8, 478,9
408,9, 514,1
473,0, 577,8
460,2, 557,2
454,4, 564,9
405,9, 534,2
423,8, 538,2
357,8, 474,3
357,1, 424,9
366,3, 452,6
374,1, 452,6
359,0, 455,8
368,7, 467,1
379,1, 472,8
343,7, 457,0
352,7, 460,6
376,3, 456,6
972,7, 558,3
1067,2, 575,6
1192,4, 583,1
1269,0, 589,4
1395,8, 602,0
1511,8, 586,5
1512,2, 586,5
1508,2, 578,4
1514,9, 555,4
1527,0, 538,5
1529,4, 535,2
1534,9, 506,6
1527,2, 494,7
1489,8, 482,8
1483,7, 486,7
1463,6, 446,4
1464,2, 447,5
1456,5, 443,9
1407,4, 434,6
1324,5, 418,8
1212,1, 383,5
1185,2, 377,7
1004,1, 306,3
787,6, 209,1
701,1, 71,4
611,6, -46,2
578,0, -96,1
568,2, -64,6
341,6, 7,2
-236,8, 25,1
-226,7, 16,4
-213,5, 10,3
-213,7, 10,3
-240,6, -27,3
-270,1, -89,7
-186,8, 47,4
-203,5, 35,7
-224,1, 10,8
-217,5, 14,0
-210,6, 26,4
-198,4, 50,9
-175,8, 67,4
-173,1, 70,9
-154,3, 92,9
-117,1, 137,0
-109,6, 150,7
-101,3, 160,5
-93,5, 173,4
-69,0, 181,2
-44,4, 197,4
-31,2, 199,6
-81,0, 219,5
-109,2, 239,8
-107,2, 253,1
-90,4, 268,8
-94,9, 258,4
-124,4, 275,4
-91,3, 277,9
-121,4, 302,1
216,4, 276,7
216,4, 276,7
226,9, 285,7
283,7, 310,6
258,9, 325,4
260,4, 332,2
282,7, 448,2
292,0, 582,5
296,2, 640,1
300,5, 923,1
289,1, 923,8
218,5, 949,8
139,5, 943,4
107,0, 944,3
109,2, 943,6
79,4, 947,4
5,8, 952,6
35,5, 954,0
145,3, 688,1
128,1, 670,7
121,8, 663,5
139,8, 665,1
145,6, 668,4
163,4, 682,1
157,7, 679,6
184,6, 762,4
184,8, 761,3
254,8, 807,8
247,6, 807,4
291,8, 831,1
433,2, 855,4
461,7, 862,5
460,4, 866,9
509,2, 886,3
508,0, 884,0
510,5, 887,6
382,7, 980,4
369,4, 1253,0
253,1, 1253,3
229,0, 1252,6
116,1, 1226,7
107,4, 1223,0
72,9, 1209,0
57,9, 1203,4
191,7, 1226,5
279,6, 1240,3
283,7, 1240,3
283,9, 1240,3
333,8, 682,0
334,7, 627,4
334,0, 613,9
342,7, 549,9
340,3, 547,9
352,4, 572,4
349,4, 565,5
336,7, 565,5
329,5, 560,2
351,6, 571,3
408,9, 576,6
451,9, 587,9
979,5, 600,1
1046,1, 602,8
1019,7, 611,6
1097,9, 626,1
1099,9, 619,5
1131,9, 608,8
1124,9, 612,0
1106,8, 605,5
1106,9, 604,6
1103,6, 602,5
1096,5, 602,0
1097,0, 595,1
1078,8, 586,6
1088,6, 585,3
1066,4, 564,1
1056,0, 561,1
1114,3, 591,8
1257,7, 762,7
1252,8, 865,5
1217,6, 824,5
1286,7, 863,1
1277,1, 851,8
1272,3, 842,1
1207,6, 769,4
1197,0, 738,9
1181,5, 675,2
1178,5, 659,1
1167,3, 638,0
1150,8, 623,1
1145,3, 619,7
1142,2, 620,7
1118,2, 620,2
1112,4, 607,5
1104,6, 588,7
1033,9, 535,1
879,6, 409,9
636,4, 302,1
533,5, 251,5
226,8, 172,7
273,5, 172,6
-252,9, -12,4
-268,6, -5,0
-252,8, -4,0
-261,8, 6,1
-215,8, 51,1
-20,5, 222,6
42,8, 279,2
-28,0, 220,2
115,3, 357,5
161,8, 360,1
161,8, 365,7
24,9, 379,2
1,6, 386,0
42,4, 423,5
53,2, 439,4
51,1, 436,0
59,9, 459,6
37,7, 439,3
25,8, 440,3
43,4, 461,6
-10,9, 458,7
-28,3, 473,6
-50,7, 470,2
-64,1, 446,0
-29,6, 454,9
-13,8, 463,2
-14,7, 460,9
-5,1, 417,4
-4,5, 415,2
648,3, 474,9
697,6, 491,1
725,6, 503,6
746,9, 513,7
724,7, 515,2
728,0, 487,5
733,9, 471,3
738,3, 464,3
733,0, 429,2
659,8, 350,2
632,5, 332,7
584,4, 319,0
444,9, 280,6
172,7, 201,7
51,9, 175,4
-40,6, 174,2
-149,8, 164,3
-118,1, 226,8
-120,1, 228,8
-117,3, 237,1
-119,0, 238,5
-119,9, 236,8
-121,3, 233,8
-67,0, 361,3
-41,5, 421,0
32,9, 617,7
83,0, 762,0
205,7, 948,0
300,4, 1135,3
327,9, 1145,0
326,5, 1147,6
326,3, 1147,6
207,1, 1149,4
212,7, 1150,6
253,2, 1155,8
205,7, 1127,4
158,7, 1090,2
80,6, 1047,7
59,5, 1042,9
-5,9, 1023,0
-167,2, 971,0
-179,2, 966,6
-189,1, 958,3
-142,3, 962,5
-88,9, 975,5
-92,2, 1001,8
-91,3, 1139,6
-90,0, 1148,4
-90,8, 1205,0
-98,5, 1220,2
-106,3, 1232,8
-182,5, 1205,5
-160,9, 1213,8
-94,7, 1230,8
-95,4, 1225,5
-103,9, 1207,9
-119,0, 1208,0
-125,4, 1206,3
-76,5, 1190,5
-72,6, 1190,0
628,3, 931,9
659,1, 916,0
911,4, 803,4
1008,8, 778,7
1079,8, 756,7
1226,5, 700,9
1231,7, 698,5
1241,3, 687,4
1297,3, 612,3
1307,6, 616,7
1310,2, 603,1
1292,8, 589,3
1293,8, 591,2
1288,1, 591,7
1287,7, 592,2
1284,7, 594,0
1323,9, 648,5
1327,1, 650,0
1321,6, 650,2
1316,6, 644,9
1315,0, 643,9
1307,2, 636,5
1294,0, 620,8
1284,0, 609,4
1271,5, 590,0
1267,0, 580,5
1262,8, 580,7
1261,5, 580,3
1258,9, 569,8
1258,6, 570,0
1247,6, 569,7
1250,0, 570,7
1252,7, 590,6
1252,1, 592,7
1251,1, 588,7
1232,4, 585,2
1192,6, 549,7
1184,5, 535,6
1175,6, 538,0
1176,3, 545,4
1175,8, 553,1
1169,7, 561,4
1154,9, 573,6
1160,4, 573,5
1158,1, 574,4
1150,4, 588,2
1150,2, 592,8
1151,1, 591,6
1151,8, 594,8
1150,6, 594,4
1147,2, 593,2
1142,9, 598,9
1141,7, 596,9
1138,5, 611,6
1136,5, 616,2
1128,7, 623,7
1069,6, 623,5
786,4, 607,7
829,4, 604,4
676,8, 572,1
594,6, 564,6
506,1, 532,5
412,9, 507,1
318,7, 479,9
302,3, 473,2
227,8, 463,6
237,8, 463,1
138,3, 426,8
2,6, 368,5
-200,7, 250,7
-252,0, 227,2
-265,4, 210,6
-302,8, 179,7
-301,6, 157,8
-303,7, 182,7
-190,1, 225,1
-121,8, 258,6
140,2, 509,5
119,1, 502,3
39,7, 448,6
14,1, 431,0
52,3, 462,0
63,7, 469,8
116,7, 519,6
277,2, 642,7
345,4, 693,2
582,5, 817,8
625,5, 842,8
573,5, 815,5
519,3, 809,2
517,8, 803,4
459,8, 778,6
457,5, 777,7
452,1, 778,1
456,6, 780,7
312,8, 744,8
272,0, 728,9
256,2, 729,9
253,6, 730,2
154,1, 705,0
135,8, 709,9
119,1, 716,9
112,0, 712,2
90,4, 714,8
75,8, 717,7
63,0, 723,5
34,6, 722,9
14,3, 723,8
-28,7, 726,5
-65,9, 729,9
-99,8, 730,3
-144,2, 720,1
-152,4, 720,3
-146,7, 723,7
-132,1, 729,4
-129,3, 728,5
-121,4, 732,6
-73,4, 731,6
15,3, 723,5
208,1, 655,9
213,8, 654,8
314,8, 658,1
347,9, 661,2
363,0, 661,2
356,8, 660,8
367,8, 670,0
366,6, 666,7
365,4, 667,4
359,5, 664,5
356,9, 660,8
331,8, 639,1
319,8, 621,8
327,4, 618,8
335,7, 622,4
338,5, 596,2
398,3, 584,9
383,4, 579,4
184,4, 353,2
99,8, 255,5
-72,7, 66,9
-21,9, 122,6
-125,0, 4,3
-97,1, 18,6
-10,1, 72,6
99,0, 182,9
205,0, 284,8
199,0, 275,4
213,0, 280,9
187,6, 261,9
182,1, 261,1
79,5, 190,5
64,5, 180,1
44,6, 167,2
-3,2, 134,1
7,1, 141,1
-1,7, 133,0
-11,9, 124,8
1,3, 109,6
44,3, 36,8
38,2, 53,1
33,7, 68,2
25,4, 83,9
42,1, 123,0
40,8, 132,0
37,7, 141,8
49,3, 161,0
63,0, 170,5
274,7, 210,3
1076,4, 323,0
1325,2, 370,0
1441,4, 388,6
1464,6, 392,6
1530,6, 404,1
1545,6, 382,0
1544,9, 379,7
1538,4, 366,7
1535,9, 361,0
1534,0, 348,1
1529,4, 321,9
1570,0, 285,0
1492,1, 317,9
1473,1, 386,8
1464,7, 417,5
1453,8, 446,8
1414,0, 518,0
1408,5, 527,1
1390,1, 557,5
1382,1, 579,3
1363,9, 537,0
1379,8, 553,1
1329,9, 510,3
1335,7, 506,6
1327,9, 521,5
1327,6, 546,9
1335,6, 545,3
1334,3, 544,9
1329,5, 547,1
1329,9, 542,3
1329,9, 541,0
1309,9, 526,8
1303,6, 532,3
1301,3, 532,8
1299,1, 536,8
1296,3, 540,5
1295,0, 544,6
1294,2, 551,8
1289,1, 549,5
1280,9, 554,2
1279,7, 552,6
1264,6, 552,0
1250,2, 552,4
1117,9, 513,6
1017,5, 490,5
861,5, 487,0
819,2, 486,6
820,9, 486,8
822,3, 491,2
836,9, 520,5
848,2, 527,3
849,1, 539,5
858,2, 552,3
855,6, 549,5
792,0, 521,7
768,8, 514,2
534,8, 433,4
392,0, 382,8
323,0, 360,3
287,8, 348,0
324,9, 357,9
281,7, 351,9
210,3, 341,5
193,8, 350,5
288,3, 408,8
290,7, 416,7
252,1, 413,0
228,2, 410,7
223,9, 400,7
211,8, 374,4
134,9, 274,8
43,3, 174,9
-2,7, 161,7
5,4, 109,8
16,6, 123,3
136,1, 206,0
118,4, 205,7
143,2, 214,3
170,9, 224,4
178,5, 229,4
197,3, 243,1
200,6, 244,0
199,0, 244,1
183,6, 237,8
179,7, 236,0
179,5, 229,7
180,4, 230,0
185,9, 235,3
186,4, 236,6
204,4, 256,4
208,8, 281,9
211,4, 297,4
222,6, 298,3
230,8, 291,6
249,1, 308,7
257,8, 299,6
271,0, 309,3
275,8, 320,9
264,4, 308,3
288,6, 323,6
289,9, 323,7
280,2, 322,9
254,6, 306,6
240,3, 299,1
179,8, 272,7
163,3, 266,5
154,6, 275,5
131,2, 296,9
128,1, 299,9
120,7, 307,2
97,2, 339,0
101,8, 336,4
129,5, 328,4
130,7, 326,6
131,4, 326,5
126,8, 326,6
90,4, 306,0
49,5, 291,5
35,7, 288,0
19,0, 283,8
8,9, 286,2
-9,0, 378,0
-1,7, 382,4
2,4, 384,0
95,7, 415,9
95,7, 415,9
89,0, 389,3
69,4, 401,3
69,9, 401,6
60,2, 396,7
55,2, 393,9
45,7, 388,2
44,8, 387,6
43,5, 386,9
50,8, 373,4
40,9, 367,0
25,1, 369,6
7,1, 364,1
6,0, 363,9
4,7, 363,6
30,4, 367,3
338,2, 432,3
357,5, 436,7
382,7, 445,0
425,8, 468,4
443,8, 475,8
470,2, 485,3
496,3, 495,9
485,0, 492,0
472,8, 496,1
453,7, 503,8
453,6, 513,7
451,7, 510,3
447,9, 504,6
443,3, 495,7
444,8, 488,9
488,0, 486,1
1417,0, 655,7
1546,5, 653,4
1850,5, 660,8
2037,8, 645,5
2235,1, 638,2
2320,5, 625,1
2426,2, 613,7
2448,7, 615,5
2472,2, 621,2
2523,8, 607,9
2518,2, 614,5
2569,9, 615,6
2561,7, 603,8
2775,4, 597,0
2833,4, 597,6
2913,7, 604,5
2922,4, 601,2
2953,9, 594,8
2962,3, 589,1
3005,4, 583,0
3083,5, 581,9
3045,9, 582,4
3149,3, 619,1
3228,7, 722,0
3218,3, 715,5
3239,2, 742,2
3220,8, 736,6
3228,7, 752,3
3224,5, 769,1
3194,5, 790,4
3192,2, 795,6
3138,0, 850,8
3123,2, 852,9
3067,4, 885,9
3046,1, 896,6
2976,6, 936,5
2931,5, 945,2
2931,4, 945,8
2782,7, 948,6
2291,8, 965,1
2173,5, 967,5
1839,1, 949,6
1715,1, 946,5
1646,5, 942,4
1502,4, 943,6
1483,4, 948,3
1445,2, 953,2
1397,5, 959,8
1391,4, 959,5
1378,6, 968,3
1377,4, 978,0
1386,5, 973,4
1258,8, 960,9
1095,9, 938,5
816,4, 900,6
920,5, 916,4
873,8, 912,5
857,0, 921,2
856,4, 938,4
895,5, 972,1
905,1, 982,7
896,6, 982,2
875,4, 976,7
653,0, 837,6
623,4, 820,3
578,6, 794,9
593,9, 802,4
505,7, 751,8
487,7, 740,3
494,0, 744,4
494,0, 761,5
528,1, 795,3
529,2, 794,6
540,4, 809,4
559,6, 822,7
560,5, 823,5
570,9, 831,8
575,4, 835,0
568,3, 831,9
530,0, 816,4
529,3, 816,0
533,5, 814,0
534,2, 813,7
531,6, 815,0
526,1, 820,2
479,2, 829,9
467,0, 829,7
453,4, 822,0
438,4, 817,0
440,9, 817,8
448,2, 820,9
446,3, 822,4
415,4, 833,5
409,4, 837,9
391,9, 842,5
361,8, 839,7
361,3, 826,7
363,5, 833,2
275,8, 833,0
223,4, 838,2
183,7, 843,1
154,6, 851,6
138,8, 893,9
126,5, 910,8
135,9, 912,6
164,7, 923,6
206,8, 938,7
244,9, 948,5
301,5, 975,8
388,4, 991,3
345,3, 992,0
302,7, 968,5
268,3, 965,9
257,7, 959,0
193,3, 946,6
176,0, 941,8
133,2, 928,2
119,4, 922,6
102,1, 902,2
76,9, 909,3
73,7, 900,7
98,4, 892,3
238,3, 887,6
269,6, 894,7
300,0, 913,0
324,4, 928,0
373,3, 927,2
384,9, 927,8
352,1, 921,9
377,5, 926,5
210,1, 913,7
146,2, 921,6
144,3, 924,8
198,8, 923,8
165,4, 924,9
173,3, 920,6
177,0, 898,0
192,6, 884,8
173,0, 885,1
172,1, 884,2
164,8, 886,5
156,2, 899,1
203,3, 923,0
228,4, 928,2
237,5, 930,7
260,1, 927,3
279,0, 907,2
191,3, 815,9
138,1, 757,4
119,2, 720,7
123,7, 670,3
104,5, 586,7
98,2, 478,0
98,4, 474,3
109,7, 475,3
109,3, 453,6
116,7, 459,1
81,6, 350,5
74,7, 325,3
57,3, 237,4
56,4, 215,6
63,6, 262,4
64,6, 204,8
65,7, 206,3
92,6, 239,1
104,1, 233,9
121,0, 192,6
96,0, 174,9
145,3, 190,0
238,8, 212,7
690,0, 349,7
1012,6, 444,8
1353,3, 511,6
1405,7, 519,1
1433,7, 526,2
1436,9, 517,5
1606,1, 521,3
1621,4, 505,3
1719,3, 195,9
1733,7, 176,7
1752,2, 157,8
1790,5, 154,5
1870,6, 138,1
1913,5, 70,4
1931,3, 67,4
1996,0, 41,5
1991,4, 46,2
2024,0, 65,6
2028,7, 90,2
2033,0, 101,7
2077,8, 167,2
2061,4, 161,7
2058,2, 204,7
1982,6, 206,3
1944,9, 209,0
1836,3, 202,6
1761,5, 206,2
1672,0, 200,5
1583,6, 191,7
1516,6, 189,6
1508,1, 178,9
1492,0, 179,7
1496,9, 172,0
1514,1, 188,4
1516,6, 192,6
1543,0, 173,3
1532,0, 185,0
1536,4, 268,5
1540,0, 250,2
1536,8, 237,7
1533,6, 241,4
1529,4, 247,1
1538,8, 253,8
1540,8, 264,8
1540,5, 259,1
1545,1, 291,8
1468,4, 348,0
1458,7, 349,8
1407,5, 374,9
1400,4, 380,3
1399,5, 387,6
1396,6, 392,0
1393,0, 404,4
1389,6, 401,3
1389,8, 404,4
1404,3, 379,7
1460,9, 371,2
1517,1, 364,5
2202,9, 267,3
2429,1, 227,2
2811,8, 166,1
2852,6, 159,2
3122,4, 113,9
3163,1, 99,3
3109,4, 130,1
3069,6, 141,5
3073,8, 142,7
3011,7, 179,0
2991,2, 188,2
2929,8, 191,3
2882,2, 207,8
2872,1, 203,8
2709,6, 181,3
2529,9, 132,3
2427,7, 118,7
2341,8, 113,9
2337,1, 106,3
1964,1, 61,8
1965,9, 61,7
511,3, -57,1
401,9, -81,3
337,9, -89,7
336,6, -83,5
311,7, -92,4
191,4, -117,2
45,6, -149,3
23,1, -158,1
-183,4, -189,8
-161,3, -188,8
-89,3, -174,7
-213,2, -190,0
-214,6, -189,9
-212,5, -189,7
-238,1, -188,4
-239,5, -187,3
-253,9, -172,7
-68,0, 39,3
-89,7, 119,3
-75,3, 128,9
-66,9, 134,5
-68,9, 141,5
-66,3, 131,0
-45,3, 147,8
-64,0, 166,9
-76,6, 185,3
-75,8, 198,2
-69,4, 198,7
-50,8, 187,9
-53,0, 187,4
-28,3, 188,3
-28,7, 190,1
-52,7, 174,9
-65,2, 171,1
-96,1, 141,9
-82,7, 147,3
-84,5, 140,7
-58,6, 176,7
-62,4, 183,8
-61,0, 191,0
-57,2, 207,3
-62,5, 202,3
-64,9, 203,2
-66,8, 203,4
161,7, 238,2
308,1, 232,8
337,1, 256,7
349,5, 266,9
414,9, 309,1
581,7, 356,0
771,2, 411,3
775,0, 412,0
828,1, 428,0
988,8, 483,9
1028,6, 506,0
1062,4, 519,7
1070,3, 521,6
1085,7, 525,1
1115,7, 539,1
1152,0, 545,7
1166,6, 550,4
1172,8, 557,0
1180,5, 561,8
1188,7, 577,2
1218,2, 591,1
1229,0, 593,8
1310,0, 628,6
1412,6, 671,9
1416,2, 672,2
1408,9, 658,9
1433,7, 624,7
1438,9, 630,9
1443,2, 633,8
1469,1, 644,3
1483,3, 649,9
1476,5, 660,0
1398,4, 672,2
1401,7, 654,0
1322,8, 638,8
1135,0, 626,5
1006,6, 614,6
881,3, 613,3
889,1, 680,5
927,9, 759,4
909,7, 775,5
910,1, 782,2
896,8, 787,1
892,8, 784,8
934,6, 804,4
955,1, 811,6
960,9, 811,1
995,5, 819,5
921,5, 774,9
924,8, 774,0
921,4, 772,1
899,8, 755,0
896,9, 754,7
836,7, 699,3
833,8, 700,0
828,1, 699,5
831,5, 697,8
891,7, 711,8
1275,5, 799,0
1243,6, 788,4
2074,8, 823,9
2089,2, 816,3
2183,2, 831,0
2411,3, 840,2
2454,0, 841,1
2496,1, 849,4
2482,6, 894,8
2494,8, 905,5
2509,3, 912,5
2526,3, 919,2
2606,0, 942,0
2672,3, 948,7
3072,3, 965,3
3241,6, 971,6
3286,1, 975,2
3285,8, 977,4
3283,9, 978,9
3313,2, 986,2
3371,7, 967,2
3178,9, 998,6
3224,6, 991,3
3153,6, 1001,6
3142,6, 1012,2
3139,8, 1017,6
2004,4, 1005,2
1898,8, 1004,9
1758,9, 1011,3
1569,0, 986,7
1368,9, 1000,0
1329,2, 1029,2
1319,4, 1079,4
1299,2, 1094,7
1312,7, 1135,2
1335,0, 1168,4
1358,8, 1185,2
1327,0, 1162,9
1321,7, 1161,8
1310,7, 1162,1
1279,5, 1126,1
1252,2, 1090,4
1240,8, 1079,6
1207,3, 1057,8
1193,3, 1050,2
1188,5, 1047,5
1175,9, 1120,5
1173,3, 1115,1
768,0, 1068,8
699,2, 1084,1
509,6, 1097,3
526,5, 1095,1
643,3, 1081,6
547,0, 1094,4
512,6, 1095,2
468,3, 1097,2
477,5, 1092,3
459,2, 1098,8
456,4, 1100,9
469,3, 1110,3
482,5, 1113,5
497,7, 1120,8
506,9, 1124,1
507,4, 1121,0
495,7, 1118,4
488,2, 1117,4
454,5, 1109,4
453,3, 1113,5
429,9, 1117,5
391,2, 1135,7
298,8, 1148,7
165,9, 1161,0
139,2, 1162,3
77,7, 1160,8
4,6, 1163,1
-32,9, 1174,7
-23,3, 1181,4
-25,7, 1178,4
-37,5, 1176,0
-37,8, 1174,1
-34,9, 1170,3
-33,4, 1169,8
-14,7, 1172,4
-6,4, 1176,8
-7,5, 1176,5
-0,5, 1175,5
46,8, 1172,2
75,3, 1167,9
69,3, 1176,2
5,8, 1171,5
5,3, 1171,6
17,2, 1168,4
43,7, 1174,4
41,5, 1174,3
32,9, 1180,0
28,3, 1190,4
21,4, 1200,5
22,4, 1207,3
22,8, 1205,4
28,8, 1201,9
28,8, 1200,8
39,2, 1195,9
45,3, 1198,9
53,5, 1198,9
78,3, 1199,7
93,0, 1220,0
92,5, 1220,3
82,5, 1228,8
9,6, 1224,1
26,1, 1224,3
1,6, 1224,7
-11,3, 1223,9
30,9, 1221,8
54,0, 1222,0
93,4, 1231,5
100,7, 1244,1
117,6, 1273,2
106,9, 1276,0
93,1, 1277,6
62,1, 1278,5
-21,7, 1273,0
-40,4, 1271,6
-16,1, 1272,4
-11,1, 1276,1
64,2, 1283,6
286,9, 1286,4
302,4, 1286,9
374,2, 1287,2
380,8, 1285,9
446,9, 1278,0
461,6, 1283,4
499,9, 1292,2
512,9, 1296,2
518,5, 1297,4
642,4, 1300,5
636,7, 1300,0
754,3, 1298,3
896,0, 1299,1
956,2, 1293,0
1078,6, 1276,4
1113,5, 1279,4
1120,5, 1293,7
1165,8, 1287,6
1144,2, 1251,6
1192,2, 1267,7
1208,4, 1282,8
1224,8, 1275,0
1266,4, 1315,6
1278,8, 1294,5
1267,1, 1223,2
1349,6, 1258,6
1349,9, 1256,4
1179,6, 1098,2
1148,3, 1065,6
1094,7, 1012,0
936,9, 871,2
943,9, 877,0
956,3, 891,4
986,6, 910,7
1001,0, 915,6
1031,1, 921,7
1031,8, 921,9
1019,9, 919,1
1022,1, 911,1
1018,5, 902,6
1018,1, 902,2
1018,2, 898,6
1004,1, 869,1
1003,7, 867,7
1005,6, 872,4
1028,9, 869,9
1320,4, 891,9
1345,0, 895,1
2131,5, 921,7
2132,0, 925,8
2317,8, 933,8
2438,4, 938,0
2444,3, 938,0
2566,3, 947,6
2588,1, 961,7
2586,7, 964,1
2579,6, 973,7
2570,1, 982,4
2553,2, 1000,4
2563,4, 1016,3
2552,7, 1005,5
2563,8, 1012,7
2629,5, 1007,5
2623,9, 1008,5
2622,8, 1010,1
2698,9, 990,5
3275,9, 880,9
3308,3, 871,4
3353,1, 856,3
3370,8, 855,7
3390,3, 842,8
3395,8, 840,5
3398,4, 843,4
3348,3, 823,8
3341,5, 826,3
3347,3, 833,1
3312,1, 840,6
3307,7, 852,5
3295,1, 853,7
3268,8, 864,6
3159,7, 802,2
3055,0, 799,1
2674,8, 771,2
2286,4, 696,7
1897,0, 631,3
1216,6, 494,3
1207,6, 490,9
1203,4, 486,4
1189,3, 484,5
1189,3, 485,1
1185,7, 492,8
1176,2, 499,2
1171,2, 503,2
1172,0, 513,5
1167,8, 529,3
1163,9, 519,7
1173,1, 523,9
1059,3, 461,2
905,0, 393,0
633,4, 289,3
528,5, 244,7
525,0, 236,0
466,8, 214,0
393,1, 178,2
382,2, 175,8
61,6, 44,2
71,7, 51,1
-35,3, 12,4
-64,4, -17,1
44,7, 85,6
43,1, 83,2
51,2, 113,2
133,2, 195,9
145,7, 212,4
181,4, 254,9
203,4, 276,0
221,4, 296,6
224,9, 300,5
225,2, 301,6
228,9, 303,2
238,7, 316,2
132,1, 268,9
129,4, 269,8
127,8, 270,5
33,0, 223,2
22,8, 215,9
31,9, 217,4
7,2, 201,8
4,0, 198,3
-6,4, 191,7
-9,2, 197,7
-5,7, 206,8
5,3, 227,5
19,4, 237,7
59,9, 269,8
75,1, 279,8
87,6, 286,7
91,8, 289,0
102,0, 296,1
104,5, 286,5
72,1, 226,5
111,0, 273,1
187,1, 396,9
240,2, 489,5
261,3, 552,4
285,1, 601,7
301,4, 626,4
387,5, 777,5
356,8, 763,9
352,4, 760,1
344,2, 753,0
304,2, 726,6
201,8, 653,9
198,3, 651,4
202,9, 654,3
197,3, 652,8
144,9, 624,3
145,9, 630,3
153,2, 638,3
162,1, 649,8
168,7, 653,5
162,6, 652,9
144,7, 653,0
142,1, 642,5
147,1, 636,3
140,8, 630,5
132,8, 625,6
134,1, 625,6
139,8, 624,1
140,4, 623,4
136,4, 622,1
103,5, 616,9
98,3, 618,1
102,6, 614,8
109,6, 617,4
121,8, 648,2
133,0, 648,3
142,9, 646,2
144,6, 666,6
148,1, 680,5
140,7, 686,7
140,3, 686,1
135,4, 690,5
127,4, 697,8
121,2, 700,8
124,1, 698,5
124,3, 695,7
126,6, 694,2
145,8, 688,0
183,4, 673,2
185,9, 669,8
194,6, 674,2
208,6, 678,3
252,7, 717,0
259,5, 721,6
277,0, 741,2
313,9, 756,1
232,2, 783,3
244,6, 775,9
249,1, 766,8
208,2, 756,3
203,9, 745,9
272,9, 702,6
343,8, 646,6
666,4, 774,2
839,1, 854,1
927,3, 962,5
917,4, 975,2
1120,0, 1043,7
1077,0, 1073,9
1092,2, 1096,7
1070,9, 1083,3
1070,7, 1085,7
1055,0, 1065,4
1051,7, 1060,9
1046,4, 1063,1
968,2, 1022,1
899,2, 1019,6
893,9, 1023,1
894,4, 1023,3
1069,3, 1080,4
908,5, 1165,0
2036,3, 1187,0
1867,5, 1140,2
1875,3, 1142,6
1898,0, 1136,9
1909,6, 1134,6
1909,3, 1134,2
1895,2, 1126,2
1677,2, 1027,2
1672,6, 989,0
1858,4, 1072,4
1880,7, 1037,5
1918,6, 953,1
1951,8, 886,2
1992,1, 832,0
2053,5, 679,5
2028,2, 658,3
1922,6, 672,1
1749,9, 715,2
1657,7, 720,4
1571,1, 707,2
1491,8, 690,0
1265,5, 674,7
1233,5, 669,3
1218,4, 674,5
1229,4, 635,9
1224,9, 637,1
1248,1, 640,9
1246,2, 647,5
1238,0, 634,3
1243,8, 619,1
1256,1, 607,9
1267,9, 645,0
1260,0, 649,8
1261,8, 671,8
1254,2, 647,3
1238,6, 689,6
1208,3, 670,9
1226,3, 678,1
1222,2, 684,5
1217,9, 684,5
1751,7, 737,1
1737,9, 730,3
1705,7, 753,4
1705,9, 753,3
1234,2, 732,7
1268,6, 741,2
1177,7, 751,5
346,1, 780,3
299,1, 788,6
212,5, 808,1
210,3, 807,4
325,3, 853,9
316,2, 850,2
294,8, 842,5
291,5, 838,3
313,4, 840,6
314,1, 839,1
310,5, 839,2
294,3, 856,9
300,7, 855,5
303,0, 854,3
303,4, 856,9
361,0, 875,6
368,3, 876,1
342,4, 850,9
309,8, 828,7
306,1, 809,8
293,3, 798,6
226,7, 729,7
84,9, 634,6
100,3, 650,3
98,8, 662,3
107,7, 670,9
159,4, 699,0
232,3, 733,2
248,8, 740,6
270,7, 749,7
303,7, 769,3
309,1, 787,1
327,6, 791,9
343,4, 794,2
390,8, 796,8
423,5, 798,0
411,4, 793,8
283,1, 758,6
246,9, 745,3
218,5, 724,2
201,7, 725,2
212,6, 722,6
254,3, 723,8
267,0, 720,8
271,2, 724,6
257,6, 723,3
219,5, 747,7
217,6, 792,0
165,2, 822,7
144,7, 830,0
99,7, 829,6
108,5, 830,7
88,3, 838,1
83,1, 841,1
88,4, 842,4
100,9, 841,0
120,1, 832,2
154,1, 825,3
206,6, 812,3
290,3, 763,9
285,7, 739,0
275,4, 703,7
268,1, 699,3
269,2, 706,2
271,6, 707,7
280,1, 713,1
398,4, 711,5
744,7, 703,5
794,1, 701,7
804,8, 694,5
855,4, 672,0
876,3, 663,3
888,8, 657,7
888,8, 657,4
1045,2, 647,1
1132,1, 617,1
1097,8, 652,6
1109,4, 648,6
1200,4, 573,7
1236,7, 542,4
1303,0, 484,1
1287,8, 426,9
1022,3, 386,0
894,0, 377,9
844,0, 339,4
870,2, 352,0
861,2, 317,4
865,8, 320,1
905,0, 333,7
955,4, 371,8
980,9, 429,1
985,2, 445,6
983,6, 436,3
973,2, 564,5
1006,2, 551,7
826,7, 632,4
666,0, 687,1
693,2, 680,2
616,5, 713,4
602,5, 723,4
571,0, 753,1
564,4, 750,5
554,3, 750,8
565,6, 749,9
558,6, 751,3
559,9, 733,6
634,4, 778,6
602,2, 763,6
592,4, 781,6
548,9, 751,0
536,8, 746,9
476,2, 717,5
449,7, 703,9
436,6, 693,5
426,5, 679,6
413,6, 669,2
411,6, 663,9
397,3, 664,7
490,1, 667,4
712,2, 724,1
1013,5, 824,4
1064,8, 831,0
1145,8, 845,0
1170,5, 847,0
1189,2, 826,4
1187,1, 808,4
1195,7, 817,4
1162,1, 762,2
1148,0, 744,4
1155,6, 741,3
1137,1, 713,6
1135,1, 713,7
1134,5, 718,7
1068,9, 733,3
1082,1, 731,7
1075,5, 699,5
1036,8, 591,1
1022,2, 511,3
1022,6, 504,9
1028,4, 498,5
1027,5, 490,5
1024,3, 476,1
1024,2, 490,0
1018,1, 494,4
1007,5, 479,7
993,8, 474,8
981,9, 471,1
971,7, 467,2
971,5, 465,3
974,7, 467,3
947,8, 455,5
563,5, 326,8
413,0, 246,4
424,2, 259,8
422,1, 271,9
453,2, 303,4
391,5, 298,9
354,9, 307,8
323,5, 301,6
322,3, 301,2
228,5, 269,7
199,8, 256,1
139,1, 222,2
17,3, 156,2
-18,2, 137,0
-33,4, 138,1
-29,4, 139,0
-35,1, 143,6
-1,8, 233,8
-21,7, 170,6
-17,4, 183,6
47,1, 265,5
70,4, 291,2
78,2, 299,7
91,7, 319,0
97,4, 310,4
98,3, 311,2
106,1, 300,3
109,9, 298,0
117,2, 305,1
125,2, 331,0
132,0, 330,3
119,3, 285,8
124,1, 303,9
120,9, 292,1
135,7, 254,5
137,4, 243,2
114,6, 218,2
116,2, 218,6
114,0, 218,5
109,4, 229,1
121,2, 230,6
128,1, 257,4
101,3, 274,9
80,1, 272,9
67,1, 239,6
69,9, 245,0
71,7, 244,0
53,9, 240,3
53,7, 241,4
65,3, 207,2
64,9, 205,7
64,2, 204,3
63,5, 204,6
47,3, 245,6
36,2, 264,7
17,1, 291,5
13,7, 294,8
7,8, 298,7
4,0, 300,0
-4,2, 301,5
-2,7, 301,1
-10,3, 319,2
-2,7, 329,2
22,4, 313,2
17,1, 310,0
20,9, 301,0
-0,9, 319,7
-29,3, 337,6
-42,0, 344,3
-33,9, 361,7
-35,3, 364,9
-48,7, 365,9
-47,1, 370,6
-45,8, 386,1
-44,6, 389,3
-43,9, 385,5
-18,8, 380,5
19,0, 369,2
75,5, 366,6
86,2, 358,0
137,8, 275,6
169,2, 183,4
160,3, 226,3
164,9, 213,6
174,2, 192,7
219,7, 171,4
219,8, 173,3
318,4, 193,9
417,8, 226,8
507,2, 252,7
548,8, 262,2
676,9, 316,7
729,1, 336,1
746,0, 337,8
763,0, 324,4
796,7, 304,5
866,1, 310,9
956,0, 312,2
976,9, 308,1
1001,2, 289,6
1064,2, 269,9
1094,6, 284,0
1133,5, 308,7
1148,3, 310,9
1164,8, 309,6
1170,9, 323,7
1163,6, 314,9
1094,8, 314,5
996,7, 330,8
997,8, 331,5
760,2, 349,5
849,5, 358,1
841,9, 354,0
841,5, 351,3
860,4, 367,3
830,2, 377,8
789,6, 401,2
739,2, 510,9
694,6, 595,4
675,3, 699,8
672,2, 776,9
688,9, 798,9
695,7, 810,0
698,7, 812,3
740,7, 853,9
740,4, 853,5
744,9, 852,6
746,5, 852,1
642,0, 855,1
389,3, 854,4
-52,4, 814,5
-151,9, 793,0
-198,3, 788,3
-176,7, 795,7
-150,0, 821,1
-162,8, 820,0
-160,8, 820,1
-133,1, 822,6
-108,0, 842,0
-94,2, 852,5
-83,0, 858,3
-38,1, 901,8
-26,8, 873,6
-17,5, 869,9
99,8, 925,2
105,9, 916,6
109,9, 919,7
96,1, 904,0
102,8, 910,6
300,8, 896,6
1025,0, 839,0
1010,4, 834,2
1031,6, 834,9
1048,4, 833,0
1072,8, 832,8
1159,0, 875,7
1150,4, 866,6
1119,3, 859,5
1088,3, 850,2
919,0, 875,5
785,8, 977,0
637,2, 1045,4
561,5, 990,4
497,5, 1040,7
383,5, 996,8
351,4, 983,1
310,6, 972,2
305,2, 950,6
299,2, 942,5
772,3, 869,9
795,6, 882,8
1438,4, 889,6
1447,3, 904,0
1434,9, 894,2
1419,1, 885,4
1427,7, 893,6
1386,5, 873,6
1361,0, 870,9
1311,8, 876,7
1263,6, 864,3
1258,3, 862,0
1225,3, 833,6
1224,6, 825,3
1266,3, 786,6
1326,5, 799,9
1495,9, 855,3
1520,0, 843,0
1485,1, 877,6
1465,2, 888,1
1402,1, 888,3
1385,1, 884,0
1370,5, 879,9
1255,8, 895,9
1186,9, 914,2
1194,1, 904,9
1194,8, 866,0
1142,7, 873,1
985,4, 846,5
940,0, 832,9
851,8, 804,4
787,0, 800,3
773,5, 799,2
762,1, 802,7
744,2, 805,2
711,1, 810,9
645,9, 817,9
627,9, 815,5
636,8, 820,4
630,6, 834,4
599,6, 835,7
334,8, 810,8
271,1, 818,3
251,9, 819,2
144,8, 823,0
135,1, 822,9
142,6, 829,6
89,4, 841,8
40,8, 853,2
1,9, 854,1
5,0, 852,5
-3,9, 855,7
-75,2, 847,7
-104,1, 845,6
-79,5, 869,6
-100,0, 875,6
-102,2, 874,2
-63,0, 912,6
-66,4, 920,0
-92,5, 927,7
-94,8, 927,8
-112,5, 929,0
-131,5, 930,5
-145,5, 930,7
-152,0, 934,5
-102,7, 956,5
-116,9, 953,0
-49,2, 976,1
3,6, 985,3
64,9, 952,0
120,9, 927,4
143,3, 924,8
162,2, 925,2
310,7, 930,7
390,1, 934,7
386,2, 929,4
400,2, 912,4
401,2, 912,1
415,1, 906,8
421,6, 898,3
425,8, 893,3
427,3, 891,1
427,4, 887,3
433,3, 885,9
454,0, 883,9
455,5, 886,2
465,1, 890,7
502,4, 913,2
487,3, 901,7
477,5, 898,0
399,9, 829,7
359,5, 796,4
383,0, 797,1
359,9, 785,5
408,1, 820,9
470,6, 862,1
477,1, 813,9
479,3, 815,2
487,7, 805,3
494,1, 812,2
516,5, 803,8
577,1, 778,7
579,7, 794,3
582,7, 788,3
585,2, 792,0
586,7, 790,7
593,6, 786,6
594,6, 785,9
600,0, 786,0
615,1, 780,7
630,0, 775,3
637,2, 782,4
684,1, 804,4
685,1, 804,6
684,6, 795,5
684,1, 792,7
752,3, 818,4
743,4, 845,5
726,2, 838,6
582,4, 823,6
460,3, 801,9
444,2, 808,5
413,7, 807,1
311,7, 802,5
140,4, 794,8
147,2, 799,4
143,9, 792,3
145,2, 777,5
149,9, 780,6
159,7, 780,8
174,0, 790,3
207,1, 803,0
195,4, 798,9
187,0, 794,8
176,1, 787,0
414,2, 814,9
393,3, 809,0
653,3, 747,0
1208,3, 746,1
1506,6, 670,6
1387,8, 683,0
1499,7, 674,0
1587,7, 671,2
1686,9, 645,8
1695,6, 647,6
1708,1, 626,0
1708,1, 629,0
1709,7, 626,7
1699,7, 635,5
1700,2, 641,3
1700,8, 639,7
1701,6, 644,0
1708,0, 635,4
1701,8, 615,4
1706,6, 615,9
1706,8, 615,1
1703,4, 616,6
1711,5, 616,5
1709,7, 611,5
1742,4, 572,3
1728,0, 578,9
1927,1, 529,7
1972,8, 522,0
2055,5, 505,3
2048,7, 546,0
2045,4, 533,3
2039,4, 500,8
2028,1, 519,8
2008,4, 519,3
2006,7, 519,7
1974,7, 515,9
1978,4, 513,5
1967,8, 509,8
1945,7, 512,5
1927,2, 525,3
1925,7, 522,1
1962,0, 517,2
2037,9, 503,4
2289,7, 457,5
2270,8, 461,8
2292,3, 456,6
2391,7, 439,7
2361,2, 455,8
2358,6, 457,4
2278,4, 514,6
2254,0, 526,7
2223,2, 538,5
2194,6, 533,4
2142,2, 545,6
2075,9, 532,6
2052,2, 529,2
2046,4, 532,6
1998,1, 547,8
1936,4, 532,6
1895,8, 547,1
1883,0, 539,1
1878,4, 539,3
1822,0, 522,5
1826,5, 527,6
1789,2, 514,7
1609,3, 486,6
1533,4, 471,9
1511,4, 479,5
1491,7, 474,6
1393,4, 468,3
1355,1, 462,8
1305,3, 465,1
1301,1, 464,9
1273,5, 459,8
1244,5, 462,7
1263,2, 464,6
1134,9, 474,1
1110,7, 473,0
962,9, 450,0
639,6, 396,8
601,1, 389,8
590,0, 387,5
401,4, 350,4
395,2, 350,8
305,0, 350,1
288,2, 354,2
268,5, 345,4
63,7, 342,2
-16,1, 344,9
-26,9, 353,1
-60,0, 347,5
-67,0, 351,1
-68,5, 355,8
-76,4, 366,3
-86,0, 372,5
-69,3, 377,6
-54,2, 389,8
-53,1, 394,0
-51,8, 398,2
-62,9, 396,3
-69,0, 399,2
-62,3, 409,0
-53,0, 452,0
45,1, 474,6
22,2, 473,0
56,3, 480,8
56,0, 509,8
79,7, 509,7
123,5, 555,8
129,8, 558,9
129,1, 553,5
129,1, 553,6
126,0, 541,3
127,8, 543,0
126,2, 542,9
151,6, 543,1
195,3, 543,1
222,1, 543,1
223,5, 542,3
226,3, 535,4
233,2, 534,4
175,5, 529,0
191,9, 518,0
221,7, 498,8
238,7, 489,5
261,3, 472,6
284,5, 458,8
291,8, 450,4
295,4, 447,6
292,8, 447,0
292,0, 446,0
257,6, 418,8
244,8, 400,8
94,6, 170,5
90,0, 162,9
74,6, 146,8
53,4, 118,8
39,0, 102,8
32,0, 89,8
24,8, 83,5
34,3, 87,3
41,4, 138,4
46,4, 163,1
76,9, 152,6
127,9, 195,3
132,8, 213,0
99,6, 205,8
52,0, 189,1
36,0, 186,2
31,3, 184,9
2,8, 164,7
-0,8, 164,9
-3,2, 164,7
31,1, 162,5
28,1, 159,1
22,3, 165,1
3,9, 164,8
-8,5, 157,8
-12,8, 154,8
-13,0, 153,9
-6,0, 158,6
-1,1, 162,0
5,8, 167,7
10,0, 175,7
14,2, 182,1
17,0, 187,7
29,8, 198,4
34,8, 204,6
56,6, 207,7
87,5, 213,2
193,8, 608,6
238,8, 942,8
361,2, 1030,7
390,1, 1060,2
355,0, 1068,6
414,7, 1092,2
466,3, 1111,2
483,9, 1119,7
314,4, 1071,9
299,0, 1067,5
292,3, 1076,9
245,7, 1147,6
213,6, 1176,0
196,3, 1203,0
190,5, 1210,2
197,4, 1208,1
187,7, 1202,2
164,9, 1191,1
158,2, 1194,5
162,2, 1192,2
157,4, 1194,8
145,3, 1200,9
145,3, 1200,9
145,0, 1201,1
158,3, 1239,5
117,2, 1262,6
117,7, 1284,5
113,5, 1291,5
103,8, 1300,2
138,0, 1348,2
147,1, 1336,6
151,7, 1312,3
491,1, 1169,2
578,4, 1133,3
488,1, 1176,4
953,8, 892,9
994,3, 870,9
1090,5, 824,2
1341,5, 666,5
1332,0, 620,7
1328,0, 610,8
1316,2, 518,7
1312,0, 495,9
1309,3, 480,2
1301,4, 444,8
1300,6, 426,9
1281,1, 432,8
1293,1, 428,9
1284,0, 426,1
1280,0, 427,1
1274,1, 418,2
1274,6, 410,8
1281,6, 428,1
1279,8, 426,1
1233,1, 397,3
1223,5, 381,3
1221,1, 372,3
1190,2, 317,6
1174,2, 234,8
1173,4, 222,8
1158,3, 178,0
1152,9, 176,6
1122,7, 165,5
1118,4, 184,5
1120,5, 186,0
1116,2, 186,1
1116,1, 195,0
1124,8, 191,5
1119,0, 191,4
1024,3, 188,8
1031,7, 185,8
1040,6, 158,6
807,2, 80,2
668,3, 28,6
503,3, -13,8
421,7, -30,8
268,4, -136,0
210,7, -89,0
188,9, -111,7
191,2, -98,2
198,3, -77,6
195,1, -86,6
198,0, -88,4
204,1, -72,6
205,7, -71,7
208,2, -70,5
215,5, -58,7
216,9, -48,2
233,1, -10,1
256,9, 55,5
243,7, 125,3
190,8, 149,9
84,7, 89,1
78,8, 86,9
74,8, 82,2
45,8, 109,9
44,4, 104,1
57,3, 139,2
67,7, 163,9
79,0, 160,6
84,4, 167,9
73,0, 164,6
47,0, 171,8
47,2, 176,6
58,0, 164,3
55,1, 182,9
61,9, 181,1
75,8, 131,4
134,6, 173,4
116,7, 147,7
173,8, 201,0
181,0, 294,0
190,3, 301,4
250,5, 305,2
248,0, 305,1
253,9, 295,0
242,4, 300,8
185,1, 322,5
152,2, 379,6
155,7, 382,5
155,4, 381,7
136,2, 372,6
121,9, 370,5
115,7, 373,7
117,7, 372,2
145,6, 396,7
287,3, 446,6
228,2, 456,1
246,2, 462,7
242,0, 475,3
245,4, 491,7
258,5, 499,1
190,7, 515,3
179,2, 509,7
150,6, 493,2
141,0, 489,5
116,3, 478,6
118,6, 475,3
110,8, 470,0
125,4, 468,4
128,2, 461,4
260,6, 491,2
285,5, 509,0
384,7, 540,7
473,8, 578,2
495,4, 584,4
567,7, 627,8
584,1, 635,5
599,6, 641,5
627,4, 648,3
660,0, 637,6
839,1, 578,6
894,2, 547,2
883,1, 555,1
921,5, 492,3
913,0, 474,4
903,1, 442,5
904,6, 416,3
892,6, 398,5
883,7, 373,2
857,2, 353,2
809,8, 322,1
750,4, 312,1
629,6, 366,2
430,8, 578,7
422,6, 585,2
420,5, 580,8
406,4, 597,4
385,0, 602,1
373,9, 602,7
427,2, 593,6
439,1, 593,0
435,7, 591,7
372,4, 559,0
383,4, 569,8
383,5, 567,9
392,4, 573,2
398,6, 568,7
402,1, 569,8
397,8, 573,3
394,2, 573,0
391,7, 574,4
359,0, 590,8
201,7, 737,1
-274,6, 1085,3
-261,2, 1112,9
-219,6, 1143,7
-211,7, 1148,8
-230,6, 1163,5
-232,6, 1161,2
-252,8, 1135,5
-253,5, 1134,3
-246,4, 1132,7
-198,2, 1129,7
-156,6, 1129,1
-88,8, 1143,9
-90,2, 1144,1
-95,6, 1131,8
-109,9, 1127,7
-219,2, 1116,1
-239,8, 1113,4
-213,7, 1113,1
-161,1, 1137,3
-162,5, 1137,2
-176,8, 1139,3
-177,4, 1137,3
-175,0, 1138,6
-132,9, 1171,1
-131,3, 1170,4
-194,5, 1111,6
-182,7, 1122,3
-180,7, 1125,9
-165,0, 1194,7
-145,0, 1154,5
-148,2, 1155,8
-153,6, 1180,9
-198,0, 1188,8
-219,8, 1176,2
-225,7, 1177,0
-107,4, 1162,9
-47,2, 1162,4
1074,2, 745,1
1454,4, 640,4
1556,0, 612,8
1662,4, 579,3
1667,0, 579,6
1677,6, 580,2
1759,7, 559,2
1756,1, 556,9
1753,2, 550,8
1749,7, 546,8
1745,5, 544,8
1738,1, 538,9
1733,3, 538,0
1727,7, 537,0
1691,4, 536,9
1605,2, 552,1
1198,1, 564,0
1168,5, 565,9
1137,8, 569,6
1085,7, 577,6
980,3, 591,9
968,5, 587,7
965,5, 580,2
975,0, 576,2
961,2, 566,8
1218,4, 502,3
1322,8, 479,6
1491,3, 438,5
1591,1, 414,0
1728,2, 368,6
1722,7, 367,1
1692,8, 383,2
1668,5, 406,9
1653,2, 409,6
1641,5, 413,0
1625,0, 408,3
1605,0, 412,9
1543,1, 411,6
1532,3, 402,6
1507,5, 401,6
1467,6, 383,8
1417,7, 371,2
1389,1, 362,0
1349,7, 352,6
1319,2, 363,1
1292,1, 371,2
1282,7, 366,8
1261,0, 371,6
1194,5, 352,8
1188,1, 353,2
1148,5, 355,8
1118,0, 352,5
1095,8, 352,0
1051,3, 357,7
1030,9, 359,2
989,3, 345,8
968,8, 347,1
951,3, 343,3
891,6, 356,0
854,1, 348,6
823,0, 342,1
805,3, 335,6
764,3, 319,2
672,5, 297,2
645,6, 288,6
549,7, 262,5
563,5, 265,3
460,1, 243,1
379,1, 225,8
83,1, 162,5
-40,4, 139,0
-66,9, 121,4
-83,2, 110,3
-82,2, 128,3
-94,4, 161,7
-98,1, 182,9
-93,6, 232,7
-93,3, 266,2
-99,4, 255,8
-96,7, 262,7
-93,8, 268,7
-70,4, 307,4
-65,7, 322,3
-79,1, 314,8
-50,4, 337,3
-24,0, 352,2
83,4, 447,8
90,5, 446,8
89,2, 442,5
106,2, 450,4
136,4, 440,5
143,2, 461,8
186,9, 494,8
228,0, 493,6
235,0, 495,0
216,0, 502,3
201,8, 449,8
170,3, 435,4
65,9, 387,4
57,4, 383,1
85,2, 382,1
186,5, 371,5
120,7, 377,7
238,1, 410,1
264,6, 402,0
294,7, 396,5
286,8, 387,3
281,1, 357,6
284,2, 348,9
277,6, 311,6
278,3, 318,8
251,3, 282,1
214,9, 241,0
222,2, 252,5
226,6, 268,7
331,5, 416,2
413,1, 512,1
433,5, 517,0
450,2, 546,7
438,6, 532,1
448,5, 635,1
525,1, 769,7
563,7, 794,0
578,2, 760,2
586,4, 684,6
555,0, 571,7
555,0, 537,3
552,2, 553,5
525,8, 510,6
471,6, 421,1
419,3, 381,3
425,4, 384,6
407,6, 367,7
372,7, 333,1
343,2, 311,0
336,1, 305,9
317,5, 298,3
292,2, 296,9
314,8, 334,3
507,9, 639,6
534,6, 680,4
672,3, 899,9
683,0, 926,5
684,8, 930,5
695,0, 957,7
705,2, 962,6
705,3, 964,7
637,7, 901,9
602,7, 843,7
608,2, 841,4
599,2, 826,5
439,3, 882,8
415,6, 886,8
342,0, 973,1
138,6, 1023,9
116,4, 1024,0
66,0, 1081,4
70,8, 1089,1
86,9, 1088,9
105,6, 1076,4
109,2, 1089,8
109,2, 1087,1
105,8, 1088,9
96,4, 1096,2
87,2, 1114,8
74,7, 1117,0
32,8, 1111,3
-5,6, 1122,1
4,8, 1125,9
-180,9, 1325,4
-190,9, 1307,1
-153,5, 1274,2
-111,1, 1233,1
-72,2, 1209,4
-88,5, 1203,9
-184,3, 1173,7
-188,3, 1174,6
-174,3, 1177,6
-11,9, 1178,9
-19,0, 1179,6
1376,0, 997,8
1365,0, 984,7
1364,4, 972,4
1357,4, 951,7
1359,2, 936,0
1377,3, 1008,6
1366,5, 984,1
1388,0, 978,1
1388,1, 1015,1
1367,4, 988,3
1326,6, 1000,4
730,0, 961,5
613,5, 959,8
500,7, 956,1
495,9, 955,1
485,7, 978,1
483,4, 979,0
434,2, 990,6
431,7, 993,0
432,3, 1006,7
479,1, 1005,0
475,8, 1013,0
755,8, 844,3
860,4, 773,8
1008,7, 657,9
988,3, 644,2
976,2, 636,3
949,2, 611,7
970,4, 629,8
988,6, 643,8
976,0, 639,6
961,1, 633,6
959,1, 629,4
946,5, 622,8
954,6, 628,9
874,5, 592,7
504,3, 413,7
365,9, 348,6
280,9, 318,7
272,5, 317,8
260,7, 313,9
123,0, 268,5
118,7, 233,3
113,7, 230,0
97,4, 233,2
89,0, 243,4
47,4, 262,2
-44,3, 262,4
-107,5, 252,2
-171,0, 239,6
-159,5, 251,4
-152,7, 265,7
-158,8, 274,2
-162,1, 278,6
-131,3, 338,2
-124,7, 340,7
-96,0, 345,8
-85,1, 353,2
-88,1, 360,3
-94,0, 363,1
-78,8, 364,2
-65,4, 345,3
-66,8, 352,7
-68,2, 366,8
-68,5, 371,4
-76,3, 373,8
-74,7, 371,7
-83,6, 365,1
-83,6, 367,6
-83,5, 376,4
-82,9, 373,8
-86,9, 373,0
-114,8, 374,9
-138,5, 397,3
-121,8, 411,9
-100,1, 415,1
-86,2, 416,5
436,3, 339,0
442,1, 212,1
363,0, 128,0
47,0, -68,2
39,4, -13,4
34,1, 41,7
38,5, -1,2
34,2, 32,1
39,1, 22,9
51,5, 52,6
33,9, 49,0
5,0, 132,1
7,4, 129,3
-0,8, 145,6
11,3, 135,3
43,5, 133,0
30,1, 121,9
31,4, 121,9
31,8, 118,5
47,8, 137,2
42,7, 132,9
220,5, 678,6
472,1, 1046,3
516,6, 1063,6
503,0, 1074,0
467,6, 1042,0
475,1, 1031,0
796,2, 838,2
879,7, 820,1
877,5, 816,5
938,8, 855,3
939,8, 858,8
949,2, 863,0
1016,0, 869,0
1037,8, 871,7
1180,5, 885,4
1266,7, 890,2
1362,4, 891,6
1345,2, 895,7
1506,1, 907,3
1520,8, 908,4
1539,9, 908,2
1540,8, 907,5
1544,3, 903,1
1553,6, 894,5
1571,1, 877,7
1567,5, 844,5
1524,2, 777,3
1516,0, 763,5
1510,3, 745,4
1503,3, 733,3
1298,0, 770,4
1181,5, 832,7
1127,3, 835,2
1128,4, 844,9
1091,5, 841,4
1060,4, 885,2
1058,7, 942,3
1038,5, 921,6
1024,4, 907,1
903,3, 918,4
533,3, 996,5
417,6, 1026,0
366,4, 1039,7
261,1, 1078,7
240,0, 1092,9
212,6, 1163,2
175,7, 1177,1
101,3, 1186,0
127,9, 1185,8
105,5, 1184,6
113,5, 1194,6
106,2, 1195,3
71,9, 1196,5
49,4, 1197,3
48,9, 1194,2
177,9, 1188,8
189,2, 1163,9
187,4, 1158,9
258,2, 1063,1
268,3, 1059,1
259,5, 1082,2
257,7, 1014,9
374,9, 787,1
384,3, 789,9
394,5, 789,0
388,6, 788,3
358,4, 787,4
374,7, 796,8
378,9, 798,1
413,7, 788,3
391,7, 780,1
389,5, 764,1
390,8, 771,9
398,2, 775,5
383,5, 755,4
384,2, 755,4
384,1, 753,9
372,4, 748,0
255,5, 702,7
190,5, 662,1
158,4, 630,3
111,0, 591,2
81,2, 556,3
98,5, 543,0
84,9, 536,3
96,9, 528,6
93,1, 532,2
109,0, 535,7
161,9, 549,4
133,7, 547,3
157,9, 556,1
149,3, 565,0
150,1, 569,4
158,5, 584,5
158,1, 586,3
158,7, 588,5
158,5, 590,8
148,9, 593,3
142,8, 592,3
132,9, 597,3
132,7, 604,3
132,6, 613,0
130,5, 611,9
121,2, 613,8
122,1, 609,2
132,0, 620,4
172,6, 633,6
188,2, 638,9
198,3, 658,9
219,1, 665,3
245,1, 740,2
239,4, 743,0
238,8, 747,1
225,8, 741,6
227,4, 732,0
241,6, 749,8
280,0, 764,9
116,1, 724,9
83,3, 735,1
80,9, 739,4
23,2, 732,4
1,8, 730,3
-9,3, 729,4
-45,8, 730,7
-104,3, 727,2
-102,6, 729,2
-101,7, 730,4
-78,3, 762,4
-85,1, 765,5
-102,8, 760,6
-155,7, 737,8
-166,1, 730,5
-154,6, 722,5
-80,8, 674,6
-36,3, 645,3
-15,3, 639,4
38,3, 615,2
94,3, 566,4
103,9, 556,9
31,1, 395,1
45,8, 410,3
24,8, 329,4
10,8, 236,3
16,3, 234,2
-49,3, 112,0
-43,5, 116,6
-78,0, 109,0
-103,6, 125,2
-88,2, 102,6
-80,4, 90,0
-97,0, 81,1
-113,4, 73,8
-130,7, 68,6
-122,4, 69,3
-90,0, 124,9
-19,4, 208,2
-2,3, 218,1
1,6, 223,6
-18,5, 217,7
-29,6, 206,6
-27,9, 198,9
-16,0, 164,0
-17,9, 166,6
28,6, 159,9
36,1, 162,8
78,7, 178,0
73,9, 175,3
62,7, 173,1
53,6, 172,9
23,8, 181,8
37,9, 180,5
43,8, 179,0
22,2, 176,4
-2,2, 177,6
-21,5, 176,3
-72,8, 154,1
-76,1, 152,7
-74,7, 141,6
-82,6, 127,9
-86,0, 122,0
-88,4, 120,2
-115,8, 80,6
-115,5, 77,9
-138,2, 63,3
-132,3, 66,8
-141,5, 63,5
-88,2, 72,5
-2,9, 77,3
618,5, 260,8
857,4, 390,8
816,9, 366,1
837,6, 368,1
947,6, 428,2
940,0, 441,6
938,2, 444,7
926,7, 428,8
925,6, 428,7
918,1, 429,2
910,0, 430,8
924,2, 455,6
924,1, 451,7
458,8, 936,9
389,3, 1004,5
268,0, 1059,9
259,7, 1049,7
152,1, 1051,7
91,5, 1074,8
62,7, 1114,0
48,3, 1117,5
-30,8, 1190,2
-72,0, 1198,6
-96,3, 1201,7
-103,4, 1207,1
-109,1, 1214,3
-126,2, 1212,1
-127,4, 1207,9
-128,3, 1209,7
-133,6, 1214,2
-127,5, 1222,2
-85,8, 1170,0
85,7, 1052,0
135,6, 1023,4
260,2, 940,8
648,3, 700,4
776,8, 632,2
786,4, 641,4
786,8, 645,6
785,9, 644,1
781,4, 639,9
782,5, 636,4
783,6, 619,8
782,4, 622,9
778,6, 624,5
776,1, 622,7
771,2, 626,4
769,8, 626,1
769,6, 621,8
760,9, 600,8
731,3, 546,5
676,0, 476,7
580,6, 384,3
597,3, 365,7
590,0, 349,2
589,4, 347,6
606,9, 355,4
605,0, 353,9
584,6, 336,9
581,2, 388,4
576,2, 390,6
565,8, 367,9
373,5, 214,5
247,5, 139,3
267,9, 151,3
249,1, 139,2
264,2, 144,9
274,5, 157,4
304,5, 201,2
348,5, 239,4
361,4, 248,8
468,3, 404,1
493,0, 420,3
494,4, 418,8
521,2, 429,3
519,2, 433,3
514,3, 436,7
501,6, 444,7
496,1, 452,2
473,4, 482,2
485,1, 506,8
504,8, 525,5
501,4, 524,3
481,4, 506,3
462,5, 496,2
363,0, 432,7
281,6, 368,6
260,9, 361,9
96,7, 198,2
43,3, 142,9
36,0, 189,0
11,9, 195,1
-8,7, 201,8
12,4, 211,7
11,6, 240,1
39,3, 270,6
95,2, 328,9
136,2, 378,8
141,9, 387,4
124,3, 375,4
125,4, 378,8
118,2, 378,2
108,4, 380,6
93,9, 389,1
87,2, 384,2
85,6, 388,7
81,0, 391,7
78,8, 396,4
84,7, 406,2
90,4, 410,4
87,5, 410,2
83,9, 423,1
98,3, 422,9
98,2, 427,2
104,8, 436,0
108,5, 441,4
132,6, 459,2
220,8, 488,1
327,0, 519,6
375,7, 527,6
418,1, 529,3
593,2, 522,3
621,7, 521,0
607,8, 522,5
576,0, 558,3
595,6, 567,4
602,9, 588,9
642,2, 599,9
703,2, 607,5
782,8, 627,4
858,5, 632,9
906,4, 638,4
963,6, 690,1
974,5, 696,2
1009,6, 717,5
1036,0, 727,5
1048,3, 734,5
1136,4, 778,5
1144,1, 782,7
1173,8, 803,0
1207,1, 832,3
1238,4, 864,3
1316,5, 953,4
1351,4, 1026,9
1364,3, 1107,0
1375,1, 1135,7
1371,1, 1161,1
1351,6, 1299,0
1257,0, 1441,4
1235,8, 1461,7
1206,5, 1479,4
1204,6, 1481,1
1191,8, 1490,0
1216,6, 1493,4
1145,5, 1498,5
1194,7, 1492,9
753,2, 1446,2
431,8, 1384,1
185,5, 1332,7
11,1, 1292,7
7,7, 1277,8
45,5, 1254,4
59,3, 1244,4
76,4, 1248,5
106,0, 1245,1
117,2, 1241,6
118,8, 1221,1
121,3, 1219,5
201,6, 1097,7
237,3, 1048,1
203,2, 1102,4
264,3, 1056,7
295,1, 1033,4
386,6, 957,0
406,9, 824,6
384,8, 811,6
378,8, 807,4
353,3, 799,2
321,4, 782,3
384,8, 793,9
448,5, 812,6
440,4, 803,5
373,5, 859,2
366,3, 843,9
395,6, 814,1
390,1, 820,4
403,0, 813,3
61,8, 1057,5
4,4, 1096,4
-3,7, 1104,8
-26,1, 1133,1
16,8, 1149,5
30,7, 1163,2
20,4, 1160,6
29,2, 1163,8
9,4, 1176,8
32,4, 1176,1
-2,6, 1196,6
37,2, 1154,4
57,1, 1135,3
44,6, 1128,2
53,9, 1128,5
39,3, 1114,0
42,6, 1117,7
52,6, 1129,2
54,5, 1135,1
56,6, 1135,5
65,5, 1134,8
62,7, 1135,5
45,5, 1130,7
23,4, 1123,9
32,4, 1109,2
32,9, 1116,0
-18,3, 885,6
-13,2, 708,4
-6,6, 486,5
-10,7, 535,4
0,6, 451,4
104,4, 403,4
51,7, 390,9
118,6, 437,6
183,5, 472,3
172,0, 466,4
232,3, 463,9
224,3, 462,0
211,5, 460,6
181,1, 458,6
146,8, 459,9
141,9, 462,8
136,7, 468,7
146,6, 472,7
152,4, 474,5
174,9, 484,1
175,5, 485,4
183,7, 487,9
201,5, 489,1
237,3, 467,1
196,3, 428,2
41,0, 316,7
36,9, 306,4
-37,4, 208,4
-42,7, 196,8
-45,5, 197,0
-65,1, 198,4
-94,2, 169,8
-94,2, 170,3
-103,8, 149,1
-108,6, 137,9
-120,4, 117,9
-121,4, 118,3
-91,5, 141,0
-91,8, 140,1
-62,2, 155,3
-39,8, 161,5
-34,5, 164,0
-19,9, 169,9
67,4, 225,6
117,9, 271,5
125,6, 283,6
134,6, 285,6
153,2, 281,9
176,7, 294,7
198,4, 327,0
225,8, 382,8
224,8, 379,5
219,4, 391,0
221,5, 404,5
226,2, 398,4
241,5, 399,3
265,0, 405,8
235,8, 312,0
203,0, 308,6
188,3, 291,2
161,8, 300,1
187,7, 281,2
224,0, 326,8
240,3, 378,7
287,4, 502,1
286,0, 502,6
208,6, 442,2
215,1, 416,9
201,2, 390,0
188,0, 372,9
180,7, 346,0
185,9, 344,5
183,4, 324,0
151,3, 289,5
135,9, 293,9
95,4, 227,1
102,6, 226,8
115,5, 233,9
125,7, 237,6
121,0, 235,2
127,8, 236,3
142,2, 236,6
130,8, 228,1
78,9, 216,3
71,6, 198,7
70,0, 141,3
99,8, 405,3
125,4, 572,5
132,9, 629,4
133,1, 637,7
158,1, 859,0
150,9, 867,0
168,7, 874,1
272,3, 869,3
276,6, 868,5
268,8, 866,9
84,7, 1101,9
35,6, 1148,9
24,3, 1166,4
30,5, 1168,3
1,6, 1148,3
26,6, 1161,1
40,0, 1142,5
32,3, 1124,8
35,9, 1127,4
33,5, 1135,3
35,7, 1135,7
35,3, 1171,0
34,3, 1176,1
10,0, 1164,6
-106,6, 1194,5
-177,1, 1180,7
-179,9, 1179,0
-192,6, 1181,0
-223,9, 1202,4
-211,6, 1240,2
-247,1, 1234,8
-220,1, 1228,0
-205,4, 1181,2
-174,0, 1166,0
-130,7, 1174,9
-334,5, 1192,4
-308,1, 1168,7
-229,3, 1169,2
-212,4, 1179,7
-229,1, 1201,9
-234,8, 1192,1
-215,5, 1202,6
-233,1, 1203,3
-277,7, 1182,0
-282,9, 1185,8
-302,2, 1189,3
-308,1, 1186,2
-251,1, 1226,1
-230,8, 1217,5
-211,1, 1210,4
-216,4, 1217,2
-201,1, 1207,8
-217,7, 1222,2
-216,8, 1243,9
-206,2, 1245,4
-196,6, 1248,8
-182,8, 1239,6
-175,3, 1177,0
-173,4, 1173,7
468,3, 1025,8
497,5, 1008,0
671,8, 914,5
687,7, 908,3
679,5, 905,0
753,8, 871,3
759,4, 870,3
817,9, 858,1
800,1, 854,3
771,4, 813,2
737,9, 801,0
741,5, 819,7
737,4, 834,2
726,1, 806,9
690,5, 768,3
706,3, 769,5
706,9, 785,5
697,7, 798,4
694,9, 798,4
682,8, 795,0
685,8, 792,0
725,9, 800,2
714,6, 801,1
656,0, 784,8
658,1, 775,5
440,8, 690,9
432,4, 687,1
425,4, 682,9
357,0, 649,1
368,7, 655,0
384,9, 663,3
413,6, 669,9
405,2, 662,1
400,5, 651,5
389,1, 654,7
385,5, 653,9
362,8, 645,9
359,5, 642,2
382,2, 663,6
401,1, 691,9
300,0, 673,7
132,5, 619,0
-18,7, 565,6
-108,3, 526,4
-115,4, 522,4
-16,8, 554,2
-54,5, 537,3
-32,0, 542,4
-31,4, 544,2
-15,2, 557,2
-15,0, 559,0
-2,1, 568,9
24,0, 584,4
62,8, 608,0
50,9, 603,6
82,3, 647,0
69,4, 641,7
91,9, 645,8
90,2, 642,1
79,3, 635,7
133,9, 650,0
135,0, 651,9
159,6, 664,5
168,2, 672,2
171,4, 674,3
172,5, 677,0
158,3, 670,2
171,1, 675,4
159,9, 669,1
159,7, 668,7
155,8, 673,2
155,4, 674,8
150,3, 681,6
147,8, 683,3
140,7, 681,6
140,9, 681,6
108,6, 676,5
49,1, 678,6
40,8, 678,9
33,4, 679,2
17,9, 678,9
35,6, 679,0
36,0, 688,2
62,9, 689,3
113,5, 689,3
109,4, 692,3
128,3, 695,2
176,4, 693,0
189,9, 692,6
197,7, 691,1
198,2, 692,0
179,4, 696,4
160,6, 703,8
258,0, 735,1
406,8, 775,1
497,8, 798,9
503,2, 787,2
499,8, 779,7
500,0, 771,4
496,4, 772,6
514,1, 755,6
523,1, 749,7
527,5, 745,2
535,6, 738,3
520,1, 718,2
510,0, 711,8
538,9, 716,4
576,8, 728,3
673,7, 769,7
706,1, 768,1
768,3, 770,7
911,3, 804,8
946,2, 811,3
983,2, 810,7
1025,6, 803,0
1081,0, 819,9
1081,1, 815,6
1097,0, 815,8
1097,4, 816,9
1111,8, 825,2
1115,7, 833,7
1145,5, 840,3
1143,1, 839,3
1006,1, 897,2
978,8, 905,0
822,9, 922,4
238,2, 987,3
207,1, 992,1
135,6, 1000,7
123,5, 1006,4
135,9, 1027,1
145,1, 1030,6
239,3, 1047,2
243,1, 1060,6
86,3, 1128,7
-91,7, 1186,5
-123,0, 1216,4
-148,8, 1206,7
-136,4, 1197,0
-117,1, 1192,2
-51,6, 1232,6
-6,0, 1243,7
-5,4, 1246,9
-6,3, 1245,0
-32,0, 1236,9
-33,2, 1234,7
-48,7, 1240,5
-46,4, 1240,7
-9,5, 1255,0
3,9, 1244,3
-9,6, 1244,8
-17,4, 1245,6
1817,2, 1068,9
1832,1, 1153,7
1841,0, 1120,6
1869,6, 1091,1
1854,5, 1065,3
1841,7, 1085,3
1837,5, 1102,7
1847,2, 1091,9
1840,0, 1083,6
1814,9, 1106,7
1830,8, 1085,9
1815,0, 1090,0
1830,2, 1055,4
1833,6, 1055,6
1281,1, 984,2
1005,6, 951,8
926,1, 954,0
806,5, 952,7
813,0, 958,3
828,8, 961,6
834,1, 965,8
792,4, 948,8
774,0, 936,8
741,4, 929,9
707,9, 923,9
658,2, 909,7
584,9, 871,7
520,0, 902,6
318,8, 981,3
187,4, 1025,4
126,5, 1073,4
-114,4, 1131,1
-174,6, 1152,2
-180,8, 1153,8
-177,4, 1154,4
-127,4, 1157,8
-149,9, 1155,6
-97,7, 1157,6
-46,3, 1151,9
-73,0, 841,9
-105,9, 569,0
-118,4, 493,1
-119,1, 491,1
-151,2, 391,8
-149,0, 386,1
-154,4, 333,6
-118,2, 257,5
-137,2, 286,5
-91,2, 341,2
-90,2, 286,8
-63,5, 292,3
-62,0, 244,5
385,7, 1066,6
400,1, 1082,7
400,8, 1075,6
383,2, 1049,5
376,7, 1051,7
389,9, 1065,8
392,6, 1067,6
486,5, 1116,5
486,2, 1116,4
222,2, 1263,7
192,9, 1271,4
204,3, 1276,9
295,3, 1266,4
459,5, 1236,6
505,7, 1223,2
492,2, 1228,2
490,7, 1230,6
496,9, 1253,5
494,8, 1255,8
360,7, 1226,7
349,2, 1184,3
361,0, 1203,5
379,9, 1195,7
563,0, 1145,5
656,4, 1135,1
691,0, 1140,0
910,6, 1107,0
1050,3, 1087,1
1183,7, 1096,5
1189,4, 1073,5
1205,6, 1056,6
1167,5, 1114,3
874,8, 1124,3
667,4, 1116,4
625,5, 1129,0
611,7, 1157,5
629,0, 1188,0
628,6, 1187,8
460,4, 1131,7
510,6, 1092,5
527,5, 1074,6
468,5, 992,7
367,8, 916,6
218,8, 712,5
178,8, 646,2
37,6, 391,4
3,1, 316,2
-17,6, 288,5
-142,3, 196,5
-112,8, 197,4
-109,9, 220,5
-52,5, 252,3
115,3, 271,4
163,3, 313,9
153,3, 310,9
94,7, 301,3
149,2, 278,8
28,5, 267,2
-47,0, 281,7
13,3, 258,1
11,7, 253,1
18,1, 255,3
8,6, 245,8
-12,5, 247,2
164,6, 220,1
27,2, 251,7
127,4, 231,6
124,6, 235,5
138,3, 237,3
128,1, 247,2
16,6, 253,1
78,8, 252,9
75,2, 255,3
-2,8, 252,3
62,3, 248,6
99,8, 245,2
0,8, 237,6
34,0, 233,2
57,4, 227,7
163,6, 206,7
162,1, 200,2
159,4, 190,9
154,8, 188,5
149,8, 185,1
132,1, 172,6
118,0, 162,1
122,4, 163,2
121,1, 163,0
157,3, 204,7
155,7, 203,7
155,5, 204,1
152,7, 209,9
106,6, 273,0
110,7, 273,8
113,3, 277,4
120,8, 284,0
130,6, 288,9
129,1, 290,2
128,9, 300,6
128,3, 309,4
104,6, 290,5
106,3, 291,6
114,8, 303,0
87,0, 320,1
84,8, 319,4
79,0, 316,1
78,3, 326,7
95,3, 399,3
124,1, 427,2
195,6, 504,8
245,6, 800,0
255,3, 831,7
258,4, 845,2
274,3, 943,8
272,4, 943,4
275,7, 943,8
259,1, 941,0
267,6, 937,2
311,6, 879,6
344,6, 794,8
516,5, 615,0
555,3, 566,9
576,1, 537,6
574,9, 483,0
415,8, 472,1
379,4, 435,0
304,0, 346,4
268,7, 311,9
260,0, 297,1
246,7, 283,1
245,8, 269,9
238,6, 244,7
231,4, 223,8
237,0, 235,0
234,4, 231,2
212,5, 223,6
113,7, 217,5
50,2, 207,6
-82,5, 139,1
-87,4, 134,1
-85,1, 122,7
-82,3, 120,0
-86,0, 120,2
-83,3, 125,1
-89,0, 125,0
-93,9, 165,9
-98,7, 179,8
-102,7, 167,4
-117,7, 130,8
-59,2, 223,8
-15,8, 241,4
9,0, 247,6
25,9, 265,1
54,3, 304,8
62,0, 315,0
69,5, 324,0
107,8, 376,7
124,9, 393,1
128,5, 394,3
188,4, 407,1
361,4, 432,3
408,2, 443,4
475,7, 459,8
478,8, 461,4
509,8, 467,3
506,8, 455,4
515,9, 426,7
516,1, 407,8
523,1, 396,8
526,2, 384,2
609,4, 354,9
646,6, 348,8
686,2, 345,7
710,8, 341,5
827,9, 322,3
829,9, 318,4
851,4, 288,7
872,1, 282,5
881,0, 285,0
872,6, 279,6
889,1, 280,2
911,7, 281,5
949,3, 283,5
947,9, 283,7
1352,4, 419,0
1434,8, 452,0
1456,4, 457,3
1487,9, 468,1
1542,3, 495,0
1558,8, 507,8
1516,2, 511,3
1451,2, 521,6
1351,1, 509,9
787,8, 592,4
672,3, 597,7
515,1, 590,8
514,7, 590,2
509,5, 585,7
516,7, 591,5
516,6, 601,1
513,9, 601,9
536,1, 626,4
532,3, 626,6
525,6, 619,8
540,3, 623,4
566,3, 654,9
565,0, 648,9
564,8, 654,2
578,2, 659,8
584,4, 661,0
588,6, 664,2
590,9, 664,6
597,5, 667,9
593,0, 666,3
602,2, 665,3
605,4, 666,1
603,9, 660,0
598,8, 652,6
593,1, 672,4
591,9, 674,1
589,8, 673,3
603,1, 676,6
605,0, 677,3
341,4, 932,3
134,9, 1087,4
101,7, 1108,2
57,8, 1075,8
51,3, 1073,8
89,8, 1103,0
82,6, 1100,3
85,3, 1120,6
86,0, 1134,9
134,2, 1178,1
146,2, 1192,0
177,6, 1213,1
171,5, 1210,7
170,2, 1209,8
179,9, 1219,0
177,3, 1220,7
177,2, 1221,5
164,0, 1206,2
162,1, 1200,3
161,5, 1204,0
158,7, 1206,6
146,9, 1204,4
135,7, 1201,7
98,8, 1202,7
109,6, 1203,1
94,7, 1207,2
111,5, 1193,7
104,4, 1196,8
130,9, 1185,8
126,2, 1187,4
122,6, 1188,4
124,0, 1187,3
114,1, 1180,3
113,0, 1179,2
85,3, 1180,0
103,1, 1183,2
100,8, 1183,2
97,9, 1183,4
97,9, 1180,2
96,3, 1165,4
96,5, 1168,8
95,2, 1171,6
91,6, 1182,9
73,0, 1202,3
66,5, 1206,8
23,4, 1224,7
20,1, 1224,0
17,2, 1224,5
-28,7, 1236,3
-30,8, 1240,4
-49,8, 1278,2
-45,8, 1275,5
-48,0, 1277,5
-43,1, 1284,8
-65,5, 1266,5
-68,2, 1267,9
-76,6, 1266,0
-76,2, 1265,8
-58,4, 1273,1
-38,1, 1277,6
551,6, 1107,2
611,6, 1103,2
602,9, 1105,6
596,7, 1141,5
564,2, 1137,5
551,1, 1140,1
520,2, 1159,2
515,8, 1159,3
510,2, 1160,6
494,2, 1151,8
459,5, 1135,1
344,0, 1119,5
321,3, 1126,1
325,6, 1129,1
307,7, 1132,9
307,4, 1139,0
228,2, 1077,3
301,0, 1107,0
309,4, 1117,2
159,7, 1074,7
62,2, 1057,7
13,6, 1080,0
-42,9, 1098,7
-44,1, 1099,8
-44,1, 1099,8
-281,2, 1100,3
-291,7, 1098,4
-282,3, 1096,0
-271,4, 1098,0
-104,8, 1133,5
-71,6, 1140,3
-66,1, 1142,0
-46,4, 1150,9
-32,5, 1144,7
-16,4, 1136,0
-98,7, 1048,8
615,8, 429,3
520,2, 342,8
505,8, 355,7
491,9, 364,4
461,2, 353,1
355,6, 310,2
17,9, 108,3
-25,0, 198,1
-17,2, 185,8
-50,7, 161,5
-67,8, 164,5
-130,7, 274,4
-127,5, 291,1
-119,3, 279,6
2,5, 267,9
-18,6, 255,8
-186,8, 122,8
-352,0, -20,4
-340,3, -31,9
-327,6, -61,0
-330,2, -66,1
-321,5, -48,9
-309,5, -23,6
-229,9, 37,2
-174,7, 107,1
-87,4, 160,0
57,1, 236,8
1073,9, 763,6
1268,4, 557,1
1894,3, 646,1
1933,9, 666,7
1704,9, 687,5
1716,7, 711,2
1826,8, 726,0
1765,5, 731,0
1729,0, 677,1
1828,3, 727,9
1964,2, 712,1
2018,6, 694,9
2039,9, 661,4
2047,4, 689,4
2048,8, 686,6
2068,7, 642,4
2099,2, 679,8
2103,4, 705,7
2112,3, 714,3
2148,6, 724,9
2164,7, 720,1
2179,8, 713,1
2188,5, 723,9
2238,6, 745,5
2134,2, 748,2
2113,3, 760,9
2073,1, 763,0
1769,8, 819,4
1715,4, 833,3
1675,5, 795,1
1625,3, 805,1
1610,6, 805,9
1609,3, 802,9
1609,1, 803,3
1615,4, 882,6
1614,6, 873,7
571,2, 1014,0
165,7, 1059,2
29,4, 849,8
3,1, 816,8
68,4, 958,9
72,9, 1000,7
85,5, 1028,3
-29,2, 1034,7
-4,8, 1048,6
48,6, 1077,7
2,7, 1133,6
-80,1, 1148,5
-101,7, 1167,2
-113,9, 1174,3
-90,1, 1179,7
-99,9, 1197,6
-4,0, 1235,1
86,5, 1261,5
174,9, 1281,8
278,1, 1298,3
609,9, 1348,5
604,5, 1348,7
580,2, 1346,9
688,2, 1351,9
923,4, 1266,6
944,9, 1260,7
1040,3, 1217,9
1073,7, 1195,8
1167,5, 1179,4
1198,3, 1171,8
1224,6, 1170,9
1242,0, 1187,9
1264,8, 1197,6
1255,7, 1193,9
1292,6, 1215,6
1342,4, 1223,6
1338,7, 1223,5
1335,9, 1224,6
1325,1, 1223,3
1275,1, 1218,2
1256,8, 1209,4
1214,8, 1193,5
1217,1, 1194,2
1163,1, 1163,4
1161,0, 1159,6
1143,2, 1136,8
1145,8, 1139,1
1383,6, 1164,3
1420,6, 1173,1
1389,9, 1185,6
1409,3, 1181,5
1408,1, 1182,6
1363,7, 1172,6
1357,5, 1171,7
1309,5, 1148,6
1218,4, 1108,2
1175,8, 1110,3
1146,2, 1104,1
1122,1, 1102,5
1079,7, 1071,1
1076,8, 1071,2
1015,4, 1057,4
1002,6, 1066,8
949,0, 1089,4
912,5, 1096,5
883,1, 1094,1
894,1, 1093,9
917,8, 1090,1
832,2, 1061,7
596,6, 982,7
572,3, 983,5
444,5, 935,7
425,3, 929,3
414,7, 925,7
361,7, 901,9
358,7, 911,9
165,2, 908,1
96,4, 919,9
29,7, 912,5
25,7, 916,4
9,2, 918,2
-58,2, 899,1
-68,1, 911,8
-58,1, 919,6
-34,6, 936,2
-28,4, 939,0
-13,0, 952,9
56,7, 1000,4
107,8, 1044,7
83,4, 1051,0
45,1, 1055,0
34,6, 1071,1
-0,6, 1082,0
-21,0, 1086,9
-32,0, 1088,8
-45,3, 1087,6
-110,0, 1080,2
-116,7, 1080,1
-123,4, 1081,2
-138,6, 1082,9
-136,2, 1089,8
-109,5, 1098,5
-91,3, 1100,2
6,7, 1083,3
60,3, 1080,5
68,3, 1077,7
112,2, 1073,3
118,0, 1071,6
168,0, 1067,2
207,3, 1062,5
233,8, 1077,7
174,9, 1071,1
449,9, 1110,2
537,5, 1129,8
602,6, 1140,7
670,4, 1156,5
710,1, 1154,7
763,1, 1154,4
808,7, 1137,9
816,1, 1135,1
827,0, 1127,5
824,9, 1122,8
846,9, 1106,5
924,7, 1070,6
1007,0, 1089,6
1067,2, 1085,1
1128,8, 1069,6
1147,3, 1069,4
928,8, 1041,7
996,9, 993,7
1158,8, 998,1
1252,6, 1046,7
1380,9, 1068,0
1472,7, 1139,5
1543,1, 1127,7
1552,6, 1139,7
1567,5, 1131,4
1594,8, 1110,0
1600,5, 1108,2
1691,5, 1138,5
1699,0, 1120,6
1638,3, 1340,5
1640,9, 1319,9
1632,6, 1341,0
1630,6, 1364,6
1686,8, 1324,7
1643,1, 1399,2
1563,4, 1342,3
1498,7, 1326,3
1495,5, 1356,5
1232,0, 1384,2
1290,3, 1446,9
1319,2, 1431,3
1324,0, 1402,6
1361,8, 1412,0
1611,6, 1410,0
1627,7, 1406,6
1667,5, 1418,5
1673,1, 1396,0
1690,9, 1375,7
1766,2, 1322,5
1765,2, 1323,0
1719,6, 1396,9
1687,9, 1448,7
1677,2, 1448,0
1661,4, 1445,5
1650,0, 1452,4
1652,9, 1463,3
1653,0, 1463,3
1593,1, 1402,4
1743,1, 1446,3
1725,5, 1437,1
1378,2, 1294,4
1318,8, 1271,5
452,9, 937,5
608,6, 991,8
722,6, 1042,9
551,7, 1011,1
328,6, 960,8
196,7, 936,4
72,4, 945,0
83,3, 946,5
107,1, 961,7
247,2, 998,5
210,0, 998,0
261,4, 1009,4
263,4, 1008,4
258,5, 1004,1
242,0, 1000,4
215,3, 992,6
210,5, 993,5
203,4, 988,8
195,2, 982,5
218,3, 997,8
259,7, 1021,2
262,0, 1023,7
254,6, 1028,7
590,6, 1102,8
1167,6, 1326,4
1286,8, 1370,9
1246,3, 1342,2
1351,3, 1339,1
1470,2, 1352,5
1643,5, 1327,9
1666,2, 1410,7
1680,2, 1423,1
1702,8, 1440,0
1681,6, 1430,0
1673,9, 1409,3
1659,9, 1373,0
1632,1, 1361,0
1058,2, 1113,7
944,1, 1075,7
723,9, 998,9
629,7, 944,7
605,1, 943,8
511,4, 906,0
519,8, 950,6
483,1, 926,6
478,2, 919,9
424,4, 915,0
413,7, 945,3
259,0, 919,9
250,3, 948,2
182,1, 962,4
118,5, 959,8
119,1, 959,1
160,0, 984,6
114,1, 972,2
99,7, 978,9
82,9, 975,6
75,5, 985,2
73,1, 984,8
33,3, 971,1
24,3, 967,6
4,6, 960,1
0,5, 957,3
7,1, 950,3
38,2, 934,1
88,8, 883,7
131,9, 856,6
120,6, 869,0
93,7, 853,1
89,8, 842,9
60,3, 834,1
32,8, 835,6
37,5, 837,7
75,1, 855,9
81,9, 863,0
120,1, 882,8
103,6, 882,0
23,9, 872,4
-3,7, 867,6
-10,2, 869,0
-6,3, 876,2
-4,9, 880,1
8,8, 880,9
28,8, 888,5
40,5, 890,8
47,5, 891,7
92,2, 895,0
87,0, 890,5
77,5, 886,1
88,2, 888,5
116,5, 875,2
150,3, 881,2
150,0, 880,3
437,6, 954,3
602,6, 973,1
692,2, 1003,6
697,3, 998,1
665,1, 1000,0
644,4, 988,6
633,7, 973,3
626,2, 957,1
653,2, 941,1
690,0, 950,5
715,8, 953,7
790,4, 994,4
915,2, 1039,3
938,5, 1044,9
1124,7, 1106,7
1204,7, 1115,9
1156,5, 1132,9
620,1, 1043,4
454,6, 1028,6
398,9, 995,6
408,3, 1007,1
378,3, 996,9
381,2, 989,2
366,7, 984,6
350,1, 975,3
227,2, 943,5
193,0, 938,4
184,5, 937,3
-4,1, 913,7
-110,6, 905,5
-139,6, 898,9
-142,3, 904,4
-132,8, 910,1
-142,6, 906,4
-112,1, 919,3
-107,7, 920,7
-92,6, 938,3
-81,1, 942,0
-80,0, 941,7
-87,4, 937,4
-19,7, 955,8
31,9, 1013,8
39,5, 995,9
50,1, 1003,4
49,1, 1003,5
-12,6, 1092,4
15,6, 1175,9
14,1, 1195,6
-3,1, 1199,3
-56,5, 1217,4
-31,4, 1219,3
-2