Listening for gaze data, press any key to exit...
1082,8, 437,4
1082,9, 408,3
1076,5, 397,6
1070,9, 392,0
1071,7, 417,4
1073,8, 424,9
1076,9, 434,9
1076,8, 429,8
1083,9, 453,0
1069,1, 425,1
1025,7, 374,3
836,4, 248,5
452,8, 19,3
601,4, 107,9
353,0, -36,4
270,0, -86,9
270,7, -85,9
488,6, 69,7
504,5, 83,2
540,2, 97,1
530,9, 94,7
999,3, 461,9
1217,7, 638,6
1275,4, 689,2
1381,1, 773,0
1381,3, 783,9
1377,8, 778,0
1378,5, 780,5
1387,9, 805,5
1389,8, 816,0
1387,9, 807,1
1385,3, 797,4
1473,9, 955,7
1552,9, 1047,4
1746,0, 1263,4
1739,1, 1277,4
1743,2, 1292,4
1748,3, 1316,8
1747,8, 1317,1
1739,4, 1337,4
1740,2, 1338,5
1761,2, 1352,9
1761,8, 1360,3
1764,1, 1355,6
1768,6, 1355,1
1750,2, 1347,9
1712,9, 1340,4
1717,1, 1351,4
1710,0, 1353,4
1697,2, 1350,5
1655,9, 1357,4
1681,6, 1362,0
1682,4, 1373,2
1678,2, 1374,4
1687,8, 1419,5
1692,4, 1392,3
1662,6, 1317,5
1710,8, 1334,1
1791,1, 1396,1
1803,3, 1409,9
1790,7, 1421,1
1787,6, 1426,1
1801,8, 1422,2
1878,9, 1371,3
2040,2, 1224,8
1899,0, 1329,1
1949,2, 1298,1
1813,0, 1411,6
1798,1, 1428,8
1800,6, 1424,9
1784,2, 1405,1
1766,2, 1391,1
1754,3, 1361,3
1758,6, 1341,6
1757,9, 1338,6
1745,4, 1335,8
1747,0, 1347,1
1745,1, 1336,3
1745,2, 1335,8
409,7, 689,2
-188,5, 423,6
-206,6, 414,3
-212,8, 412,3
-215,7, 412,0
-244,5, 399,9
-278,7, 386,5
-239,6, 412,3
-197,3, 431,9
-191,1, 451,7
-191,7, 462,7
-183,5, 554,0
-148,4, 619,4
-147,1, 615,5
-143,2, 630,0
-176,1, 653,7
-181,3, 656,2
-74,3, 611,1
-65,4, 601,1
266,0, 271,4
358,3, 145,5
389,7, 106,7
358,8, 152,6
358,0, 161,9
420,5, 101,9
419,9, 104,5
426,1, 116,8
427,5, 117,0
431,4, 119,1
433,9, 117,0
437,0, 117,5
448,9, 120,8
565,1, 190,4
587,2, 216,8
827,3, 446,7
1470,0, 1076,3
1450,8, 1016,9
1494,0, 1066,4
1615,3, 1210,6
1605,8, 1196,6
1689,4, 1359,5
1668,4, 1354,8
1641,0, 1374,6
1640,6, 1369,8
1639,8, 1358,7
1653,2, 1312,4
1624,9, 1284,7
1633,8, 1279,4
1657,6, 1284,0
1682,2, 1436,6
1716,0, 1372,1
1733,6, 1367,7
1745,8, 1361,7
1759,3, 1365,3
1765,9, 1380,8
1775,4, 1424,4
1772,0, 1432,6
1770,6, 1434,8
1771,5, 1436,0
1773,0, 1441,4
1774,4, 1446,5
1782,0, 1440,0
1779,9, 1440,1
1762,6, 1399,3
1764,4, 1391,1
1772,2, 1387,6
1701,8, 1286,3
1291,2, 720,8
902,1, 253,1
864,3, 206,7
847,0, 192,3
773,0, 141,7
676,3, 64,8
675,0, 47,2
673,9, 44,3
670,7, 49,0
671,4, 59,1
678,2, 104,7
676,3, 108,4
2756,9, 0,6
3001,2, 42,4
3030,5, 50,4
3068,7, 66,5
3018,5, 113,3
2940,9, 178,4
2971,0, 164,2
2889,3, 233,4
2785,8, 285,3
2828,1, 258,5
2166,5, 785,5
1963,8, 959,6
1908,2, 1039,3
1886,3, 1167,0
1897,4, 1138,9
1881,5, 1139,2
1854,6, 1183,5
1807,2, 1150,7
1801,1, 1149,1
1829,3, 1157,2
1824,4, 1139,8
1802,6, 1204,8
1736,2, 1279,0
1692,3, 1288,2
1717,5, 1270,6
1859,0, 1224,9
2086,3, 1242,3
2013,6, 1216,2
2080,1, 1263,4
2052,8, 1271,2
1788,7, 1330,9
1747,3, 1395,6
1723,7, 1422,9
1740,4, 1414,2
1792,4, 1457,2
1785,0, 1437,1
1772,5, 1437,9
1742,3, 1434,9
1771,6, 1447,1
1819,3, 1407,6
1861,9, 1377,8
1915,8, 1360,0
1847,8, 1415,4
1858,5, 1402,6
1856,1, 1404,6
1818,0, 1380,2
1619,6, 1170,8
1514,0, 1065,4
1391,4, 798,5
1312,1, 793,1
1306,4, 796,6
1351,9, 876,9
1212,2, 768,8
1206,8, 779,5
1233,0, 829,3
1185,2, 819,7
1185,4, 816,9
1201,6, 808,6
1207,6, 818,9
1224,8, 835,2
1232,2, 834,7
1237,7, 834,2
1240,2, 819,1
1236,7, 807,6
1239,3, 793,0
1398,1, 907,5
1489,2, 1003,8
1476,3, 1002,1
1544,8, 1130,9
1552,5, 1123,4
1692,5, 1338,9
1707,8, 1310,6
1726,0, 1299,5
1698,9, 1176,8
1698,9, 1176,8
1782,7, 1411,5
1663,1, 1434,1
1670,9, 1412,8
1665,4, 1421,1
1666,6, 1378,5
1670,2, 1396,6
1675,6, 1412,6
1674,8, 1407,0
1686,6, 1363,2
1737,8, 1371,5
1757,8, 1404,6
1754,1, 1396,5
1767,2, 1419,6
1790,9, 1439,6
1804,3, 1443,1
1812,2, 1439,3
1813,6, 1438,1
1281,0, 799,1
1244,1, 684,7
1244,5, 716,1
1228,6, 669,4
1226,4, 683,6
1230,5, 769,7
1240,2, 815,2
1217,5, 810,5
1217,9, 822,5
1192,8, 788,0
1200,2, 771,6
1199,1, 771,2
1195,9, 770,5
1193,2, 767,0
1173,9, 748,5
1171,2, 743,7
1187,0, 754,1
1193,0, 766,2
1201,4, 771,7
1251,8, 742,5
1276,5, 743,9
1287,9, 733,5
1264,4, 722,6
1249,1, 694,2
1248,0, 678,0
1233,7, 698,9
1225,4, 738,8
1210,2, 778,3
1210,4, 794,3
1211,1, 796,5
1212,2, 792,7
1222,8, 833,1
1214,4, 767,9
1213,7, 758,3
1246,1, 768,7
1229,7, 747,2
1190,8, 754,4
1178,0, 754,5
1167,8, 750,6
1177,7, 752,0
1171,1, 748,9
1179,2, 745,3
1190,8, 737,8
1209,0, 735,5
1216,2, 748,8
1223,5, 754,6
1245,8, 760,9
760,0, 525,9
453,8, 380,9
252,5, 271,3
95,0, 194,4
116,4, 218,1
123,7, 235,5
134,3, 251,0
161,6, 274,5
171,6, 280,4
194,9, 283,7
210,6, 286,4
208,0, 294,3
263,5, 330,5
280,3, 355,9
289,5, 377,0
297,9, 393,0
273,5, 369,9
263,6, 356,3
244,7, 341,6
228,8, 331,8
230,0, 359,3
210,7, 436,8
185,3, 497,7
202,0, 498,3
232,9, 576,1
261,7, 600,1
276,6, 613,2
300,0, 637,3
309,5, 641,6
318,3, 649,7
317,4, 650,2
299,9, 641,7
276,2, 625,1
277,3, 633,5
277,6, 635,1
280,1, 635,2
307,2, 634,6
321,7, 634,6
343,8, 614,2
357,0, 610,9
350,6, 606,2
353,9, 599,2
355,0, 587,4
360,4, 561,7
363,2, 571,4
355,0, 545,1
352,7, 540,8
329,2, 497,7
298,7, 465,5
288,1, 457,2
296,2, 463,2
296,3, 463,5
319,9, 477,1
359,0, 501,2
369,7, 509,9
400,5, 529,8
394,6, 529,5
394,2, 532,1
388,0, 533,1
371,3, 527,2
359,0, 523,5
362,7, 528,1
304,5, 457,2
304,7, 460,8
221,5, 362,5
182,4, 258,8
182,8, 267,3
76,2, 66,4
57,6, -17,0
47,5, 68,1
46,9, 152,4
40,2, 176,4
48,2, 188,3
61,7, 267,8
71,7, 301,8
6,2, 372,5
33,3, 334,8
38,5, 316,2
37,3, 317,2
44,2, 307,9
34,8, 328,4
34,7, 328,6
-55,0, 290,2
-30,5, 284,0
-30,3, 283,9
9,9, 291,0
148,6, 316,3
156,6, 317,0
156,3, 315,2
167,6, 297,9
168,0, 297,1
173,9, 296,5
221,1, 292,4
228,5, 282,6
225,3, 288,5
218,4, 291,1
217,3, 291,4
153,9, 294,6
120,0, 257,7
134,7, 276,5
139,1, 282,8
152,7, 296,4
152,7, 296,6
215,5, 343,2
235,1, 365,2
243,5, 371,5
256,4, 382,2
246,6, 371,4
243,3, 365,0
233,6, 358,4
239,7, 359,2
244,1, 360,6
282,1, 378,5
262,8, 361,9
274,5, 362,3
260,5, 353,8
246,6, 380,1
245,4, 379,2
256,5, 372,4
244,4, 363,1
258,8, 399,8
265,6, 381,6
267,3, 368,6
264,1, 359,5
220,0, 334,9
239,5, 368,9
159,7, 321,5
156,8, 325,9
182,3, 346,5
194,5, 354,1
196,9, 349,1
202,3, 336,2
195,8, 334,0
187,5, 333,7
183,1, 312,0
180,1, 309,5
180,9, 310,4
177,8, 310,8
168,4, 289,9
165,9, 283,2
235,9, 326,2
248,1, 337,0
220,3, 330,9
239,7, 353,4
233,5, 354,7
213,4, 347,4
273,7, 395,8
267,6, 391,7
264,1, 388,0
243,4, 370,2
247,6, 372,8
268,1, 388,9
326,9, 433,1
308,5, 398,4
316,2, 411,1
322,1, 417,4
322,1, 417,7
299,0, 403,6
304,6, 407,9
268,0, 336,2
254,4, 308,9
246,7, 311,1
245,1, 327,1
237,9, 333,5
240,6, 341,4
250,8, 354,9
244,4, 361,6
282,1, 385,2
289,7, 385,4
290,4, 389,9
264,5, 380,5
266,4, 380,9
261,3, 376,2
257,0, 371,2
242,1, 361,3
244,3, 354,4
246,8, 355,3
249,3, 346,7
248,8, 345,9
230,4, 342,0
226,8, 333,5
233,0, 317,2
231,3, 315,7
241,1, 290,5
242,7, 275,0
225,5, 291,3
198,9, 314,1
170,8, 306,1
178,9, 310,4
105,3, 212,4
81,5, 181,5
33,5, 142,2
2,3, 111,5
30,2, 122,3
72,2, 140,3
110,5, 179,4
116,0, 190,7
156,8, 253,7
148,0, 245,7
137,1, 233,5
57,9, 169,6
110,6, 214,9
115,4, 221,6
127,3, 231,9
97,4, 207,8
130,0, 233,1
131,8, 248,0
126,3, 240,4
107,0, 220,4
195,1, 272,0
214,2, 299,2
220,9, 320,6
241,5, 338,1
322,3, 387,4
384,7, 430,6
416,0, 454,8
344,1, 404,6
293,2, 389,0
286,9, 388,5
347,1, 436,9
348,1, 437,3
364,4, 462,7
309,4, 421,9
330,1, 460,3
335,9, 465,5
287,5, 372,4
281,5, 359,4
265,3, 346,2
241,1, 343,8
239,8, 340,8
237,3, 353,1
232,4, 354,7
232,9, 332,0
207,5, 325,8
142,1, 291,3
164,1, 310,0
169,0, 318,5
154,0, 319,1
182,3, 362,5
220,7, 311,8
197,7, 332,3
203,1, 313,8
210,0, 311,0
269,7, 545,2
300,1, 660,3
312,1, 704,1
315,7, 741,2
301,1, 735,5
299,2, 733,1
291,8, 732,8
288,6, 728,6
288,5, 722,7
285,3, 717,0
282,2, 721,1
258,6, 706,0
247,2, 695,2
259,1, 716,3
262,5, 744,3
288,0, 750,5
266,8, 742,0
219,9, 735,3
212,6, 724,3
213,1, 725,9
199,6, 717,8
177,3, 693,1
119,4, 625,7
88,7, 592,0
100,4, 611,0
103,8, 614,8
98,1, 608,9
158,4, 697,4
151,6, 689,8
158,9, 707,3
165,6, 710,2
215,1, 760,0
230,2, 789,3
246,5, 764,2
319,6, 713,0
339,1, 703,3
362,3, 702,2
333,5, 672,5
337,4, 672,0
333,9, 643,4
312,5, 547,6
297,5, 519,0
254,1, 516,1
233,7, 495,6
230,4, 471,7
209,9, 424,6
200,6, 400,2
187,9, 366,2
184,5, 355,7
169,9, 308,1
170,7, 308,6
169,8, 307,1
171,6, 306,1
141,7, 247,3
140,1, 243,7
146,5, 255,6
153,0, 285,3
169,6, 299,0
177,3, 312,1
178,2, 312,7
183,3, 310,6
226,4, 341,4
206,6, 318,0
215,4, 329,3
226,6, 341,9
190,5, 322,1
201,0, 329,7
162,1, 316,0
172,1, 327,9
195,7, 340,8
194,1, 338,9
220,2, 301,8
219,0, 295,4
207,3, 287,7
212,2, 304,1
233,1, 355,7
287,8, 395,6
272,2, 390,3
299,5, 408,7
297,0, 419,1
285,9, 421,8
294,0, 413,8
315,6, 407,7
312,9, 403,7
265,1, 339,3
254,6, 328,1
219,6, 289,5
237,7, 366,5
244,3, 381,7
212,1, 374,1
210,8, 374,1
199,8, 363,4
240,6, 325,7
240,0, 335,8
231,1, 356,1
217,8, 359,7
222,9, 370,7
295,6, 385,7
299,3, 384,0
191,0, 354,9
182,7, 352,9
220,9, 361,3
214,3, 349,6
210,5, 343,2
213,5, 337,3
228,7, 342,8
222,2, 326,0
230,4, 336,7
220,9, 363,9
221,7, 363,2
225,9, 361,2
226,4, 350,6
221,8, 317,9
204,4, 330,9
217,1, 334,5
219,2, 343,4
237,2, 357,8
244,7, 370,0
249,6, 377,8
253,1, 379,7
245,9, 375,4
260,5, 368,0
263,8, 362,4
261,1, 366,9
259,0, 369,8
256,0, 365,5
262,1, 364,4
267,7, 376,8
271,1, 381,5
274,1, 384,8
275,2, 383,3
276,0, 380,4
276,1, 381,8
267,2, 393,8
350,9, 456,1
353,7, 499,3
343,3, 503,0
356,6, 496,8
330,5, 467,6
290,5, 386,4
253,7, 325,4
245,7, 301,7
243,5, 298,4
230,6, 285,3
195,9, 286,1
204,8, 327,6
206,8, 337,6
206,6, 349,5
215,7, 364,0
208,9, 356,5
183,1, 349,0
181,9, 348,2
172,2, 343,1
174,0, 342,3
171,4, 334,8
164,7, 326,4
159,9, 320,5
152,1, 315,7
203,5, 321,4
187,6, 329,0
230,6, 340,2
213,3, 357,9
218,6, 349,0
209,3, 347,0
201,6, 343,9
189,2, 330,6
189,3, 330,3
201,1, 329,9
215,6, 363,5
257,5, 416,2
267,1, 414,6
282,7, 414,1
327,4, 462,2
322,8, 437,2
325,2, 456,6
301,8, 431,9
279,0, 408,2
269,0, 398,1
263,0, 391,6
253,4, 380,4
244,0, 372,4
250,8, 378,6
245,2, 373,8
241,3, 372,9
213,2, 388,6
204,7, 374,7
197,7, 371,3
195,2, 372,8
106,6, 318,4
96,4, 303,8
86,0, 283,6
84,6, 268,0
88,7, 300,9
89,6, 301,5
91,2, 316,9
89,5, 316,8
50,7, 318,7
53,7, 318,6
45,2, 308,0
43,9, 302,3
44,7, 305,7
38,3, 297,4
16,3, 262,5
10,0, 252,8
62,3, 269,0
69,8, 261,8
69,9, 261,8
57,3, 251,8
64,5, 238,5
67,0, 152,2
83,8, 156,0
94,3, 193,1
98,1, 213,5
101,0, 215,8
114,2, 147,2
126,1, 186,0
161,2, 223,9
135,9, 237,9
84,1, 200,4
100,1, 218,4
74,1, 202,5
86,4, 217,7
114,1, 251,7
124,3, 256,1
128,0, 240,3
137,3, 250,4
139,5, 263,2
164,1, 290,1
161,2, 284,5
161,6, 288,4
164,7, 296,0
163,5, 295,3
152,9, 254,2
173,1, 284,5
168,7, 276,2
194,0, 299,5
194,8, 299,9
193,6, 299,3
225,3, 300,1
253,6, 345,5
247,7, 343,8
233,9, 351,1
243,1, 364,7
224,9, 339,3
273,4, 294,3
283,4, 280,4
310,3, 258,6
321,1, 220,8
321,8, 209,6
337,0, 213,0
321,1, 198,0
325,6, 198,3
246,8, 110,6
278,1, 125,5
285,9, 159,6
244,8, 171,7
267,4, 181,1
287,4, 179,8
307,9, 181,9
309,7, 180,1
310,2, 156,9
334,9, 169,4
325,8, 159,4
339,9, 161,0
353,8, 178,3
355,3, 177,2
366,4, 192,2
358,8, 185,0
356,3, 188,0
356,8, 198,1
358,9, 201,4
355,0, 198,5
353,5, 188,2
361,1, 247,5
369,9, 362,9
371,1, 383,4
355,2, 607,3
357,5, 592,1
314,6, 633,5
347,2, 681,7
331,4, 658,4
311,3, 644,0
289,6, 619,8
317,3, 646,3
313,3, 640,5
319,8, 652,1
338,9, 701,8
329,3, 729,8
328,5, 738,3
304,9, 791,7
303,2, 774,7
309,6, 777,1
310,5, 775,3
245,3, 790,8
214,0, 835,8
263,6, 878,9
258,6, 863,0
319,7, 910,2
348,2, 929,3
337,1, 919,9
335,8, 923,5
297,3, 896,9
300,0, 884,8
295,9, 866,0
282,7, 867,4
281,4, 843,4
283,0, 831,1
290,2, 815,2
292,8, 800,9
302,4, 806,6
320,8, 824,7
329,8, 830,7
351,1, 836,9
361,6, 842,2
1474,5, 1116,5
1583,1, 1343,5
1613,8, 1371,3
1665,3, 1330,4
1678,9, 1323,8
1662,0, 1331,5
1660,3, 1331,9
1696,4, 1321,7
1694,9, 1321,7
1666,3, 1332,6
1677,1, 1328,4
1678,0, 1333,3
1678,8, 1330,7
1683,7, 1329,4
1698,5, 1331,7
1716,3, 1340,9
1731,4, 1353,0
1768,1, 1370,9
1766,2, 1378,8
1767,8, 1391,3
1752,5, 1402,6
1888,4, 1210,0
1818,2, 1219,9
1784,5, 1256,7
1720,7, 1320,6
1791,6, 1235,0
1410,6, 1051,9
1383,5, 1001,6
1579,3, 990,5
1638,8, 1024,6
1558,1, 1045,2
1574,7, 1129,2
1562,2, 1135,1
1520,9, 1144,2
1709,7, 1195,0
1987,8, 1339,0
2013,6, 1318,2
2193,8, 1245,6
2132,2, 1257,6
2060,7, 1308,0
2011,3, 1348,5
1983,3, 1333,6
1949,9, 1355,5
1941,3, 1358,6
1805,1, 1432,2
1793,8, 1428,7
1793,0, 1411,2
1792,5, 1409,0
1835,1, 1377,1
1825,5, 1382,6
1787,7, 1384,8
1773,0, 1392,0
1750,8, 1406,8
1745,5, 1417,7
1733,2, 1398,7
1725,8, 1381,6
1745,8, 1398,1
1758,4, 1383,7
1825,3, 1341,6
1800,8, 1361,8
1769,2, 1382,9
1830,5, 1405,1
1825,2, 1419,4
1819,2, 1429,3
1811,9, 1428,8
1808,7, 1398,9
1802,3, 1398,3
1800,4, 1393,9
1790,2, 1397,4
1751,3, 1418,6
1741,2, 1446,0
1743,4, 1452,6
1748,1, 1453,0
1762,8, 1439,7
1735,3, 1390,8
1724,4, 1353,0
1754,9, 1364,0
1758,9, 1369,8
1761,1, 1393,4
1750,6, 1408,8
1763,4, 1417,1
1758,8, 1421,5
1750,8, 1441,6
1806,0, 1436,7
1809,4, 1432,1
1763,1, 1431,0
1766,0, 1436,2
1800,3, 1452,6
1792,4, 1442,9
1792,2, 1445,2
1819,0, 1458,0
1820,9, 1456,3
1820,6, 1455,1
1821,1, 1456,6
1790,2, 1438,2
1741,1, 1414,7
1660,5, 1371,6
1499,1, 1328,3
1101,6, 1230,2
1049,4, 1219,8
1014,5, 1212,0
1028,9, 1216,4
962,1, 1201,3
951,7, 1189,7
953,5, 1194,2
964,5, 1200,9
943,8, 1188,3
817,9, 1133,0
816,9, 1133,7
807,5, 1136,5
804,7, 1138,2
797,9, 1149,8
802,3, 1150,0
799,9, 1154,2
806,4, 1160,0
816,9, 1160,0
822,9, 1146,7
825,1, 1160,3
828,8, 1156,1
844,9, 1164,8
908,6, 1166,2
1166,8, 1153,0
1520,8, 1251,5
1562,0, 1281,6
1553,4, 1282,3
1697,6, 1359,2
1714,1, 1366,7
1712,4, 1369,9
1713,0, 1370,1
1704,8, 1381,5
1708,9, 1381,1
1703,4, 1385,9
1698,6, 1383,7
1723,7, 1415,7
1721,5, 1430,2
1717,8, 1421,8
123,1, 835,7
180,2, 885,3
156,9, 866,4
165,5, 878,9
172,1, 867,3
162,1, 860,8
167,6, 854,0
-14,9, 717,8
-95,4, 630,5
-108,4, 624,0
-104,2, 616,4
-66,0, 630,5
-63,8, 628,8
-72,2, 605,6
-63,9, 608,1
-32,5, 647,5
-50,0, 640,9
-85,8, 610,5
-95,6, 606,2
-94,9, 609,2
-117,6, 579,7
-109,8, 562,5
-95,0, 583,4
-80,2, 595,7
-83,4, 596,0
-53,2, 616,4
-45,1, 625,5
-39,5, 629,5
-60,7, 601,0
-58,3, 599,0
81,1, 652,8
265,2, 734,2
658,8, 900,3
788,4, 957,0
860,1, 992,3
1007,9, 1060,1
1017,5, 1062,5
1028,9, 1068,9
1112,8, 1039,7
1097,3, 1011,2
1753,8, 873,7
1775,6, 903,5
1956,6, 883,4
2047,8, 879,4
2194,0, 875,6
2792,7, 829,9
2990,4, 813,5
2995,6, 813,4
2972,3, 767,4
2990,0, 734,8
2999,5, 749,7
3065,8, 712,4
3085,5, 706,7
3095,7, 706,2
3384,7, 638,8
3393,3, 639,2
3429,1, 651,6
3362,3, 738,4
3358,1, 759,0
3358,5, 775,5
3410,6, 738,0
3411,9, 736,4
3361,9, 759,8
3338,8, 756,5
3334,8, 746,7
3313,0, 744,4
3084,1, 705,4
1083,6, 728,4
1103,9, 713,0
1103,9, 713,0
461,0, 837,9
352,4, 864,7
151,2, 892,7
111,2, 913,8
88,6, 915,2
104,5, 902,0
152,7, 875,1
181,8, 868,6
168,5, 881,5
198,2, 869,3
192,8, 866,1
197,0, 863,5
154,1, 837,7
81,6, 800,3
-6,3, 758,9
-57,7, 733,3
-61,0, 733,7
-48,7, 739,3
-53,0, 735,9
142,5, 850,5
189,8, 869,9
495,4, 1017,4
1000,9, 1180,1
991,5, 1183,1
1026,2, 1205,9
1034,5, 1217,6
1019,8, 1214,7
1001,4, 1211,9
1027,9, 1215,3
1016,3, 1213,3
1004,7, 1213,9
978,4, 1222,7
995,4, 1235,5
998,7, 1236,7
963,7, 1200,1
974,5, 1209,0
323,0, 850,7
251,7, 805,0
252,3, 806,1
225,2, 777,1
845,5, 726,3
1204,4, 740,0
1502,6, 729,9
2360,9, 690,8
2488,3, 695,3
2488,3, 695,3
2824,9, 771,6
2929,3, 784,6
2963,7, 783,7
3099,5, 787,1
3176,1, 793,2
3223,7, 795,0
3180,0, 785,8
3279,3, 753,8
3335,0, 739,4
3336,8, 734,9
1664,4, 1342,4
1194,0, 1143,3
1368,9, 1225,8
1259,6, 1182,3
1547,0, 1325,1
1566,8, 1330,7
1713,3, 1386,1
1691,8, 1387,5
675,4, 1106,7
341,9, 856,6
316,6, 822,9
409,9, 840,8
557,2, 897,8
433,8, 890,3
451,2, 909,7
435,6, 906,7
443,0, 908,2
440,8, 916,3
578,9, 792,7
329,3, 826,2
221,7, 788,5
180,4, 736,8
53,9, 673,4
-191,8, 572,0
-227,1, 553,2
-230,2, 548,4
-220,2, 522,0
-178,8, 549,8
-187,7, 557,2
-144,7, 578,6
-76,1, 624,5
-75,8, 630,3
-138,3, 677,0
1288,1, 1285,6
1288,1, 1285,6
1260,4, 1230,8
1255,6, 1221,2
1299,0, 1243,7
1307,0, 1252,4
1309,5, 1250,9
1337,6, 1273,0
1387,4, 1335,8
1383,3, 1322,5
1369,0, 1280,6
1403,2, 1286,4
1445,1, 1322,6
1469,9, 1416,0
1482,8, 1393,4
1514,2, 1410,8
1600,8, 1446,5
1626,0, 1445,3
1732,5, 1403,9
1723,7, 1428,5
1739,4, 1417,0
1738,4, 1410,1
1720,2, 1397,5
1717,8, 1383,7
1719,5, 1379,3
1698,6, 1383,7
1703,2, 1384,8
1682,1, 1407,0
1689,0, 1416,2
1678,6, 1415,3
1606,6, 1397,6
1738,1, 1417,5
1773,0, 1422,6
1772,1, 1422,7
1784,5, 1414,7
1766,1, 1400,7
1770,8, 1389,8
1851,3, 1374,7
1785,5, 1386,3
1845,8, 1372,9
1520,9, 1902,7
1454,3, 2049,2
1346,2, 2311,1
1274,5, 2464,0
1289,9, 2493,2
1262,3, 2591,5
1239,6, 2566,5
1217,8, 2617,9
1240,2, 2612,9
1241,2, 2608,4
1238,1, 2596,3
1221,4, 2639,9
1183,5, 2649,9
1149,2, 2673,9
1049,6, 2747,7
1086,9, 2703,1
1082,5, 2715,1
1067,8, 2771,0
1071,5, 2811,6
1058,7, 2828,7
1077,4, 2885,9
1073,3, 2863,9
1086,2, 2869,9
1126,4, 2662,6
1123,0, 2617,5
1073,3, 2515,7
1050,3, 2456,8
540,6, 1487,5
315,7, 1126,7
206,5, 951,0
157,9, 891,5
50,7, 816,3
-16,4, 790,5
21,9, 805,5
38,5, 797,9
82,0, 824,9
53,3, 801,2
30,4, 791,1
9,0, 777,2
24,8, 787,0
-1,9, 771,1
-48,2, 738,8
-53,7, 728,4
-42,6, 732,3
-35,5, 736,5
-1,5, 757,2
2,2, 761,5
12,3, 769,8
472,4, 970,3
778,0, 1090,7
932,3, 1150,6
938,8, 1148,7
935,7, 1142,6
930,8, 1153,7
923,6, 1159,3
922,0, 1158,5
910,2, 1150,0
904,0, 1150,8
897,5, 1146,8
889,3, 1142,7
886,3, 1137,1
881,6, 1129,1
878,0, 1123,5
861,4, 1112,4
903,6, 1126,2
888,3, 1148,8
1250,0, 1272,7
1694,4, 1431,5
1733,6, 1446,7
1777,0, 1461,6
1824,0, 1457,0
1831,5, 1418,1
1829,5, 1406,4
1830,4, 1426,8
1847,1, 1481,0
1836,1, 1518,9
2161,8, 1851,1
2335,7, 2202,8
2419,2, 2387,0
2422,5, 2403,0
2424,4, 2408,3
2414,2, 2427,0
2419,8, 2442,8
2417,5, 2436,9
2432,3, 2420,1
2325,5, 2459,7
2313,2, 2467,7
2217,1, 2542,9
2255,6, 2550,9
2207,4, 2581,3
2225,5, 2609,9
2210,8, 2618,9
2196,7, 2647,2
2201,2, 2659,4
2212,9, 2723,0
2218,2, 2752,3
2218,3, 2754,3
2227,1, 2747,6
2220,4, 2718,9
2199,0, 2692,7
2172,5, 2653,7
2165,4, 2609,4
1486,6, 1535,4
1626,1, 1429,9
1676,0, 1358,4
1639,8, 1406,4
1654,2, 1373,1
1682,1, 1303,1
1684,5, 1310,5
1663,7, 1310,2
1634,7, 1295,5
1708,6, 1524,7
1929,6, 2213,3
2021,9, 2535,8
2063,3, 2573,9
2046,8, 2656,8
2033,0, 2648,9
2031,7, 2652,5
2040,3, 2661,9
2032,5, 2649,9
2031,9, 2645,7
2030,4, 2638,2
2036,0, 2634,0
2066,8, 2667,7
2059,8, 2633,3
2069,3, 2654,2
2064,5, 2637,3
2081,6, 2649,3
2106,3, 2629,4
2119,4, 2702,8
2127,9, 2735,8
2124,8, 2761,1
2113,5, 2727,9
2081,7, 2703,6
2084,6, 2644,5
2066,4, 2623,8
1963,1, 2008,8
1940,2, 1934,3
1893,1, 1764,3
1869,2, 1693,2
1805,4, 1500,7
1771,2, 1414,9
1714,5, 1369,0
1714,3, 1374,7
1723,2, 1372,3
1743,3, 1373,8
1768,8, 1362,8
1773,4, 1368,5
1781,3, 1376,3
1764,9, 1367,8
1763,8, 1371,5
1752,5, 1371,4
1753,4, 1375,3
1756,4, 1380,7
1757,4, 1386,4
1733,9, 1403,5
1733,7, 1399,0
1728,6, 1405,8
1735,7, 1418,7
1738,7, 1429,9
1734,9, 1436,2
1740,8, 1501,6
1739,5, 1502,9
855,1, 1423,2
1143,6, 906,8
1146,7, 924,7
1141,3, 937,8
1141,6, 937,4
1138,5, 936,3
1151,2, 938,4
1138,0, 934,1
1138,7, 933,2
1137,4, 932,4
1137,4, 932,4
621,6, 939,4
565,9, 961,8
574,1, 958,2
579,5, 969,4
607,8, 1003,1
617,6, 1009,1
623,7, 1013,2
628,8, 1014,6
633,2, 1016,7
667,1, 1029,9
686,4, 1039,3
1001,8, 1162,9
1088,4, 1201,0
1169,6, 1235,1
1255,5, 1275,2
1673,6, 1455,8
1667,4, 1453,3
1674,2, 1478,5
1675,2, 1473,9
1654,7, 1430,7
1651,3, 1415,0
1675,0, 1421,5
1689,6, 1444,4
1689,9, 1443,7
1689,6, 1447,2
1697,1, 1468,7
1672,5, 1463,1
1667,8, 1465,4
1661,8, 1452,3
1658,1, 1448,0
1657,6, 1450,4
1654,9, 1454,0
1644,9, 1456,4
1639,9, 1454,0
1641,1, 1454,6
1643,9, 1454,9
1650,1, 1463,5
1651,2, 1471,8
1664,2, 1467,9
1642,3, 1463,0
1653,7, 1468,4
1643,0, 1480,0
1608,0, 1453,8
1550,2, 1428,7
1378,4, 1354,7
885,9, 1157,2
1032,1, 1212,9
655,8, 1064,1
644,9, 1073,4
659,6, 1100,8
664,4, 1101,4
685,1, 1110,9
718,0, 1125,3
742,4, 1145,3
736,7, 1143,4
742,4, 1139,2
701,3, 1120,5
670,3, 1098,7
650,8, 1082,6
645,0, 1082,3
642,5, 1080,3
644,1, 1082,9
642,5, 1081,0
639,6, 1075,7
625,9, 1071,5
574,5, 1050,6
495,4, 1017,0
375,8, 954,1
346,2, 939,3
116,8, 816,9
-95,0, 693,7
-94,9, 691,3
-305,1, 571,6
-270,0, 596,7
-280,0, 587,9
-249,0, 591,3
-211,7, 604,2
-184,9, 615,9
-175,8, 619,6
-95,2, 676,1
-76,6, 687,4
-46,4, 701,6
1,0, 730,8
8,2, 733,8
8,0, 717,9
17,1, 709,5
35,0, 635,9
42,1, 589,6
41,5, 582,6
46,4, 572,4
126,1, 580,5
130,6, 583,8
129,1, 583,2
124,7, 579,3
179,3, 607,4
311,6, 703,5
635,3, 987,1
616,3, 972,2
605,2, 979,3
584,8, 973,8
593,5, 964,8
613,6, 981,0
619,2, 988,7
619,1, 994,1
635,2, 1000,3
647,5, 991,8
624,3, 981,5
631,5, 983,3
584,6, 932,9
597,0, 950,4
590,8, 949,8
592,7, 967,6
616,5, 978,0
612,6, 975,1
614,6, 975,6
587,0, 850,1
563,9, 759,3
558,9, 721,4
541,1, 641,2
474,6, 446,2
451,0, 390,6
390,6, 304,7
392,3, 302,9
424,3, 306,9
426,1, 311,8
422,0, 302,1
888,2, 428,7
948,7, 445,5
1025,1, 465,0
1040,2, 470,2
1094,8, 479,2
1133,9, 483,0
1140,9, 464,8
1129,2, 447,4
1111,0, 424,4
1109,0, 434,2
1128,5, 457,0
1184,1, 556,0
1441,0, 991,4
1442,3, 1034,3
1463,2, 1078,0
1482,3, 1118,4
1476,0, 1125,0
1473,2, 1123,6
1460,3, 1082,2
1454,3, 1058,0
1448,1, 1049,2
1439,2, 1031,9
1453,8, 1026,8
1445,9, 910,5
1455,3, 800,9
1503,1, 722,6
1573,9, 751,1
1607,3, 731,0
1551,8, 670,0
1577,4, 720,1
1604,1, 707,0
1629,5, 678,3
1662,6, 650,3
1725,4, 600,4
1854,8, 562,3
1843,9, 567,7
2222,9, 526,6
2316,7, 515,2
2319,0, 497,2
2325,1, 491,0
2374,8, 457,3
2376,9, 452,1
2373,1, 449,1
2398,5, 405,7
2407,4, 384,8
2438,2, 342,7
2506,0, 245,1
2520,3, 219,9
2544,0, 160,5
2556,9, 139,6
2567,7, 130,8
2589,5, 86,5
2614,4, 59,0
2611,7, 59,4
2614,2, 57,0
2613,7, 61,3
2559,9, 130,5
2565,5, 125,0
2558,5, 140,4
2543,0, 170,6
2548,9, 167,8
2554,0, 166,1
2575,1, 159,2
2586,7, 155,0
2581,8, 164,4
2582,4, 166,2
2589,5, 165,4
2592,4, 165,8
2594,9, 161,9
2605,7, 151,1
2623,4, 125,8
2628,7, 113,3
2635,1, 99,4
2637,1, 100,0
2637,5, 118,6
2637,9, 118,3
2640,6, 112,3
2644,4, 99,4
2647,4, 99,2
2662,2, 89,0
2659,7, 86,5
2649,4, 80,3
2636,4, 81,6
2637,4, 81,4
2636,3, 84,9
2635,1, 88,8
2630,1, 98,2
2635,4, 94,9
2635,9, 94,2
2640,8, 86,1
2642,6, 83,7
2649,5, 71,5
2647,2, 69,7
2630,7, 70,5
2633,6, 71,6
2634,3, 81,4
2637,5, 81,5
2638,0, 82,1
2646,8, 80,7
2645,6, 81,4
2656,3, 97,8
2648,8, 93,8
2650,8, 79,0
2645,0, 60,8
2620,6, 79,2
2623,3, 79,9
2633,3, 69,2
2633,3, 69,2
910,5, 443,1
445,8, 545,3
1013,2, 459,4
1087,5, 449,0
691,4, 530,0
729,7, 522,1
755,0, 531,0
963,2, 487,8
880,3, 504,5
339,2, 585,9
374,9, 588,5
229,1, 565,2
125,0, 559,1
4,4, 548,5
-104,8, 558,6
-193,1, 548,5
-213,3, 561,0
-187,9, 530,1
-198,8, 538,1
-189,8, 545,4
-194,6, 556,2
-160,6, 551,9
-171,6, 550,4
-107,0, 597,0
-14,1, 651,9
140,8, 694,1
324,5, 726,4
340,6, 730,5
402,9, 708,3
499,4, 687,1
515,4, 672,3
519,8, 658,2
477,7, 622,2
479,1, 607,8
437,3, 574,1
418,3, 571,6
427,3, 574,4
461,9, 592,5
443,6, 583,6
460,6, 592,5
421,9, 571,8
410,7, 566,6
378,6, 548,7
375,7, 544,9
476,1, 576,0
469,0, 596,1
1229,1, 1108,4
1349,3, 1200,4
1611,9, 1377,8
1639,6, 1360,1
1639,6, 1360,6
1644,6, 1411,7
1685,1, 1423,5
1687,7, 1420,7
1679,7, 1415,6
1675,3, 1410,0
1652,1, 1407,4
1645,5, 1400,4
1656,0, 1391,7
1664,1, 1394,2
1696,8, 1395,2
1706,0, 1399,0
1708,7, 1397,1
1666,7, 1388,3
1678,7, 1392,7
1679,9, 1393,5
1686,2, 1395,2
1708,7, 1398,4
1730,8, 1388,2
1731,2, 1391,8
1730,3, 1400,2
1729,2, 1402,3
1749,2, 1430,8
1739,0, 1416,0
1775,1, 1379,3
1758,6, 1391,6
1780,5, 1377,5
1773,4, 1388,9
1772,9, 1388,8
1773,8, 1389,3
1775,4, 1396,4
1780,5, 1386,8
1778,3, 1385,5
1771,3, 1375,8
1772,5, 1382,1
1769,3, 1379,7
1779,5, 1396,1
1781,1, 1413,9
1751,4, 1523,0
1592,4, 1903,7
1545,5, 2036,1
1502,1, 2192,2
1438,3, 2389,5
1435,4, 2399,2
1373,4, 2616,9
1376,9, 2606,6
1385,9, 2586,2
1379,9, 2642,1
1375,6, 2629,8
1408,9, 2622,7
1407,9, 2619,4
1605,1, 1463,6
1574,7, 1606,3
1602,4, 1574,0
1551,0, 1830,0
1586,2, 1740,8
1672,5, 1508,5
1716,0, 1357,8
1735,1, 1295,5
1737,9, 1295,8
1751,3, 1289,1
1745,2, 1289,8
1744,3, 1287,9
1741,0, 1279,6
1743,7, 1272,9
1746,9, 1274,2
1747,3, 1270,8
1747,4, 1267,0
1737,1, 1259,2
1714,7, 1245,5
1699,1, 1248,6
1642,7, 1264,2
1149,4, 1256,2
1005,6, 1249,6
944,3, 1252,1
872,5, 1250,0
854,4, 1250,7
830,3, 1254,9
798,9, 1253,9
795,8, 1252,3
797,1, 1253,5
779,2, 1247,7
774,0, 1242,2
718,9, 1200,1
281,1, 1005,0
201,2, 975,5
-18,4, 885,5
-52,5, 855,8
-15,3, 883,7
35,0, 897,8
112,3, 938,6
161,1, 967,3
187,5, 981,2
149,5, 953,4
130,7, 942,1
122,6, 937,9
117,1, 936,5
113,4, 935,2
100,6, 923,7
101,0, 922,2
99,3, 921,8
98,1, 921,5
156,7, 942,8
190,9, 959,1
194,3, 960,9
202,9, 962,2
207,8, 963,9
216,9, 978,4
230,4, 1001,0
246,4, 1170,6
246,1, 1203,0
248,3, 1212,7
262,4, 1226,7
278,3, 1249,0
263,4, 1242,0
237,6, 1230,7
229,6, 1227,3
226,4, 1237,4
219,9, 1236,9
217,3, 1236,4
217,0, 1233,9
351,7, 702,1
412,7, 456,1
404,0, 319,3
402,6, 277,2
397,4, 274,7
395,1, 281,2
382,8, 290,6
384,7, 296,2
294,4, 189,3
337,5, 243,2
345,2, 256,9
323,8, 237,5
366,3, 308,7
402,9, 359,8
378,3, 330,9
392,6, 369,8
415,4, 393,1
412,6, 389,1
417,2, 393,5
551,4, 447,7
861,0, 556,3
882,6, 571,0
892,7, 577,2
895,1, 587,8
897,1, 602,0
873,1, 595,8
816,7, 575,9
700,6, 514,9
676,5, 498,5
549,4, 389,3
484,7, 362,0
400,8, 358,6
282,9, 350,7
213,0, 370,0
106,1, 423,3
88,9, 474,2
82,6, 504,2
80,4, 505,4
78,9, 501,3
13,0, 472,9
-11,4, 477,7
-54,5, 468,8
-24,6, 505,7
-28,8, 523,2
-43,6, 513,6
-37,0, 526,5
-11,9, 540,0
-6,3, 543,4
10,9, 549,1
23,7, 553,0
-6,2, 507,1
-7,7, 505,5
-6,1, 489,6
36,0, 445,9
76,3, 437,3
184,2, 410,1
246,1, 387,2
356,5, 328,7
577,5, 247,7
619,4, 284,0
640,6, 294,1
681,0, 299,9
691,4, 284,1
701,9, 293,2
711,1, 278,9
747,2, 282,3
787,4, 277,4
2002,4, 257,1
1994,2, 288,3
2140,2, 293,7
2227,8, 291,4
2226,6, 286,1
2228,9, 266,0
2236,5, 259,1
2253,4, 243,3
2280,0, 242,8
2333,9, 268,7
2366,4, 276,0
2375,6, 276,7
2396,6, 274,9
2455,8, 327,6
2451,5, 324,5
2451,6, 323,4
2507,8, 309,9
2492,3, 319,8
2479,7, 312,5
2483,9, 302,8
2492,7, 292,8
2495,8, 290,6
2492,4, 290,1
2480,0, 273,2
2474,2, 270,8
2500,3, 165,7
2516,4, 153,2
2528,9, 155,6
2549,0, 173,4
2543,5, 147,3
2560,1, 166,2
2595,7, 148,9
2617,0, 116,1
2640,7, 118,6
2967,8, 120,4
3129,2, 127,4
3186,3, 168,7
3134,8, 229,0
3171,0, 202,4
3115,9, 263,6
3139,4, 239,9
3129,5, 255,7
3126,5, 263,2
3142,1, 254,2
3262,2, 197,8
3274,4, 225,3
3285,2, 234,7
3340,1, 271,9
3330,9, 269,7
3336,8, 279,8
3328,0, 276,1
3309,3, 272,1
3309,1, 282,9
3134,8, 276,5
3169,4, 322,8
2790,7, 369,7
2778,1, 371,7
2688,4, 362,8
2629,1, 371,5
2555,7, 386,0
2540,4, 386,0
2505,1, 377,9
2480,2, 384,3
2468,8, 386,2
2458,2, 389,0
2192,6, 363,3
2163,5, 374,9
2085,0, 372,0
2013,3, 369,1
1999,4, 355,7
1908,5, 346,3
1651,5, 324,8
1637,7, 324,1
1622,5, 324,0
1543,9, 331,7
1451,5, 331,7
1457,5, 329,2
1417,4, 324,6
1405,2, 317,0
1341,0, 298,9
1271,6, 260,0
1244,2, 241,3
1196,3, 198,8
1104,7, 146,6
986,4, 81,4
955,7, 87,1
926,5, 87,8
887,5, 104,0
885,1, 104,1
844,3, 122,5
836,7, 111,3
784,2, 111,0
708,2, 109,7
595,6, 97,6
557,3, 88,4
500,9, 80,2
508,5, 80,7
422,6, 76,0
124,1, 23,5
82,8, 18,4
-31,0, 31,0
-95,5, 29,1
-130,4, 2,0
-119,3, 72,5
-101,7, 96,0
-96,2, 99,4
-95,2, 100,3
-73,0, 63,5
-73,3, 63,2
-51,1, 94,7
-23,8, 130,6
-32,9, 132,2
-33,4, 136,7
-15,1, 168,5
23,9, 219,1
43,5, 242,3
63,3, 249,9
96,3, 280,3
139,2, 309,8
148,7, 311,2
182,2, 329,6
189,5, 331,1
190,4, 332,0
385,0, 400,5
572,6, 396,8
758,8, 417,0
737,5, 424,0
790,0, 425,2
848,0, 465,0
852,5, 465,1
862,9, 463,6
937,7, 457,5
975,6, 458,5
1019,8, 458,1
1115,0, 462,9
1176,8, 469,5
1270,3, 493,9
1321,4, 464,4
1328,9, 468,0
1353,2, 486,9
1375,0, 508,0
1399,4, 516,3
1456,1, 523,2
1492,2, 509,6
1514,8, 494,7
1522,4, 474,2
1531,9, 451,7
1533,7, 439,0
1579,2, 410,3
1723,0, 339,5
1755,7, 332,8
2157,2, 294,7
2264,7, 340,4
2299,1, 290,7
2328,0, 281,4
2381,6, 297,1
2411,2, 296,2
2421,9, 315,9
2438,3, 317,4
2458,5, 327,7
2617,5, 417,6
2723,8, 446,4
3013,0, 475,9
3025,4, 478,6
3087,2, 491,1
3191,9, 509,1
3202,0, 511,7
3211,7, 511,4
3249,4, 514,0
3221,0, 526,5
3223,9, 525,6
3233,1, 532,6
3238,3, 541,3
3291,3, 564,5
3179,2, 594,3
3196,6, 594,1
3219,6, 639,2
3262,4, 655,3
3265,0, 656,8
3311,1, 671,3
3357,3, 655,1
3352,9, 657,1
3337,3, 672,6
3320,6, 675,6
3346,1, 625,3
3376,7, 614,9
3377,1, 613,2
3338,6, 601,4
3350,2, 603,1
3302,3, 574,0
3255,5, 556,4
3219,3, 554,7
3077,3, 543,3
2989,2, 568,4
2707,7, 546,3
2669,7, 549,9
2605,0, 557,1
2547,2, 562,6
2483,6, 547,2
2329,3, 561,5
2291,5, 571,6
2188,2, 637,0
2148,3, 617,3
2054,4, 619,8
2011,4, 623,4
2005,2, 628,0
1935,5, 619,6
1865,8, 615,8
1751,6, 590,4
1680,5, 574,5
1672,7, 572,4
1592,0, 554,0
1575,6, 585,6
1541,2, 581,8
1487,4, 547,3
1432,5, 522,0
1417,7, 513,4
1313,1, 461,2
1303,9, 467,3
1248,9, 481,4
1222,5, 491,4
1203,3, 479,1
1181,4, 488,9
1121,9, 475,6
1087,6, 464,4
1024,6, 449,7
964,1, 442,4
950,8, 434,9
901,4, 440,5
854,1, 433,9
814,4, 437,6
801,9, 431,3
775,3, 434,1
688,6, 428,4
450,6, 399,1
311,6, 379,4
39,5, 348,9
-34,3, 340,1
-72,0, 330,9
-39,8, 358,3
-58,4, 344,5
-53,8, 357,4
-55,7, 363,7
-48,1, 373,0
-59,7, 392,9
-98,7, 392,0
-139,1, 382,2
-147,9, 382,6
-151,1, 386,4
-145,3, 395,4
-138,2, 397,5
-143,2, 397,9
-35,6, 453,3
-14,8, 461,2
24,7, 480,8
79,0, 494,9
59,8, 489,2
336,1, 522,5
425,7, 528,6
470,2, 533,1
525,7, 540,7
637,0, 553,2
671,4, 546,5
677,6, 547,4
705,3, 549,2
769,2, 557,2
909,4, 602,9
884,4, 583,3
930,5, 584,1
1040,0, 604,7
1181,9, 604,4
1288,7, 631,8
1483,1, 630,4
1517,1, 662,1
1553,5, 644,8
1581,5, 628,9
1603,3, 605,2
1659,5, 585,5
1687,8, 586,9
1693,7, 571,9
1727,3, 586,8
2306,6, 573,0
2460,7, 556,3
2457,8, 551,7
2566,0, 534,5
2588,1, 530,4
2626,8, 503,7
2779,3, 433,1
2878,0, 385,3
2966,6, 367,5
3020,6, 368,2
3203,8, 368,6
3384,3, 330,6
3405,7, 326,8
3504,6, 350,2
3594,3, 300,0
3565,9, 325,2
3543,4, 336,1
3530,4, 351,1
3515,4, 356,7
3496,4, 361,2
3489,7, 360,0
3478,6, 367,4
3456,6, 390,0
3432,0, 422,8
3425,1, 429,0
3405,4, 443,4
3393,6, 452,1
3374,2, 468,5
3374,4, 471,8
3377,9, 476,0
3372,7, 466,6
3372,1, 475,5
3355,4, 452,0
3336,7, 462,9
3331,5, 467,6
3330,8, 458,9
3203,1, 467,7
3014,0, 485,7
2907,0, 496,3
2831,9, 492,4
2787,6, 489,9
2761,3, 484,9
2737,7, 481,8
2716,2, 475,1
2688,0, 474,6
2623,8, 473,8
2519,4, 471,4
2449,1, 467,8
2343,2, 476,0
2376,1, 478,1
2275,3, 473,1
1979,7, 446,2
1830,0, 412,0
1773,8, 400,1
1742,3, 410,3
1704,6, 435,7
1662,8, 437,6
1609,5, 441,9
1612,7, 439,5
1593,5, 439,0
1561,5, 428,2
1517,5, 436,2
1488,2, 436,2
1482,9, 417,1
1456,3, 408,0
1339,4, 401,1
1288,1, 382,9
1209,1, 359,8
1166,8, 326,4
1185,4, 340,7
1113,3, 296,3
1077,3, 276,8
1020,8, 250,4
926,8, 240,8
916,4, 243,6
877,5, 249,6
877,1, 266,4
860,5, 275,8
713,3, 256,0
751,6, 268,9
649,9, 259,2
347,3, 225,3
143,4, 184,6
112,3, 182,1
-44,9, 148,6
-135,2, 132,4
-187,0, 120,9
-240,0, 110,8
-233,8, 111,5
-205,2, 126,8
-136,2, 164,5
-127,1, 170,6
-137,5, 158,5
-144,8, 148,4
-120,0, 179,6
-125,0, 155,7
-190,7, 79,2
-145,9, 138,9
-77,3, 133,1
-53,7, 164,5
79,2, 280,6
67,6, 240,4
247,4, 199,6
299,4, 238,7
392,9, 251,0
461,0, 243,8
477,9, 234,9
497,2, 234,6
618,8, 237,9
664,4, 254,6
667,5, 219,9
665,9, 206,2
737,4, 163,6
854,9, 151,2
1160,3, 165,9
1099,8, 156,4
1244,1, 171,6
1359,5, 177,5
1808,4, 209,2
1806,6, 205,5
2052,6, 208,4
2058,6, 207,1
2062,0, 208,1
2077,9, 210,9
2114,9, 213,6
2122,5, 217,7
2141,7, 220,8
2155,7, 218,5
2161,0, 225,3
2206,1, 238,8
2414,7, 293,5
2445,1, 299,9
2454,5, 338,1
2459,0, 340,5
2468,1, 344,1
2474,4, 341,5
2498,7, 331,4
2566,7, 294,1
2650,0, 265,9
2727,7, 242,4
3205,5, 168,4
3390,5, 138,7
3300,1, 152,5
3195,7, 171,0
3559,8, 146,8
3550,2, 163,8
3545,4, 168,9
3532,9, 179,8
3523,1, 189,1
3474,3, 217,2
3457,0, 232,9
3446,4, 247,2
3404,9, 306,5
3389,2, 330,9
3376,0, 364,4
3361,5, 401,0
3382,2, 417,5
3365,1, 416,7
3357,5, 428,5
3355,7, 428,8
3352,3, 429,7
3306,3, 427,8
3309,3, 433,9
3211,2, 454,2
3197,6, 456,8
3113,6, 475,7
3049,4, 490,3
2878,4, 523,0
2827,4, 533,1
2794,6, 539,2
2680,6, 557,4
2583,2, 572,7
2509,9, 593,3
2502,3, 595,6
2471,7, 590,7
2434,6, 590,4
2385,4, 597,0
2333,0, 601,6
2259,6, 587,7
2088,4, 547,0
1965,9, 548,1
1957,9, 538,2
1941,8, 529,8
1865,8, 521,7
1791,5, 517,8
1778,6, 519,4
1760,8, 515,6
1645,8, 513,6
1628,0, 504,2
1604,7, 501,2
1555,7, 484,5
1487,3, 449,6
1456,3, 434,6
1434,7, 426,0
1383,3, 409,5
1372,6, 408,4
1286,6, 392,3
1185,2, 392,5
977,3, 386,8
472,2, 366,3
354,5, 357,0
215,5, 348,8
102,4, 346,3
81,4, 344,7
25,9, 339,6
43,9, 338,4
112,0, 415,2
158,3, 449,3
256,0, 509,7
276,3, 530,9
335,8, 565,0
371,7, 582,0
364,4, 578,9
323,6, 548,6
336,2, 557,0
295,8, 573,3
291,4, 574,7
284,5, 572,7
240,6, 550,0
238,5, 549,5
215,8, 544,5
188,1, 531,8
179,1, 528,6
173,6, 527,7
189,0, 538,3
214,7, 557,7
176,4, 535,1
167,9, 529,6
163,7, 525,8
163,1, 525,6
164,2, 525,9
164,8, 526,5
165,2, 526,0
165,2, 518,5
208,4, 535,8
210,7, 539,4
212,1, 540,9
211,6, 544,3
205,7, 537,0
178,9, 502,6
193,6, 514,1
174,3, 484,2
358,7, 611,7
519,2, 785,7
623,4, 912,9
807,1, 1139,9
860,0, 1215,0
822,9, 1146,1
784,6, 1206,3
777,5, 1208,6
762,1, 1225,8
752,3, 1231,6
749,2, 1225,0
698,7, 1241,7
663,8, 1255,7
514,3, 1310,8
494,2, 1319,9
499,7, 1322,9
490,6, 1312,2
489,3, 1308,2
496,5, 1311,9
495,9, 1320,6
460,2, 1339,3
467,7, 1329,0
475,3, 1344,0
482,0, 1352,8
465,7, 1365,1
450,6, 1346,4
424,0, 1270,7
688,6, 786,8
713,8, 721,1
744,1, 653,4
753,1, 631,9
760,8, 495,3
750,6, 419,4
734,4, 364,3
730,5, 357,9
657,9, 301,6
619,9, 341,6
611,7, 304,0
406,2, 327,3
254,4, 349,2
214,0, 361,0
163,0, 371,0
177,2, 396,9
188,3, 408,2
170,4, 424,3
154,2, 432,9
129,4, 423,4
123,0, 420,8
102,9, 421,0
104,6, 416,9
113,6, 433,2
132,2, 450,7
138,5, 462,2
165,5, 497,7
161,4, 492,5
156,6, 490,5
170,9, 509,4
191,2, 526,6
200,4, 534,0
213,0, 544,7
198,5, 539,5
208,7, 544,2
195,2, 536,4
306,3, 500,9
343,9, 476,5
948,0, 315,8
971,9, 278,4
1058,1, 271,9
1124,4, 278,3
1165,6, 266,4
1394,2, 210,9
1471,7, 242,6
1476,1, 241,4
1487,1, 254,5
1512,7, 288,0
1535,7, 289,7
1520,4, 281,2
1601,9, 218,8
1596,4, 222,4
1661,0, 167,9
1662,6, 173,7
1666,4, 192,5
1670,3, 196,1
1665,8, 193,7
1663,5, 192,6
1651,8, 194,4
1649,4, 195,1
1646,0, 182,8
1639,1, 133,9
1630,4, 110,8
1632,6, 115,3
1630,9, 118,5
1631,6, 119,2
1630,5, 119,7
1633,9, 156,5
1671,8, 532,3
1701,4, 1161,3
1711,7, 1174,4
1723,9, 1241,1
1723,9, 1285,4
1734,8, 1303,8
1718,5, 1318,0
1719,0, 1320,4
1722,3, 1319,9
1723,1, 1318,1
1722,8, 1313,8
1724,5, 1309,6
1717,8, 1293,6
1747,9, 1226,4
1830,2, 1055,6
1932,4, 880,0
2027,0, 743,9
2033,9, 729,4
2119,6, 596,7
2240,9, 405,5
2399,3, 121,9
2411,2, 92,2
2413,2, 91,8
2416,3, 97,1
2419,0, 125,3
2423,5, 150,6
2429,1, 184,9
2435,7, 207,7
2445,5, 260,7
2412,9, 326,7
2424,8, 327,8
2392,0, 376,8
2383,1, 389,6
2350,6, 418,1
2340,7, 435,4
2305,0, 472,8
1947,6, 839,0
1472,4, 1226,2
1562,5, 1160,5
1556,4, 1290,0
1496,7, 1318,9
1423,8, 1336,8
1434,9, 1366,7
1571,9, 1478,0
1613,5, 1478,3
1626,5, 1467,2
1652,4, 1449,6
1705,7, 1410,9
1700,5, 1413,3
1701,1, 1403,5
1696,1, 1394,7
1695,4, 1395,0
1690,0, 1390,1
1678,4, 1378,9
1679,5, 1379,4
1697,3, 1379,5
1707,5, 1381,0
1745,3, 1382,8
1771,7, 1380,7
1778,6, 1371,5
1776,1, 1364,6
1783,4, 1364,8
1776,3, 1359,9
1765,7, 1364,2
1759,7, 1372,1
1746,7, 1369,0
1747,1, 1366,7
1626,3, 1272,6
1296,9, 1034,5
1034,4, 878,3
811,5, 749,0
676,9, 671,8
612,8, 639,7
218,8, 448,0
-287,0, 183,1
-215,5, 250,5
-197,3, 239,7
-163,0, 288,6
-102,2, 312,1
65,6, 462,6
84,6, 470,1
83,4, 468,5
101,5, 480,6
94,8, 516,7
849,5, 655,1
846,7, 723,8
853,1, 773,8
857,7, 775,4
874,4, 772,7
894,4, 764,8
892,3, 761,6
886,1, 754,3
891,1, 754,5
945,6, 768,8
1104,0, 665,8
1582,3, 333,4
1662,0, 428,1
1668,0, 419,5
1655,2, 395,3
1640,1, 357,4
1646,5, 311,2
1649,4, 295,3
1633,7, 259,6
1642,0, 259,7
1647,4, 258,3
1651,2, 245,1
1650,1, 252,1
1659,5, 232,3
1662,4, 276,0
1685,6, 384,4
1715,7, 483,9
1724,8, 509,4
1785,5, 696,3
1790,6, 728,5
1840,9, 892,7
1789,6, 906,5
1723,4, 962,0
1740,1, 965,0
1759,8, 961,6
1781,6, 984,0
1728,0, 1018,1
1755,9, 1001,1
1720,0, 997,3
1730,9, 992,8
1751,4, 955,1
1797,1, 984,8
1859,3, 996,0
2018,2, 990,3
2142,1, 1017,9
2082,1, 1018,2
2071,4, 1040,5
2044,3, 1049,8
2047,2, 1031,5
2050,3, 1021,8
2084,5, 1011,0
2087,3, 967,6
2147,1, 878,7
2197,8, 800,1
2253,2, 711,3
2275,5, 629,1
2134,5, 775,7
2030,5, 893,4
1982,6, 939,4
1809,7, 1205,6
1861,9, 1136,8
1912,4, 1008,6
1919,1, 959,2
1899,7, 967,8
1897,6, 968,8
1720,2, 1292,1
1711,7, 1327,7
1705,9, 1340,1
1713,0, 1356,2
1711,5, 1370,7
1696,2, 1372,5
1696,5, 1378,2
1693,1, 1375,9
1689,1, 1375,9
1684,0, 1369,8
1677,5, 1359,1
1682,4, 1355,2
1709,3, 1350,0
1712,2, 1351,2
1716,3, 1354,6
1706,5, 1371,4
1714,8, 1364,3
1748,9, 1315,1
1791,8, 1264,8
1772,5, 1322,4
1776,4, 1320,4
1778,9, 1327,7
1779,4, 1335,7
1787,0, 1369,3
1794,5, 1363,0
1718,1, 1569,8
1327,0, 2454,7
1239,6, 2619,1
1254,3, 2608,8
1230,2, 2639,2
1185,7, 2703,0
1130,4, 2780,8
1117,0, 2681,6
1079,5, 2703,6
1064,4, 2743,7
1014,4, 2819,9
1073,1, 2718,7
1115,4, 2643,0
1113,6, 2666,6
1085,5, 2722,6
1069,6, 2772,5
1021,8, 2885,5
1054,1, 2836,5
1075,2, 2769,9
1090,2, 2758,6
1157,3, 2610,4
1169,0, 2556,0
1316,5, 1429,2
1400,4, 880,6
1478,1, 347,8
1512,0, 142,7
1525,6, 138,9
1531,1, 141,3
1545,1, 157,9
1555,6, 184,8
1559,9, 182,0
1554,0, 186,0
1281,6, 263,7
1228,7, 270,7
789,7, 330,7
333,2, 380,8
-193,2, 401,2
-219,3, 389,2
-236,2, 380,5
-299,6, 352,1
-296,8, 352,9
-248,0, 374,8
-242,9, 377,6
-204,5, 396,9
-130,0, 435,7
-19,7, 490,2
32,9, 518,5
98,2, 543,1
129,9, 560,3
83,5, 542,1
133,7, 549,2
135,8, 558,8
143,5, 539,8
252,7, 283,6
269,6, 242,7
252,2, 223,8
232,4, 201,0
227,7, 202,5
214,4, 195,9
226,1, 202,7
270,3, 241,4
316,5, 281,2
421,9, 384,4
402,6, 364,0
421,6, 403,1
402,5, 391,8
392,9, 381,4
283,7, 292,3
240,2, 249,4
229,3, 239,6
222,3, 233,3
208,5, 233,6
218,2, 245,0
214,4, 243,0
244,7, 267,5
264,8, 286,3
273,2, 300,4
263,3, 294,0
267,1, 306,0
232,9, 283,9
198,5, 262,0
89,9, 156,2
95,7, 162,9
113,2, 191,5
161,0, 256,6
138,0, 226,3
135,6, 222,9
141,7, 228,0
157,1, 233,8
182,9, 253,7
165,0, 220,4
165,5, 218,2
840,6, 1093,8
847,6, 1104,4
877,5, 1135,9
876,9, 1138,9
868,9, 1131,5
863,8, 1127,9
847,7, 1118,9
851,6, 1125,6
845,2, 1123,5
783,6, 1106,5
734,4, 1100,6
705,6, 1092,3
646,2, 1059,7
662,0, 1068,6
665,1, 1098,9
642,1, 1080,6
637,2, 1080,3
610,2, 1078,9
504,6, 1039,3
512,3, 1016,8
505,8, 1018,3
521,6, 1010,8
565,8, 1019,6
637,9, 1008,3
948,9, 952,9
1198,0, 909,8
1248,4, 931,4
1274,5, 937,3
1276,6, 940,2
1269,8, 939,6
1258,0, 941,9
1265,2, 932,0
1164,9, 847,2
1049,6, 732,3
792,9, 543,3
863,9, 636,5
780,0, 628,3
707,3, 608,0
704,3, 595,7
765,1, 626,8
535,5, 621,7
-70,3, 608,1
-162,2, 609,5
-295,5, 601,0
-244,8, 599,8
-228,2, 603,1
-195,5, 628,4
-173,2, 647,0
-165,9, 646,5
-140,7, 666,8
-93,3, 688,4
-11,7, 732,4
47,5, 762,6
119,9, 800,9
147,8, 829,6
159,8, 829,0
147,3, 850,7
154,3, 853,9
177,6, 853,5
175,4, 845,6
183,5, 843,7
315,6, 905,6
330,6, 907,9
476,4, 930,6
545,4, 932,8
693,0, 896,2
745,3, 887,1
805,1, 872,6
852,8, 830,5
818,7, 781,6
834,2, 796,8
824,8, 784,8
839,2, 770,2
848,4, 738,2
928,6, 681,8
1042,4, 646,7
1219,2, 600,9
1802,9, 464,9
2057,1, 406,6
2085,3, 395,5
2120,7, 383,1
2124,1, 373,3
2131,1, 366,3
2161,6, 328,5
2178,0, 319,0
2197,5, 308,5
2241,2, 304,0
2276,3, 308,2
2289,8, 305,1
2340,1, 316,8
2391,6, 327,9
2400,7, 331,8
2405,6, 332,6
2395,4, 347,0
2421,8, 315,8
2446,4, 292,5
2512,7, 235,7
2525,9, 230,6
2584,5, 191,1
2576,7, 191,6
2593,9, 194,4
2631,2, 193,1
2671,2, 212,2
2672,8, 226,4
2682,5, 246,6
2680,9, 226,9
2774,8, 204,3
2782,5, 204,1
2984,4, 114,9
3026,1, 105,2
3048,4, 99,8
3063,8, 93,7
3092,9, 111,0
3091,2, 127,7
3114,5, 125,4
3121,6, 130,2
3140,7, 134,5
3185,0, 140,9
3205,9, 138,8
3220,8, 137,7
3250,6, 128,4
3258,0, 121,2
3261,0, 117,2
3260,0, 118,1
3266,0, 129,0
3246,2, 131,6
3236,9, 127,5
3240,0, 129,3
3238,6, 129,5
3150,8, 117,9
3036,5, 111,1
2842,9, 149,0
2701,0, 200,0
2609,8, 232,0
2394,4, 290,8
2380,7, 319,2
2361,0, 372,6
2364,6, 347,8
2374,1, 350,5
2375,2, 364,4
2379,3, 358,5
2378,3, 391,5
2392,8, 364,9
2440,9, 343,9
2467,5, 267,3
3090,6, 184,8
3110,7, 193,5
3118,3, 214,4
3107,7, 228,0
3095,2, 233,2
3082,3, 233,2
3094,7, 225,0
2949,0, 283,6
2916,8, 297,9
2890,5, 299,1
2877,2, 298,6
2846,6, 294,2
2841,1, 291,2
2821,7, 286,4
2719,8, 273,3
2326,8, 173,0
2297,5, 202,4
2260,4, 197,6
2173,9, 248,4
2059,2, 233,3
2017,7, 227,2
1934,8, 221,6
1912,2, 225,6
1876,8, 234,0
1816,6, 205,5
1760,2, 182,4
1696,0, 153,9
1629,0, 113,4
1580,1, 80,4
1528,2, 65,6
1503,7, 55,0
1513,6, 53,2
1416,5, 56,9
1358,0, 64,5
1237,9, 78,4
1225,5, 74,1
1179,7, 59,1
1075,7, 43,7
877,9, 29,1
670,2, 27,5
321,9, 35,7
309,8, 44,8
247,3, 48,8
264,4, 58,1
234,8, 53,7
219,9, 60,1
218,9, 59,4
225,5, 80,2
206,0, 80,4
202,0, 94,9
204,2, 94,9
166,4, 86,7
76,3, 91,5
-9,4, 82,2
-7,6, 83,8
-13,1, 88,9
5,3, 109,9
-3,5, 125,4
77,2, 192,0
54,2, 146,1
57,8, 170,6
39,2, 143,9
36,1, 126,5
42,7, 174,4
28,7, 157,0
31,6, 163,0
38,7, 160,6
64,1, 154,3
67,0, 157,2
64,0, 146,6
35,4, 123,1
32,9, 114,1
482,7, 198,0
520,5, 168,7
721,4, 190,0
598,6, 132,2
646,4, 141,9
734,1, 128,2
768,2, 143,8
860,2, 136,3
862,6, 107,4
876,9, 126,7
899,4, 141,7
892,2, 105,3
893,4, 86,0
921,2, 84,4
925,0, 81,5
949,8, 102,2
967,2, 89,3
1009,9, 110,3
1085,4, 185,1
1084,8, 232,9
1075,3, 227,2
904,1, 287,3
656,0, 388,8
588,6, 398,5
493,3, 409,0
386,7, 418,0
352,1, 403,6
276,3, 322,1
307,7, 309,6
401,3, 281,9
665,5, 250,2
1993,1, 113,2
2241,7, 98,5
2301,7, 96,1
2391,6, 108,4
2522,2, 124,3
2618,6, 127,8
2671,7, 117,9
2648,8, 121,3
2667,1, 110,5
2668,2, 107,9
2675,7, 105,6
2701,1, 103,7
2696,8, 101,3
2773,2, 102,9
2827,7, 102,4
2953,1, 93,6
3083,7, 97,1
3131,9, 100,1
3169,6, 129,7
3267,9, 145,2
3260,1, 152,1
3255,2, 162,0
3256,9, 161,4
3239,0, 177,3
3225,6, 187,0
3208,3, 199,5
3151,1, 249,7
3120,6, 271,3
3118,1, 276,4
3135,8, 256,2
3133,3, 259,7
3127,7, 252,6
3126,9, 256,5
3104,3, 232,5
3107,2, 234,6
3059,1, 221,9
3053,6, 220,7
3059,1, 224,9
2894,4, 262,9
2800,9, 272,0
2601,6, 299,9
2576,7, 302,8
2557,9, 303,9
2428,2, 327,3
2197,9, 365,7
2150,8, 361,8
2073,3, 354,6
2071,9, 350,0
2037,7, 350,3
1957,3, 350,5
1921,9, 348,4
1893,9, 342,1
1834,4, 341,5
1758,5, 341,7
1488,7, 341,8
1346,3, 334,7
1235,1, 329,9
1022,7, 319,1
578,0, 282,5
555,3, 275,3
533,0, 268,9
514,4, 264,9
487,2, 257,1
443,9, 234,2
416,8, 223,5
384,2, 209,9
352,7, 194,5
343,8, 188,1
328,9, 183,1
317,2, 197,6
281,8, 198,8
251,0, 190,8
247,3, 186,4
243,8, 183,5
216,5, 191,3
205,8, 192,5
183,3, 179,8
123,5, 148,0
127,0, 149,3
111,5, 141,7
13,5, 102,9
13,9, 114,8
30,4, 130,2
30,4, 129,9
59,4, 148,5
73,9, 160,5
85,0, 167,3
91,3, 171,8
112,5, 185,9
105,0, 167,8
78,1, 89,4
98,3, 192,9
101,0, 205,3
97,3, 184,6
221,2, 242,3
216,8, 244,2
191,0, 230,7
232,6, 251,4
332,6, 263,7
556,7, 337,1
590,9, 351,8
714,0, 397,9
808,2, 416,0
833,1, 424,1
863,8, 435,4
873,4, 390,0
896,6, 390,4
927,8, 401,4
1036,5, 329,7
1009,3, 350,7
1085,6, 348,6
1167,5, 351,3
1252,5, 369,7
1337,4, 394,3
1398,6, 389,2
1430,9, 380,5
1476,7, 357,0
1479,0, 357,1
1492,1, 349,3
1551,8, 332,6
1606,5, 323,8
1608,0, 330,9
1685,2, 369,9
1725,9, 434,6
1730,8, 432,9
1747,3, 431,0
1773,0, 427,6
1769,4, 436,8
1849,3, 413,9
2047,7, 439,5
2204,8, 479,1
2237,3, 496,9
2256,2, 512,5
2257,4, 544,9
2267,8, 609,9
2270,5, 654,4
2263,4, 684,3
2264,9, 728,3
2289,4, 752,0
2338,8, 777,0
2435,8, 795,5
2643,0, 714,8
2689,5, 690,3
3238,2, 425,4
3298,9, 388,2
3320,6, 386,3
3320,5, 391,8
3329,1, 392,1
3292,4, 436,0
3226,6, 500,2
3218,2, 518,3
3263,2, 505,5
3274,2, 509,2
3316,0, 524,9
3345,0, 531,4
3345,5, 553,9
3331,4, 565,5
3313,5, 579,2
3162,9, 664,9
3079,2, 709,1
3037,9, 713,7
3002,6, 724,4
2989,7, 704,4
2934,8, 666,5
2925,1, 671,9
2666,5, 663,0
2647,9, 667,0
2602,9, 662,7
2510,4, 650,5
2444,9, 640,9
2425,6, 637,7
2350,7, 619,0
2297,2, 633,8
2245,0, 629,6
2227,5, 624,7
2219,3, 618,8
2174,9, 602,5
2173,2, 639,9
2172,9, 641,8
2160,6, 555,6
153,0, 448,1
189,8, 473,7
209,8, 485,9
230,6, 499,7
213,4, 484,5
231,1, 472,9
457,5, 442,8
648,7, 450,8
680,7, 441,8
669,0, 429,6
756,1, 422,6
844,6, 420,9
878,1, 413,8
853,4, 416,0
794,8, 422,0
763,9, 428,2
686,5, 434,0
654,9, 437,7
604,7, 436,1
590,7, 437,0
556,8, 439,6
480,4, 440,3
378,6, 440,6
361,4, 444,1
170,8, 443,5
-13,4, 467,2
-44,5, 478,6
-86,0, 468,9
-92,7, 468,5
-95,3, 471,1
-105,7, 471,8
-98,6, 500,2
-97,6, 500,0
-48,8, 532,5
26,0, 592,3
19,2, 591,4
18,1, 595,1
19,0, 596,8
-9,6, 581,0
-15,7, 579,3
69,9, 617,1
86,4, 623,0
177,5, 634,9
383,9, 666,4
558,6, 677,7
601,0, 678,1
616,6, 680,0
649,4, 680,3
651,6, 635,0
648,9, 629,3
631,3, 624,2
683,9, 593,8
730,0, 584,3
763,4, 592,8
824,8, 562,8
929,9, 535,1
928,6, 534,1
1641,0, 578,4
1899,1, 590,2
1970,8, 599,2
2092,8, 614,9
2112,0, 617,0
2140,6, 621,6
2141,3, 626,8
2162,7, 631,2
2169,6, 634,0
2202,0, 649,5
2238,1, 632,7
2232,7, 609,7
2214,3, 598,4
2198,2, 595,1
2186,4, 577,8
2185,4, 549,4
2192,7, 551,6
2199,0, 550,4
2205,3, 555,3
2218,6, 558,5
2296,0, 559,3
2325,6, 562,4
2316,3, 563,4
2350,5, 562,1
2444,2, 527,3
2472,5, 532,8
2613,8, 442,2
2643,8, 441,5
2670,8, 456,9
2711,9, 456,1
2847,7, 477,3
2870,3, 481,1
2911,0, 494,5
3135,1, 492,7
3154,3, 486,8
3143,0, 497,6
3187,2, 487,7
3178,1, 497,4
3160,9, 512,0
3137,5, 531,3
3065,3, 585,6
3032,9, 609,8
3009,4, 632,8
3058,7, 608,1
3100,7, 592,3
3113,3, 585,8
3109,2, 588,9
3090,0, 608,5
3083,6, 609,0
2964,3, 604,1
2994,4, 603,7
2973,9, 603,0
2983,5, 606,6
2321,8, 650,6
2296,8, 637,6
2231,4, 624,4
2223,1, 624,1
2160,7, 595,1
2141,2, 591,3
2076,1, 599,7
2054,3, 592,6
2012,2, 585,3
1948,9, 586,7
1881,5, 571,8
1867,4, 564,3
1774,5, 537,5
1751,5, 527,6
1700,3, 515,1
1661,1, 527,0
1603,5, 528,4
1612,6, 527,8
1534,5, 520,5
1515,1, 502,5
1460,0, 510,8
1405,5, 480,9
1278,6, 457,2
1297,4, 442,9
1245,5, 438,2
1224,5, 435,3
1159,5, 433,0
1105,1, 405,5
1027,1, 386,3
1043,5, 385,6
912,0, 350,6
845,0, 335,3
796,7, 327,4
741,6, 307,6
708,0, 309,1
665,4, 311,1
618,7, 314,4
562,7, 297,9
538,0, 291,6
517,1, 280,1
465,7, 270,7
396,6, 261,2
400,0, 256,9
284,8, 259,4
233,1, 253,3
127,5, 247,5
57,2, 241,1
4,8, 233,1
9,3, 235,9
-34,7, 241,0
-47,5, 249,2
-64,2, 252,5
-64,3, 263,3
-72,7, 272,5
-68,5, 289,4
-68,5, 293,9
-67,5, 298,7
-65,6, 298,4
-60,2, 301,2
-39,3, 313,9
-1,9, 347,8
37,6, 361,9
62,2, 370,5
121,2, 344,3
144,1, 339,1
174,4, 337,9
285,9, 352,3
427,0, 385,4
550,8, 420,1
585,2, 429,0
621,7, 438,3
731,2, 470,9
784,3, 487,5
861,7, 514,6
1085,5, 580,6
1215,7, 585,9
1315,2, 610,7
1358,5, 616,0
1412,8, 631,3
1423,9, 634,0
1576,2, 686,5
1546,5, 670,8
1612,6, 697,7
1616,8, 698,3
1712,8, 727,2
1748,5, 738,5
1772,1, 721,5
1794,4, 720,2
1855,4, 725,4
1889,6, 721,8
1953,6, 698,8
2008,6, 681,9
1987,7, 690,1
2076,1, 642,0
2109,5, 632,1
2127,6, 627,9
2218,5, 606,8
2237,0, 613,3
2271,5, 623,5
2331,9, 632,7
2360,6, 652,7
2385,8, 676,2
2455,3, 667,6
2484,1, 660,6
2540,4, 662,4
2738,4, 665,6
2852,6, 668,7
2914,1, 682,8
2953,0, 693,7
2997,5, 705,3
3008,6, 701,6
3023,9, 696,1
3079,3, 676,8
3072,2, 684,6
3123,7, 678,6
3339,1, 654,5
3478,9, 631,6
3505,4, 651,8
3537,2, 649,8
3548,1, 660,9
3575,2, 709,2
3580,3, 735,0
3572,1, 737,8
3570,7, 741,6
3554,7, 734,6
3556,3, 734,0
3558,3, 734,4
3456,8, 754,9
3418,4, 759,2
3343,5, 767,6
3316,3, 766,9
3280,6, 776,0
3096,3, 798,9
2899,4, 805,4
2751,6, 802,1
2709,3, 797,4
2678,9, 793,0
2634,1, 784,3
2594,6, 785,6
2578,8, 789,5
2521,0, 813,5
2409,2, 831,7
2303,4, 906,8
2214,3, 906,1
2128,2, 838,5
1899,4, 850,7
1726,7, 823,7
1678,7, 835,7
1600,5, 824,0
1562,0, 822,2
1143,1, 753,6
1116,2, 756,0
1052,5, 759,7
1056,5, 758,5
1041,2, 759,6
1033,8, 758,5
998,9, 778,3
998,3, 778,1
963,4, 768,1
960,3, 785,6
949,0, 772,5
941,4, 773,1
927,1, 767,7
892,0, 764,1
863,8, 752,1
841,2, 743,4
769,9, 706,8
753,1, 697,3
724,7, 685,9
717,1, 686,6
701,0, 684,0
696,8, 694,1
685,8, 748,6
683,8, 757,3
671,8, 749,6
636,8, 738,3
610,7, 754,1
578,8, 756,2
472,5, 727,8
431,5, 725,8
358,1, 721,0
28,6, 681,0
-22,3, 668,7
-50,4, 653,5
-54,2, 655,9
-58,8, 656,5
-60,3, 653,7
-53,2, 654,4
11,8, 697,4
31,9, 710,3
44,0, 720,7
44,7, 715,7
100,1, 762,4
103,1, 764,0
143,2, 675,6
332,9, 532,9
379,9, 559,2
416,4, 573,1
446,5, 584,0
460,4, 594,6
680,8, 696,7
694,6, 699,5
710,9, 704,0
732,1, 686,8
743,9, 677,9
760,2, 678,4
1368,1, 575,2
1416,1, 552,0
1579,8, 517,2
1593,2, 497,6
1642,1, 508,5
1736,0, 481,2
1754,4, 474,7
1772,0, 473,8
1798,0, 489,4
1913,8, 524,0
1994,0, 523,6
2080,7, 506,1
2115,9, 500,2
2219,8, 474,4
2307,3, 448,8
2448,0, 410,3
2457,6, 409,0
2468,8, 406,3
2454,8, 413,5
2452,4, 414,8
2451,7, 416,0
2420,9, 439,2
2376,2, 507,7
2373,5, 515,7
2384,1, 494,6
2390,1, 489,5
2444,5, 443,0
2452,7, 445,4
2458,7, 459,2
2458,5, 449,5
2480,1, 420,2
2512,5, 379,8
2545,2, 337,5
2555,5, 334,8
2562,2, 343,6
2568,4, 337,2
2586,3, 352,2
2584,4, 361,5
2574,6, 372,8
2865,4, 334,7
2933,7, 327,0
2967,5, 355,7
2960,3, 376,6
2958,0, 400,7
2908,5, 438,2
2902,4, 444,1
2870,3, 471,7
2845,2, 468,4
2843,5, 461,2
2846,1, 455,9
2849,8, 450,8
2849,7, 417,4
2871,7, 361,1
2869,9, 355,0
2885,0, 270,5
2866,2, 245,1
2849,7, 231,4
2843,0, 230,9
2778,6, 236,8
2781,2, 235,5
2722,0, 221,9
2666,9, 247,1
2661,1, 251,5
2026,1, 285,7
1873,7, 284,5
1972,8, 277,6
2407,1, 248,8
631,7, 359,9
582,1, 360,5
509,7, 325,6
510,3, 355,0
498,5, 341,7
495,7, 342,6
497,3, 342,8
489,4, 344,0
489,1, 336,9
490,3, 327,1
673,3, 299,0
836,3, 267,5
916,7, 253,7
991,8, 226,2
998,9, 206,7
987,8, 202,2
946,0, 171,6
910,1, 157,8
840,7, 122,0
854,4, 134,4
592,1, 26,9
578,2, 25,8
559,1, 23,9
534,3, 30,0
529,4, 32,1
461,1, 51,1
456,2, 65,0
424,4, 77,2
422,9, 81,5
413,0, 88,3
393,4, 83,1
281,6, 56,3
247,0, 46,4
206,8, 43,7
160,0, 63,4
134,6, 72,5
85,1, 62,6
-28,1, 47,1
3,4, 52,9
6,9, 55,9
-106,4, 30,3
-121,7, 29,1
-124,1, 30,2
-114,8, 35,8
-97,1, 46,5
-69,4, 62,0
-63,3, 69,8
-55,3, 78,7
10,3, 121,8
33,9, 138,5
18,3, 133,5
84,4, 160,7
348,1, 185,2
450,3, 198,7
470,2, 205,9
495,5, 221,0
523,5, 225,3
554,2, 228,5
482,7, 161,8
498,3, 177,9
412,0, 161,8
178,5, 113,9
-53,8, 46,4
-65,9, 40,5
-103,4, 29,9
-118,5, 25,4
-137,0, 20,9
-164,5, 13,2
-136,9, 40,8
-59,0, 92,2
48,3, 168,9
93,7, 195,9
298,8, 261,8
307,1, 302,5
621,2, 303,5
1487,0, 286,9
1790,7, 286,2
1947,4, 410,9
1911,8, 405,7
2090,0, 434,7
2095,7, 436,4
2130,0, 442,9
2145,9, 445,3
2182,0, 422,8
2183,0, 440,7
2203,9, 434,8
2210,3, 429,4
2273,7, 432,4
2312,1, 433,9
2358,2, 438,1
2368,7, 439,9
2364,6, 435,7
2399,7, 419,6
2651,5, 302,6
2628,5, 286,0
2744,7, 251,5
2771,1, 242,5
2855,4, 216,8
3286,8, 112,9
3292,0, 116,0
3294,3, 126,8
3291,5, 140,3
3310,0, 147,0
3328,7, 148,7
3330,6, 151,3
3313,9, 180,9
3319,8, 176,3
3334,5, 199,2
3348,4, 204,3
3355,4, 209,9
3373,9, 212,5
3425,3, 210,1
3438,7, 208,1
3424,0, 212,6
3433,4, 211,2
3376,4, 233,5
3344,5, 241,3
3349,3, 251,8
3123,8, 274,3
3134,7, 271,0
2986,3, 273,8
2972,1, 275,0
2900,1, 282,6
2815,5, 297,6
2769,7, 321,3
2708,5, 329,4
2624,0, 331,1
2640,2, 329,3
2535,9, 314,7
2430,5, 297,3
2358,1, 291,8
2301,1, 301,2
2242,4, 301,1
2188,7, 298,1
2180,6, 297,9
2160,1, 299,2
2042,8, 288,7
2085,4, 291,7
1614,0, 307,9
1634,9, 301,5
1095,2, 293,3
1058,1, 289,4
1073,7, 283,4
1083,8, 271,9
916,3, 250,9
899,1, 263,3
879,3, 289,7
869,3, 295,4
862,1, 293,8
847,6, 286,2
779,6, 256,0
747,9, 235,2
707,1, 205,0
656,5, 164,1
618,1, 137,8
586,7, 118,5
577,4, 121,7
564,7, 128,3
555,2, 124,9
544,6, 123,7
475,1, 118,7
420,2, 117,0
405,1, 113,3
429,0, 112,1
337,4, 102,3
193,0, 80,1
32,4, 56,1
-51,2, 42,8
-83,8, 39,0
-87,5, 44,5
-85,5, 54,0
-76,0, 79,9
-54,8, 93,6
-64,1, 91,5
-45,9, 110,3
-16,5, 151,8
-4,8, 163,4
2,2, 172,9
35,8, 205,0
58,9, 213,3
37,6, 199,6
29,5, 194,9
43,2, 207,5
93,4, 243,2
100,2, 244,9
107,7, 252,0
131,0, 280,2
167,6, 299,7
204,7, 313,7
419,8, 343,4
533,8, 361,4
593,2, 379,9
596,0, 377,3
624,1, 383,5
696,6, 409,6
811,5, 450,7
846,2, 483,3
855,7, 482,3
851,8, 479,4
849,6, 435,4
843,4, 398,9
912,5, 405,3
1052,5, 418,7
1082,1, 417,4
1186,8, 415,0
1216,2, 421,1
1328,8, 429,4
1436,2, 440,4
1438,3, 437,8
1443,6, 439,0
1519,4, 469,9
1667,3, 462,3
1793,4, 454,1
1833,7, 455,0
1920,7, 448,8
1956,1, 469,3
1988,8, 487,9
2024,3, 502,5
2046,6, 514,1
2062,0, 519,1
2126,9, 534,0
2200,5, 540,7
2252,6, 537,3
2287,5, 533,3
2329,7, 522,0
2323,4, 522,7
2363,3, 506,0
2449,1, 477,5
2546,2, 462,1
2735,6, 471,3
2772,8, 475,1
2846,6, 481,3
3173,6, 529,1
3169,2, 554,1
3183,5, 556,0
3195,8, 576,1
3205,3, 602,3
3189,2, 591,5
3206,6, 594,2
3209,9, 593,0
3193,5, 624,7
3188,8, 637,0
3192,9, 622,4
3182,2, 638,1
3187,6, 628,1
3205,5, 590,3
3217,2, 559,7
3227,1, 528,4
3206,8, 544,1
3180,9, 555,2
3154,3, 555,8
3135,1, 563,6
3051,7, 542,4
3033,0, 545,1
2942,9, 564,2
2803,2, 567,6
2304,2, 537,7
2260,8, 553,1
2220,3, 553,3
2210,0, 556,8
2172,7, 571,0
2125,3, 590,5
2116,3, 590,9
1174,7, 562,6
600,3, 542,3
531,3, 530,3
439,1, 526,2
393,5, 522,8
361,5, 511,5
335,9, 500,8
329,7, 503,6
292,8, 476,2
292,8, 480,9
280,6, 472,4
258,7, 475,3
279,7, 508,2
280,2, 517,9
277,5, 532,5
278,5, 534,0
271,1, 550,6
270,4, 540,3
263,3, 539,7
255,6, 540,5
234,6, 536,7
228,1, 539,9
218,3, 540,0
213,5, 541,1
199,7, 539,1
198,0, 542,4
189,5, 538,0
176,4, 527,8
173,3, 524,9
195,3, 555,8
196,9, 559,3
197,7, 560,9
198,4, 568,8
194,2, 589,3
188,1, 597,7
189,1, 601,7
180,9, 611,1
180,9, 609,3
135,8, 597,5
130,2, 596,0
131,1, 602,5
130,7, 603,3
121,7, 606,5
150,0, 624,8
145,7, 622,8
99,6, 598,8
64,3, 586,6
59,7, 586,1
77,9, 589,8
75,5, 601,3
110,0, 672,3
117,5, 667,6
119,1, 659,5
150,0, 656,6
161,6, 654,1
152,9, 646,0
216,2, 673,3
262,8, 694,8
277,5, 707,3
287,7, 714,1
335,8, 730,3
317,1, 725,1
790,0, 1221,1
769,5, 1198,1
789,9, 1221,1
790,5, 1206,8
788,7, 1210,7
772,3, 1193,3
828,6, 1280,4
828,3, 1281,6
736,4, 1264,2
727,5, 1262,8
748,5, 1264,6
738,6, 1266,2
729,9, 1269,1
717,9, 1263,9
632,2, 1265,8
427,3, 1261,2
324,3, 1257,4
309,1, 1253,1
299,0, 1248,0
280,5, 1250,0
282,2, 1257,3
254,8, 1254,1
258,5, 1255,1
190,9, 1262,6
196,7, 1255,5
253,3, 1190,9
292,8, 1162,2
445,7, 1128,8
551,5, 1109,3
496,9, 1120,5
446,4, 1129,6
557,5, 1119,8
609,0, 1110,0
623,9, 1112,4
494,4, 1102,3
460,8, 1087,7
426,2, 1074,1
506,0, 1117,1
641,9, 1182,0
632,2, 1177,6
598,4, 1166,7
831,7, 1273,8
782,9, 1264,1
826,1, 1272,0
804,8, 1274,4
799,9, 1277,5
717,7, 1274,5
713,2, 1288,3
703,7, 1287,9
700,3, 1287,6
670,2, 1277,2
644,2, 1285,8
635,6, 1295,0
639,3, 1295,1
639,8, 1294,5
717,9, 1308,2
767,6, 1317,3
824,0, 1328,1
816,6, 1337,1
781,3, 1324,4
782,3, 1320,9
784,7, 1315,4
789,7, 1308,5
801,4, 1317,8
876,9, 1286,8
905,0, 1281,4
951,8, 1271,4
1124,1, 1244,1
1127,6, 1240,6
1111,9, 1228,4
1112,2, 1227,2
1106,2, 1225,7
1115,9, 1230,0
1127,9, 1236,6
1132,8, 1235,9
1129,1, 1236,9
1379,7, 1257,6
1610,6, 1268,9
1603,7, 1268,7
1624,4, 1260,8
1629,7, 1250,8
1636,8, 1216,9
1631,0, 1196,8
1643,3, 1177,7
1654,8, 1173,2
1648,1, 1169,0
1649,2, 1167,1
1643,6, 1156,5
1647,0, 1147,5
1648,5, 1148,5
1647,5, 1149,2
1646,7, 1151,0
1647,1, 1150,5
1642,0, 1157,9
1642,8, 1158,2
1641,1, 1157,1
1643,3, 1149,3
1644,0, 1141,5
1649,5, 1142,2
1652,9, 1142,5
1656,1, 1142,3
1656,3, 1141,7
1707,1, 1147,3
2443,0, 1235,4
2474,7, 1250,0
2563,7, 1265,4
2568,3, 1280,8
2571,0, 1289,4
2577,1, 1262,2
2571,0, 1286,9
2588,1, 1274,5
2622,6, 1270,8
2640,3, 1265,3
2721,4, 1266,2
2931,8, 1240,4
3087,0, 1220,6
3071,6, 1223,2
3204,5, 1209,5
3292,5, 1193,8
3267,2, 1187,0
3214,0, 1184,7
3190,1, 1187,5
3185,8, 1191,7
3199,7, 1181,5
3201,0, 1179,5
3200,8, 1180,8
3212,0, 1170,1
3227,7, 1116,1
3212,4, 1116,3
3200,0, 1118,0
3155,8, 1126,2
3067,7, 1107,7
3078,7, 1129,7
3020,4, 1112,1
2947,2, 1101,6
2783,1, 1059,2
2752,1, 1038,8
2736,7, 1037,7
2590,0, 1035,7
2474,3, 1032,1
2439,3, 1020,8
2460,0, 966,9
11,2, 706,2
21,3, 818,1
73,7, 842,4
124,1, 805,3
135,2, 823,0
283,8, 869,7
424,1, 880,9
720,6, 962,1
771,2, 970,2
809,4, 1006,6
819,1, 1034,6
770,1, 1036,1
711,4, 1016,9
666,7, 1004,0
643,3, 1001,8
535,6, 985,9
495,0, 978,9
484,2, 992,5
491,5, 1050,4
486,1, 1057,9
456,9, 1061,2
381,5, 1055,3
258,0, 1051,5
16,5, 1001,0
-7,9, 997,9
-36,0, 1009,6
-143,0, 1014,4
-142,6, 1014,7
-125,4, 1022,1
-58,8, 1040,2
43,7, 1073,8
64,4, 1083,9
69,2, 1084,8
75,0, 1086,3
75,0, 1081,9
79,6, 1080,4
84,8, 1080,6
97,5, 1089,6
47,7, 1061,3
0,7, 1045,8
3,4, 1046,0
4,6, 1045,4
-20,1, 1037,8
-23,8, 1036,0
-17,0, 1044,8
-18,9, 1044,4
0,2, 1053,4
9,0, 1056,3
33,7, 1059,9
42,6, 1062,4
51,1, 1064,8
34,9, 1060,5
35,0, 1061,7
82,5, 1071,4
122,4, 1075,5
593,5, 1049,8
765,7, 1040,5
912,8, 1017,2
1060,7, 1033,7
1396,3, 1044,7
1525,9, 1041,6
1534,0, 1029,4
1572,4, 1046,6
1551,1, 1022,2
1556,4, 1033,9
1555,4, 1033,4
2664,6, 1081,4
2455,9, 1104,7
2614,7, 1090,7
2666,0, 1089,0
2800,5, 1077,4
2959,6, 1058,9
2968,5, 1059,6
2931,2, 1071,5
2909,5, 1090,9
2905,9, 1093,8
2910,4, 1093,3
2916,8, 1084,8
2914,1, 1086,8
2956,7, 1089,0
2948,0, 1091,9
2951,9, 1084,9
2985,4, 1063,0
2995,6, 1060,5
3005,2, 1061,0
3030,0, 1050,2
3030,6, 1050,6
3060,7, 1044,4
3064,9, 1042,7
3077,2, 1042,5
3088,2, 1048,6
3088,9, 1045,5
3187,8, 1027,4
3244,9, 1015,1
3260,1, 1013,8
3295,3, 1008,7
3293,1, 1006,3
3288,9, 1006,9
3276,3, 1009,7
3255,9, 1004,9
3244,3, 1014,3
3227,2, 1017,7
3186,4, 1010,0
3127,2, 1005,9
2951,7, 966,5
2821,5, 942,8
2661,5, 972,2
2623,5, 975,6
2597,5, 975,0
2522,2, 964,0
2450,8, 950,2
2450,5, 948,2
2406,0, 929,3
2393,5, 916,0
2383,6, 910,6
2247,5, 812,1
2190,6, 802,0
2146,0, 821,6
2083,2, 843,3
2005,9, 843,5
1964,2, 856,9
1949,1, 860,7
1889,3, 874,5
1643,7, 825,4
1586,3, 849,7
1582,6, 890,5
1332,6, 920,3
1153,3, 935,6
371,0, 997,5
371,9, 992,9
376,1, 992,5
371,1, 993,6
345,8, 998,6
354,0, 1016,9
360,1, 1021,9
355,3, 1013,3
467,9, 1053,1
458,0, 1027,2
448,0, 1031,5
503,0, 991,8
530,0, 983,6
574,7, 947,6
577,9, 949,1
645,0, 935,1
627,5, 933,0
615,3, 933,6
599,7, 932,1
577,6, 925,6
484,6, 898,3
418,7, 902,8
388,8, 904,3
377,0, 915,7
373,2, 923,6
372,9, 927,9
362,7, 930,0
328,4, 934,2
237,0, 926,9
215,3, 923,2
181,6, 918,2
138,9, 912,9
32,1, 892,0
8,1, 878,7
-4,5, 871,0
1,2, 877,1
21,4, 883,3
47,7, 910,9
50,3, 912,2
67,6, 926,0
65,4, 919,3
89,0, 929,6
103,6, 930,4
110,9, 929,2
118,7, 927,3
120,3, 935,4
116,7, 931,3
100,1, 919,4
101,2, 911,7
171,2, 898,8
316,8, 951,9
723,3, 988,5
742,9, 1008,3
795,1, 1022,3
1174,3, 1062,8
1234,9, 1069,9
1276,8, 1088,3
1266,5, 1064,4
1261,1, 1064,6
1307,9, 1047,7
1306,8, 1074,3
1433,0, 1102,6
1556,3, 1114,1
1641,5, 1124,2
1736,9, 1151,4
1753,5, 1157,3
1776,7, 1176,7
1822,6, 1193,1
1828,4, 1194,4
1851,4, 1191,7
1883,0, 1181,1
1918,5, 1171,0
1936,5, 1171,2
1994,3, 1160,6
2057,3, 1167,7
2130,0, 1192,9
2181,3, 1198,5
2172,8, 1199,4
2237,1, 1215,0
2392,9, 1237,8
2439,7, 1237,4
2530,3, 1261,4
2493,9, 1257,1
2585,2, 1238,1
2616,4, 1246,6
2670,1, 1255,1
2672,3, 1259,4
2709,3, 1262,6
2870,3, 1273,0
2965,7, 1275,7
3314,6, 1270,3
3310,8, 1270,3
3296,8, 1272,3
3287,4, 1276,5
3260,6, 1305,1
3270,7, 1294,2
3259,0, 1301,9
3266,0, 1318,3
3259,8, 1323,8
3263,5, 1322,4
3265,0, 1314,0
3265,7, 1311,2
3258,8, 1307,0
3255,1, 1302,2
3257,9, 1301,1
3255,3, 1301,4
3254,6, 1300,8
3251,4, 1301,5
3246,6, 1299,8
3238,0, 1290,9
3128,0, 1263,9
2920,2, 1175,4
2834,7, 1159,6
2807,2, 1209,2
2746,9, 1211,1
2518,0, 1276,3
2503,8, 1289,8
2451,7, 1313,8
2426,0, 1316,3
2371,4, 1323,6
2351,7, 1315,9
2320,8, 1322,6
2157,5, 1325,3
1976,1, 1326,3
1945,7, 1324,8
1924,7, 1321,2
1790,8, 1240,1
1651,1, 1231,2
1647,8, 1283,5
1585,8, 1293,4
1525,3, 1303,4
1485,7, 1297,7
1479,1, 1297,7
1284,3, 1287,9
1157,9, 1290,9
1164,4, 1290,1
1046,0, 1291,7
979,6, 1298,1
935,7, 1304,6
863,6, 1314,6
745,0, 1333,7
743,3, 1333,4
715,2, 1332,5
492,8, 1309,9
424,7, 1301,1
411,7, 1301,6
381,8, 1299,2
384,2, 1304,7
377,8, 1308,9
371,0, 1313,2
375,4, 1311,2
330,2, 1305,6
269,4, 1292,8
260,4, 1289,5
224,3, 1282,9
182,1, 1273,4
154,3, 1259,8
149,0, 1258,6
138,8, 1258,9
97,9, 1270,4
109,9, 1268,3
113,5, 1276,2
112,4, 1282,4
113,0, 1290,2
132,5, 1299,8
125,6, 1296,2
97,1, 1289,2
99,6, 1288,9
24,5, 1293,2
-0,4, 1294,9
-2,7, 1294,8
-13,3, 1293,2
-5,1, 1293,2
10,9, 1292,3
86,4, 1310,0
91,5, 1310,2
97,5, 1310,4
95,6, 1306,2
96,6, 1303,5
97,0, 1302,0
80,0, 1296,6
73,4, 1291,7
26,3, 1248,5
27,0, 1247,3
24,7, 1253,6
141,7, 1231,1
840,6, 1101,1
1005,1, 1071,7
1048,6, 1058,8
1110,5, 1039,3
1131,7, 1032,8
1192,7, 1035,1
1183,8, 1023,3
1208,2, 1021,5
1218,7, 1023,1
1241,5, 1021,6
1244,1, 1022,4
1250,1, 1024,4
1298,8, 1028,8
1300,4, 1030,2
1333,7, 1016,7
1746,5, 872,1
1794,9, 854,6
1856,5, 834,7
1866,1, 841,0
1884,8, 822,9
1891,0, 812,2
1933,7, 807,6
1944,4, 808,7
1963,2, 818,6
2016,1, 803,6
2247,6, 760,0
2296,7, 753,2
2335,8, 753,4
2383,0, 738,1
2412,3, 746,7
2500,5, 788,1
2565,4, 736,3
2573,2, 746,2
2581,7, 738,0
2697,2, 720,0
3013,0, 695,0
3079,0, 669,9
3255,0, 606,5
3351,3, 574,9
3426,2, 540,7
3580,6, 457,1
3702,4, 379,4
3724,1, 348,5
3774,1, 320,4
3787,3, 322,4
3766,7, 329,8
3742,3, 358,2
3695,3, 409,0
3635,5, 453,7
3495,8, 526,5
3262,1, 619,7
3235,3, 632,3
3223,5, 637,4
3262,3, 613,6
3258,0, 614,3
3177,3, 590,5
3244,0, 586,9
2848,7, 510,4
2498,3, 439,6
2473,8, 434,7
2420,6, 420,6
2337,1, 393,0
2241,8, 390,2
2240,5, 368,1
2239,9, 370,5
2234,4, 388,6
2230,0, 413,3
2198,7, 429,2
1766,6, 429,9
893,3, 455,2
523,5, 445,2
496,7, 409,1
525,3, 444,5
537,8, 458,8
523,3, 462,9
543,6, 473,8
535,7, 472,1
525,6, 467,2
509,9, 458,9
482,9, 424,5
465,2, 401,1
469,1, 400,0
423,0, 348,3
382,8, 309,4
379,6, 306,3
386,7, 314,0
394,4, 342,1
401,0, 346,7
410,4, 339,5
403,1, 342,7
407,7, 353,6
452,0, 310,5
518,1, 280,7
701,6, 297,7
990,4, 313,4
1508,7, 335,4
1497,0, 316,2
1595,6, 237,5
1581,5, 232,5
1579,7, 198,8
1587,8, 174,9
1602,0, 216,2
1603,7, 230,1
1603,5, 261,1
1608,9, 276,5
1612,4, 285,4
1613,8, 304,1
1614,4, 319,4
1611,1, 317,3
1594,4, 343,6
1592,8, 325,8
1588,4, 293,0
1583,1, 299,0
1583,9, 298,0
1592,6, 282,5
1566,2, 280,0
1571,4, 279,8
1578,9, 286,7
1591,4, 280,9
1648,3, 255,3
1768,0, 244,2
2140,8, 213,2
2324,2, 170,4
2394,9, 153,5
2480,4, 157,9
2469,1, 161,4
2411,5, 197,7
2379,2, 199,8
2367,6, 192,2
2336,0, 175,1
2315,3, 162,0
2291,2, 163,7
2159,1, 211,1
2139,0, 212,9
1806,8, 218,8
1526,1, 167,7
1401,5, 147,6
1191,3, 102,3
1060,1, 78,2
1021,3, 71,9
894,2, 83,7
885,2, 104,5
881,6, 108,1
846,2, 135,4
807,3, 157,4
787,5, 170,3
789,5, 168,4
751,9, 169,2
696,1, 157,3
668,1, 154,8
622,9, 168,2
632,6, 163,5
572,6, 158,6
488,8, 165,7
428,0, 160,4
181,0, 122,2
124,5, 112,8
-21,9, 84,8
-21,2, 93,4
-86,6, 95,6
-92,4, 128,3
-87,1, 136,7
-49,3, 179,8
88,3, 257,2
105,0, 275,0
114,3, 285,3
125,6, 289,8
151,4, 324,8
151,6, 319,7
146,4, 320,5
138,0, 313,0
130,1, 330,3
116,5, 339,8
112,0, 343,5
87,3, 344,0
81,1, 339,5
67,0, 335,3
63,2, 331,1
53,8, 322,0
24,3, 279,9
43,1, 287,7
61,6, 296,1
72,5, 303,8
74,9, 305,1
77,3, 306,2
104,4, 323,7
87,3, 306,1
91,8, 306,9
97,9, 306,7
117,8, 315,2
127,2, 313,7
213,6, 337,8
534,7, 317,5
936,3, 384,9
880,0, 343,9
1064,5, 378,0
1100,0, 419,8
1173,8, 446,1
1245,9, 436,9
1276,2, 439,2
1389,6, 529,4
1405,3, 531,5
1401,9, 529,1
1514,8, 536,9
1517,7, 539,1
1593,5, 539,5
1603,7, 543,5
1681,5, 542,4
1709,5, 543,2
1733,3, 543,6
1828,1, 527,8
1914,5, 478,9
1946,0, 436,4
1938,1, 449,1
1948,3, 424,1
1963,4, 407,3
1992,2, 358,8
2004,2, 346,9
2025,0, 337,8
2029,7, 326,6
2044,6, 304,4
2064,0, 287,3
2148,5, 314,4
2682,6, 297,0
2720,4, 297,7
2796,8, 265,2
2843,4, 251,8
2920,2, 186,5
2932,1, 178,2
3018,6, 150,9
3051,4, 168,0
3028,8, 154,7
3147,3, 153,6
3316,8, 192,0
3416,7, 175,6
3451,6, 176,0
3447,1, 179,1
3475,3, 174,8
3455,9, 173,3
3442,2, 179,0
3428,8, 184,7
3424,3, 193,8
3410,7, 202,5
3386,1, 203,2
3378,1, 224,6
3360,7, 266,7
3356,2, 273,3
3346,5, 281,6
3304,0, 305,9
3268,9, 291,8
3247,3, 299,1
3241,0, 301,5
3172,9, 292,2
3098,0, 286,4
3024,5, 299,6
2859,7, 299,2
2662,8, 318,1
2619,3, 326,7
2538,5, 330,5
2529,6, 314,1
2505,5, 306,0
2447,8, 300,9
2444,9, 299,0
2422,4, 298,1
2377,0, 275,1
2370,5, 203,7
442,6, 184,4
411,5, 173,4
431,4, 184,6
482,1, 200,0
635,8, 226,5
753,8, 239,2
1151,5, 300,8
1229,2, 313,5
1339,3, 329,1
1321,6, 321,2
1218,4, 233,3
1197,0, 217,9
1122,6, 167,2
1088,9, 143,9
1043,8, 158,4
1003,1, 146,8
985,4, 149,0
966,9, 158,4
960,0, 156,8
928,0, 147,0
783,4, 117,0
653,4, 96,7
278,4, 55,5
213,3, 45,9
179,7, 36,5
80,9, 19,4
-177,6, -26,4
-207,2, -32,8
-207,2, -29,3
-196,6, 23,3
-197,4, 39,7
-195,7, 63,7
-180,7, 84,9
-139,1, 112,7
-142,9, 110,6
-99,5, 138,7
-76,5, 153,3
-55,5, 170,2
-28,4, 194,7
17,7, 242,1
30,8, 254,6
62,0, 277,8
81,2, 291,8
106,5, 312,7
115,8, 319,3
118,4, 321,1
154,6, 333,8
218,0, 349,3
327,3, 336,3
520,6, 294,8
580,8, 255,8
582,6, 259,0
689,8, 220,8
695,5, 216,8
734,4, 210,7
737,9, 191,8
747,9, 202,4
758,0, 199,9
756,2, 192,7
776,6, 179,8
832,4, 144,3
1169,1, 86,4
1102,2, 90,5
1167,5, 80,0
1151,7, 79,9
1283,7, 64,5
1360,7, 19,8
1374,7, 13,0
1393,7, 5,9
1419,6, 6,0
1483,7, 6,5
1481,3, 7,0
1522,3, 20,5
1663,5, 36,1
1990,0, 73,9
2102,8, 100,8
2083,5, 96,9
2120,2, 118,6
2198,8, 185,0
2225,9, 176,5
2239,5, 170,6
2243,6, 181,7
2270,0, 198,4
2269,8, 193,7
2318,3, 201,7
2580,7, 257,0
2584,9, 258,2
2605,5, 260,8
2661,1, 256,2
2670,5, 256,9
2681,2, 253,0
2705,4, 250,8
2865,7, 227,3
3108,9, 177,1
3135,5, 172,9
3316,9, 138,9
3267,7, 157,3
3447,8, 138,8
3438,5, 157,9
3448,7, 163,4
3443,7, 162,1
3446,8, 163,1
3450,7, 168,4
3426,4, 186,7
3411,6, 194,2
3389,3, 207,4
3375,2, 210,8
3336,1, 219,8
3315,9, 225,9
3194,0, 245,7
3198,0, 249,5
3000,5, 282,3
2965,7, 291,0
2815,7, 291,8
2682,1, 308,3
2553,6, 328,6
2409,0, 329,3
2383,3, 329,5
2248,4, 321,2
2138,0, 326,2
2111,3, 324,7
2084,9, 311,8
2057,5, 301,1
2023,7, 290,1
1983,2, 276,5
1930,6, 269,2
1861,9, 257,2
1747,3, 233,2
1674,1, 222,5
1592,5, 204,8
1572,3, 201,9
1564,0, 203,4
1505,8, 196,8
1388,6, 183,2
1393,0, 182,4
1199,0, 169,5
1160,8, 166,9
1097,7, 152,8
1000,9, 143,1
976,1, 139,5
934,0, 138,7
756,2, 129,7
503,0, 117,0
161,0, 99,2
28,4, 93,2
10,6, 99,3
-36,2, 144,4
-11,0, 178,7
7,4, 202,3
2,8, 197,6
46,1, 254,2
21,4, 232,5
2,0, 233,5
5,8, 237,5
22,7, 254,7
90,2, 315,5
87,7, 313,5
68,6, 303,5
72,1, 305,3
50,3, 287,8
-7,1, 243,7
-14,3, 250,8
-22,2, 228,7
11,4, 241,8
18,0, 246,4
28,7, 248,5
21,8, 248,1
22,4, 247,1
5,8, 259,0
9,8, 258,3
47,7, 274,4
55,7, 291,5
56,6, 287,8
72,1, 295,4
62,1, 286,2
71,1, 286,2
65,4, 269,4
50,5, 252,2
54,2, 255,4
57,3, 255,2
57,1, 253,6
58,1, 246,7
64,2, 246,0
56,7, 230,7
55,1, 228,1
57,9, 233,1
54,2, 231,9
54,2, 234,2
75,4, 251,9
78,6, 256,6
148,8, 245,2
188,5, 234,6
417,7, 181,5
1006,5, 262,6
1000,8, 275,5
1192,4, 276,7
1755,7, 329,4
1802,4, 311,3
1899,5, 287,5
1955,6, 245,1
1974,7, 221,9
1989,6, 203,2
2025,4, 158,0
2062,3, 130,3
2097,8, 88,3
2110,6, 74,9
2114,3, 58,5
2108,8, 49,0
2110,6, 40,1
2132,6, 41,8
2150,9, 37,6
2182,4, 46,7
2297,2, 75,5
2278,4, 70,6
2346,0, 83,6
2340,7, 83,8
2404,0, 88,0
2529,6, 94,3
2679,0, 106,4
2726,6, 130,0
2849,2, 161,9
3003,8, 213,8
3015,4, 213,6
3031,9, 210,0
3044,7, 204,7
3059,3, 203,4
3087,3, 197,2
3119,1, 187,0
3233,0, 156,2
3255,8, 149,6
3275,3, 141,5
3336,1, 123,7
3374,0, 145,2
3372,3, 147,4
3393,4, 141,9
3379,2, 145,3
3335,5, 179,7
3332,7, 178,5
3329,2, 174,1
3318,4, 174,3
3298,1, 170,5
3280,0, 162,8
3254,2, 166,6
2998,8, 171,9
2867,8, 173,7
2792,7, 178,4
2721,8, 181,4
2699,8, 187,7
2641,3, 196,3
2619,4, 198,9
2628,3, 196,2
2604,1, 197,7
2421,2, 197,6
2343,8, 190,7
2375,0, 189,6
2275,5, 175,9
2143,0, 153,8
2092,7, 126,8
2062,3, 92,2
2054,7, 85,2
2042,0, 77,5
1986,9, 32,9
1949,0, 19,4
1934,3, 16,9
1904,9, 12,4
1766,8, 2,4
1378,2, 1,3
1362,8, 3,7
1076,5, 2,0
778,5, -4,3
478,0, -7,5
426,9, -26,0
420,6, -22,1
429,9, 2,6
416,0, 26,2
414,9, 22,3
418,8, 27,5
418,9, 30,1
413,9, 63,2
396,6, 72,6
395,5, 74,6
383,5, 80,0
359,8, 77,1
351,3, 79,0
337,2, 84,5
333,8, 84,6
305,8, 90,6
300,5, 91,1
290,4, 95,1
262,6, 99,5
248,4, 108,8
217,8, 109,0
215,3, 109,4
203,7, 116,6
213,8, 123,2
205,0, 134,6
217,0, 156,7
263,3, 215,6
276,5, 240,1
246,9, 237,9
166,3, 235,1
113,4, 220,4
23,7, 221,3
0,0, 220,6
-140,6, 160,4
-73,9, 190,7
-38,5, 234,3
109,8, 163,3
193,7, 135,0
603,2, 82,7
690,0, 95,8
784,1, 94,3
810,6, 116,2
825,3, 107,1
828,8, 103,3
838,6, 103,6
972,4, 137,8
1778,1, 376,0
1883,0, 406,2
2017,0, 444,0
2069,2, 463,9
2070,6, 475,2
2081,3, 473,1
2098,2, 475,6
2100,1, 477,4
2102,0, 478,4
2109,2, 473,1
2135,5, 454,6
2159,1, 447,3
2198,1, 443,8
2208,6, 441,4
2231,8, 436,3
2257,8, 420,5
2286,9, 404,9
2358,3, 375,4
2452,5, 355,0
2462,6, 345,1
2610,6, 319,9
2726,3, 326,6
3039,5, 378,9
3089,9, 384,9
3236,1, 408,3
3257,3, 416,5
3262,7, 418,1
3288,8, 426,6
3315,0, 415,8
3335,5, 400,6
3353,6, 391,1
3358,9, 387,8
3379,7, 381,0
3406,7, 373,0
3414,5, 374,4
3402,4, 411,4
3385,6, 427,9
3385,9, 435,9
3384,9, 580,4
3396,9, 590,2
3412,0, 575,8
3387,2, 571,9
3389,7, 573,5
3362,9, 567,0
3361,6, 567,1
3356,7, 569,2
3352,6, 571,3
3292,3, 573,4
3274,6, 584,0
3149,9, 588,4
2904,0, 605,2
2852,1, 610,6
2697,3, 620,8
2631,5, 636,9
2548,3, 649,1
2519,4, 647,2
2486,7, 620,4
2464,6, 600,0
2456,8, 597,4
2445,4, 595,4
2355,3, 575,8
2299,5, 603,7
445,7, 409,6
466,3, 391,6
462,6, 383,2
487,3, 368,8
487,5, 394,7
459,3, 394,2
449,6, 371,8
453,0, 374,5
468,2, 458,5
446,7, 417,3
451,5, 471,4
452,8, 475,2
465,3, 469,2
473,5, 484,4
574,9, 468,0
604,2, 415,3
931,4, 496,7
1102,0, 543,6
1122,7, 552,2
1091,6, 558,4
1073,6, 567,2
1022,7, 586,2
1029,1, 580,6
705,0, 528,0
332,6, 513,3
219,9, 507,0
164,6, 502,7
162,1, 508,6
151,8, 507,0
119,7, 506,7
67,2, 518,6
60,1, 512,9
71,2, 506,8
43,9, 521,6
42,3, 521,6
7,4, 547,3
-28,7, 556,9
-27,1, 561,3
-34,9, 575,1
-55,2, 561,2
-85,2, 536,8
-95,8, 524,0
-99,4, 568,1
-116,5, 571,4
-121,1, 572,0
-151,4, 575,1
-150,4, 576,9
-155,8, 575,8
-159,0, 573,7
-157,8, 573,4
-157,2, 570,5
-155,8, 566,2
-162,4, 553,6
-168,4, 549,0
-162,1, 554,9
-143,5, 561,6
-138,9, 556,8
-113,3, 565,0
-126,9, 564,4
-138,7, 559,7
56,0, 626,8
287,8, 723,0
954,2, 1005,9
1127,4, 1057,9
1159,8, 1062,8
1178,7, 1069,7
1648,4, 1273,2
1655,7, 1283,9
1641,3, 1294,7
1638,8, 1301,2
1642,6, 1302,4
1649,9, 1307,6
1649,1, 1319,3
1651,9, 1317,3
1657,8, 1323,6
1657,6, 1324,4
1652,2, 1317,3
1658,7, 1317,2
1662,6, 1318,6
1666,9, 1322,5
1671,3, 1328,4
1667,5, 1321,4
1667,4, 1317,3
1671,7, 1315,5
1680,3, 1307,0
1682,8, 1305,7
1684,8, 1299,0
1681,8, 1301,8
1664,9, 1299,2
1843,6, 1000,0
2039,2, 669,9
2067,7, 631,6
2098,8, 580,9
2261,5, 350,6
2390,8, 167,1
2398,6, 174,9
2401,5, 175,7
2422,8, 162,1
2415,9, 175,5
-291,9, 296,0
-271,9, 336,7
-194,5, 326,8
-221,7, 331,3
-176,3, 306,8
-126,5, 345,3
-92,6, 360,0
-21,4, 406,9
282,1, 567,5
627,2, 748,1
668,2, 786,3
1046,9, 957,2
1204,2, 1044,5
1096,8, 1009,3
1334,9, 1028,2
1316,9, 943,1
1273,3, 778,6
1148,6, 994,6
1130,7, 983,8
1169,2, 977,4
1159,0, 967,0
1149,9, 949,8
1184,7, 934,6
1088,4, 1020,7
998,5, 1082,7
-612,7, 2635,0
-573,0, 2574,0
-565,6, 2599,7
-493,8, 2730,3
-584,8, 2934,8
-584,8, 2934,8
-643,2, 3065,9
-675,8, 3139,3
-671,3, 3128,9
-575,9, 2955,4
-562,3, 2930,8
-547,3, 2794,3
-552,5, 2811,9
-555,6, 2824,7
-562,7, 2845,1
-564,1, 2853,3
-622,8, 2840,8
-642,4, 2836,7
-642,4, 2836,7
-642,4, 2836,7
-642,4, 2836,7
-642,4, 2836,7
-652,6, 2644,5
-497,4, 2629,6
-538,8, 2644,5
-555,4, 2650,5
-547,1, 2651,7
-506,7, 2655,0
-518,0, 2656,1
-516,4, 2664,2
-514,5, 2711,1
-517,0, 2712,3
-604,6, 2757,0
-622,5, 2766,1
-642,7, 2776,4
-642,7, 2776,4
-642,7, 2776,4
-642,6, 2776,4
-622,0, 2770,1
-614,1, 2767,7
-610,4, 2766,6
-603,2, 2764,4
-603,2, 2764,4
-597,6, 2746,4
-580,6, 2706,1
-553,8, 2692,5
-496,2, 2707,0
-447,0, 2616,5
-256,6, 2094,8
-172,9, 1948,6
232,2, 1313,6
341,1, 1170,0
436,0, 1052,0
616,9, 831,0
662,3, 799,3
819,4, 760,4
895,9, 754,2
898,9, 757,8
913,5, 762,9
920,4, 764,4
916,9, 763,8
1191,6, 956,0
1516,1, 1201,9
1593,1, 1259,2
1659,2, 1310,8
1742,8, 1340,8
1713,2, 1335,3
1687,3, 1327,7
1671,9, 1322,1
1657,8, 1315,0
1656,6, 1307,5
1638,0, 1285,2
1646,6, 1283,5
1660,8, 1297,7
1662,9, 1311,2
1676,0, 1328,3
1695,2, 1327,5
1705,9, 1333,5
1715,0, 1335,6
1719,9, 1332,8
1739,1, 1335,8
1750,0, 1338,3
1762,9, 1340,2
1745,7, 1332,9
1665,3, 1316,5
1598,7, 1311,1
1505,8, 1234,4
1435,3, 1175,1
1359,9, 1114,8
1254,0, 1024,6
1083,2, 887,5
1085,7, 894,9
1081,3, 890,8
1078,2, 888,4
1066,8, 887,3
1074,9, 893,0
1072,0, 892,5
1066,1, 894,8
1071,9, 917,1
1176,4, 1009,2
1451,1, 1178,2
1515,9, 1219,7
1458,5, 1185,0
1602,3, 1272,9
1608,4, 1283,6
1613,0, 1291,2
1617,0, 1289,8
1615,7, 1294,6
1614,8, 1293,8
1613,7, 1293,3
1620,4, 1299,2
1615,4, 1270,9
1613,9, 1266,0
1606,1, 1225,7
1643,3, 1253,2
1647,7, 1261,1
1675,4, 1278,7
1678,8, 1293,6
1685,9, 1290,4
1698,4, 1305,4
1700,1, 1302,1
1698,4, 1297,7
1695,6, 1293,1
1693,7, 1275,0
1696,8, 1284,0
1836,2, 1030,5
2050,4, 669,4
2089,0, 631,6
2217,5, 505,3
2182,6, 537,6
2633,1, 123,2
2632,4, 122,6
2617,5, 136,6
2625,0, 129,4
2615,6, 142,3
2613,9, 148,9
2593,4, 161,6
2597,6, 158,0
2592,8, 161,4
2589,7, 166,9
2587,5, 181,5
2587,6, 199,6
2578,1, 215,8
2076,1, 857,6
1961,3, 1025,8
1875,4, 1146,9
1802,7, 1246,1
1787,4, 1257,8
1787,6, 1257,9
1775,0, 1270,2
1768,9, 1273,1
1763,6, 1275,0
1755,8, 1277,2
1756,2, 1278,9
1736,5, 1274,4
1730,3, 1275,0
1723,1, 1288,3
1723,2, 1289,3
1717,0, 1280,7
1714,1, 1274,9
1708,9, 1280,4
1705,3, 1286,9
1713,3, 1295,7
1674,4, 1130,6
1666,9, 1195,8
1707,3, 1290,3
1707,9, 1285,7
1709,7, 1285,0
1675,2, 1278,2
1685,4, 1276,1
1676,8, 1284,9
1651,0, 1274,8
1713,4, 1299,6
1725,4, 1245,9
1717,0, 1256,9
1702,2, 1281,7
1682,5, 1306,5
1686,9, 1301,3
1672,5, 1317,2
1673,5, 1311,8
1674,5, 1304,3
1683,4, 1287,2
1899,3, 862,5
1862,2, 922,5
1957,9, 772,1
2017,5, 681,1
2121,5, 514,3
2195,2, 399,0
2188,7, 433,5
2148,5, 501,8
2221,3, 576,2
2278,2, 596,7
2273,9, 606,5
2275,4, 607,6
2242,8, 626,5
2219,0, 635,2
2230,3, 622,3
2246,5, 604,9
2248,3, 605,4
2249,6, 606,4
2257,2, 599,3
2272,7, 578,1
2288,2, 552,9
2305,1, 526,7
2333,2, 489,2
2358,6, 455,4
2372,5, 405,7
2373,7, 401,6
2381,2, 385,4
2372,8, 391,2
2374,0, 405,7
2433,3, 318,2
2462,7, 280,8
2465,5, 283,8
2480,7, 282,1
2496,3, 283,0
2490,2, 291,3
2496,9, 274,6
2492,9, 279,1
2486,5, 281,2
2486,4, 299,5
2482,8, 305,3
2480,0, 310,7
2474,7, 335,7
2477,4, 335,7
2478,4, 338,6
2468,3, 348,8
2461,1, 354,3
2452,8, 357,9
2454,5, 360,4
2467,3, 325,2
2482,0, 308,3
2490,4, 299,9
2488,6, 305,8
2491,2, 305,2
2495,5, 301,9
2495,1, 292,1
2498,0, 289,2
2505,7, 288,8
2520,4, 270,8
2524,8, 268,2
2526,7, 265,9
2534,2, 257,1
2531,4, 262,6
2539,5, 249,2
2547,8, 240,9
2550,8, 232,9
2550,3, 228,1
2550,8, 228,0
2553,5, 215,8
2548,6, 211,3
2547,3, 210,4
2545,8, 208,0
2546,1, 208,4
2547,5, 203,2
2549,7, 204,2
2558,8, 198,2
2554,0, 193,9
2549,2, 182,4
2548,3, 195,7
2547,3, 183,6
2543,6, 182,3
2544,1, 208,2
2550,5, 202,0
2546,6, 229,1
2535,9, 244,1
2529,4, 246,7
2525,6, 248,1
2527,8, 247,9
2524,8, 249,2
2518,5, 252,5
2515,6, 255,5
2495,4, 272,7
2495,7, 267,3
2501,6, 271,1
2522,4, 273,0
2523,3, 272,6
2520,1, 267,8
2526,8, 264,3
2531,3, 239,7
2530,1, 240,5
2528,8, 232,9
2527,7, 230,4
2519,8, 212,9
2519,3, 217,9
2518,6, 213,9
2521,6, 233,8
2527,5, 243,6
2532,9, 267,2
2524,9, 266,6
2512,4, 253,3
2508,3, 252,4
2512,7, 245,0
2514,4, 232,9
2517,6, 234,9
2500,5, 261,4
2499,4, 262,4
2226,6, 496,4
1909,4, 822,7
1777,4, 1123,2
1722,4, 1255,4
1705,5, 1324,5
1667,7, 1355,7
1627,6, 1367,2
1611,8, 1371,4
1614,8, 1373,3
1635,0, 1376,5
1663,5, 1380,1
1659,8, 1395,4
1660,3, 1399,4
1645,3, 1312,9
1652,3, 1273,0
1660,0, 1248,0
1657,6, 1247,1
1659,5, 1229,5
1635,9, 1273,4
1628,1, 1299,0
1642,6, 1292,1
1681,6, 1291,0
1765,7, 1523,2
1735,2, 792,2
1673,5, 760,9
1687,3, 751,1
1695,2, 743,7
1697,0, 742,7
1705,0, 748,4
1711,0, 748,4
1690,4, 751,9
1694,8, 852,1
1713,3, 944,1
1746,7, 1016,4
1766,4, 1002,6
1733,5, 1049,4
1766,8, 1085,1
1768,0, 1129,6
1679,5, 1274,0
1678,7, 1290,2
1689,7, 1280,6
1682,2, 1282,4
1661,2, 1294,2
1716,0, 1428,9
1848,2, 1494,1
2057,2, 1578,9
1935,3, 1612,4
1869,2, 1650,5
1853,1, 1648,6
1838,4, 1646,5
1786,9, 1609,7
1694,5, 1507,6
1655,2, 1476,1
1663,7, 1460,6
1665,8, 1455,5
1670,3, 1446,9
1723,2, 1446,6
1761,6, 1501,4
1755,1, 1475,0
1762,9, 1458,4
1826,4, 1456,8
1801,4, 1452,7
1814,9, 1453,2
1818,9, 1449,0
1815,7, 1453,2
1816,7, 1453,0
1749,4, 1455,2
1753,2, 1455,3
1774,2, 1460,3
1801,1, 1468,6
1729,5, 1445,9
2423,8, 1428,0
2169,6, 1461,6
1774,4, 1505,4
1759,9, 1495,1
1689,3, 1492,7
1673,6, 1462,9
1672,0, 1474,6
1672,3, 1483,4
1685,5, 1463,5
1694,1, 1465,7
1681,4, 1454,6
1685,5, 1431,6
1595,5, 1347,5
1431,3, 1221,0
799,6, 838,7
445,3, 699,6
420,0, 682,4
491,9, 701,4
331,9, 659,7
368,4, 694,6
350,6, 685,2
328,9, 670,5
320,2, 670,2
293,0, 649,0
251,2, 604,6
248,3, 589,9
251,2, 594,6
351,0, 562,5
384,4, 546,4
604,3, 501,5
612,2, 494,2
602,9, 481,6
668,4, 455,0
674,7, 442,1
676,6, 444,6
710,0, 473,9
722,8, 490,7
736,8, 505,4
757,7, 537,8
757,4, 542,8
759,4, 540,6
803,1, 582,0
821,8, 596,2
830,4, 603,2
803,3, 548,5
797,4, 544,3
794,5, 542,9
780,2, 532,0
764,1, 523,0
768,7, 525,3
753,7, 492,0
749,8, 487,7
749,9, 488,3
748,4, 499,5
684,8, 550,2
685,1, 503,9
700,4, 483,0
713,2, 495,6
707,9, 491,1
719,1, 500,8
727,3, 509,0
686,6, 502,3
698,2, 468,8
709,2, 332,4
703,6, 282,6
747,7, 227,5
751,0, 202,3
793,1, 181,0
792,4, 176,0
807,9, 194,8
834,0, 242,6
815,9, 260,9
826,8, 282,8
845,0, 307,5
958,9, 206,0
1016,1, 154,1
1036,4, 181,1
1019,9, 187,1
785,6, 165,0
684,2, 175,5
675,3, 168,5
672,0, 164,4
649,1, 138,2
642,0, 137,1
621,5, 117,9
617,7, 122,7
614,9, 125,1
614,8, 120,0
614,3, 119,5
601,8, 139,6
597,1, 227,1
598,7, 233,9
592,4, 218,1
583,4, 218,3
582,6, 211,4
582,1, 205,1
583,5, 205,3
595,2, 216,3
583,7, 214,9
553,9, 213,9
410,7, 185,7
129,1, 136,3
110,4, 130,7
31,5, 117,1
-11,7, 62,7
-20,1, 58,2
-29,4, 49,1
-30,1, 58,6
-22,4, 69,1
-24,8, 62,6
-23,2, 74,0