Listening for gaze data, press any key to exit...
2138,6, 2538,5
2133,2, 2504,5
2147,8, 2517,3
2157,1, 2506,0
2154,2, 2497,3
2176,2, 2504,8
2230,0, 2492,6
2278,2, 2491,2
2356,9, 2530,8
2351,4, 2530,0
2299,6, 2526,2
2435,6, 2530,9
2447,0, 2541,1
2413,8, 2571,1
2448,9, 2562,0
2428,9, 2554,8
2404,8, 2549,9
2383,9, 2544,5
2378,9, 2595,9
2277,4, 2367,2
1856,2, 1553,9
1593,3, 1081,5
1480,6, 917,0
1371,3, 772,4
1336,1, 721,5
1223,3, 596,5
1219,3, 601,9
1256,7, 653,5
1234,6, 652,1
1232,2, 643,9
1226,6, 638,8
1228,2, 644,0
1218,4, 643,8
1133,3, 653,5
1008,8, 652,9
857,4, 656,3
872,6, 585,9
838,4, 600,7
688,8, 612,9
575,4, 643,9
317,4, 736,8
213,9, 773,7
42,5, 1033,2
38,9, 1075,0
54,1, 1074,3
-46,4, 1022,6
-132,0, 999,6
-146,1, 993,6
-66,5, 1029,3
-76,3, 1024,6
-81,9, 1018,3
-106,9, 1009,2
-226,4, 1084,0
-296,4, 1108,9
-372,5, 1160,9
-475,0, 1248,9
-288,2, 1296,0
-95,8, 1340,3
-18,9, 1358,6
1,4, 1361,6
71,0, 1383,4
163,9, 1414,7
163,4, 1412,3
164,4, 1408,6
176,7, 1410,5
209,3, 1398,2
217,7, 1408,1
221,6, 1402,4
226,5, 1399,2
238,6, 1379,5
238,6, 1388,7
258,7, 1384,6
261,5, 1377,8
247,1, 1397,3
248,6, 1391,8
250,6, 1387,1
257,7, 1379,7
251,0, 1386,8
230,9, 1392,5
228,5, 1395,9
234,4, 1393,7
216,5, 1414,2
220,2, 1442,7
223,8, 1440,9
193,4, 1517,5
170,3, 1512,2
180,4, 1512,2
171,0, 1517,1
162,1, 1507,1
101,5, 1503,1
83,4, 1504,2
61,0, 1498,1
27,1, 1474,0
21,1, 1458,1
3,1, 1438,1
-6,7, 1430,7
17,1, 1406,0
65,8, 1418,5
105,0, 1413,7
147,8, 1409,5
156,1, 1412,5
154,0, 1412,4
146,0, 1411,6
34,4, 1434,3
52,4, 1422,5
38,6, 1400,5
25,5, 1421,4
12,6, 1411,1
22,1, 1418,1
15,5, 1406,8
28,0, 1412,8
22,2, 1402,7
38,5, 1402,7
88,6, 1404,5
109,0, 1413,8
151,4, 1415,1
158,0, 1427,6
156,8, 1440,3
164,3, 1430,4
121,1, 1415,1
118,7, 1411,5
139,7, 1383,3
78,2, 997,5
78,7, 876,0
83,4, 875,2
72,7, 320,2
72,6, 286,4
53,1, 337,3
53,7, 340,5
55,7, 338,0
197,2, 765,7
225,1, 735,0
231,9, 730,5
236,9, 719,1
230,2, 738,6
229,1, 754,1
237,2, 733,2
240,0, 755,2
248,9, 738,1
247,5, 737,8
256,5, 724,4
240,8, 723,1
256,1, 721,0
247,7, 717,9
258,5, 710,3
243,6, 680,2
254,2, 677,0
255,2, 658,9
215,9, 638,8
104,5, 639,1
102,9, 634,9
173,7, 622,2
198,9, 599,4
162,8, 588,0
229,3, 581,9
232,4, 592,1
271,1, 601,8
268,4, 602,7
287,3, 603,4
288,9, 606,4
349,4, 588,6
256,3, 580,9
311,1, 510,8
328,0, 462,4
307,7, 476,6
315,3, 484,0
324,7, 469,5
309,5, 487,2
272,2, 513,0
284,2, 509,8
301,4, 519,9
230,6, 536,6
237,7, 527,8
275,7, 508,9
283,0, 527,1
309,9, 520,0
920,6, 1771,1
992,7, 1685,8
1069,1, 1634,6
1136,4, 1569,2
1167,8, 1525,4
1185,5, 1489,4
1238,4, 1425,0
1245,9, 1398,5
1253,9, 1319,0
1227,4, 1304,7
1234,1, 1303,5
1228,8, 1300,8
1219,7, 1296,8
1164,9, 1255,0
1177,7, 1257,4
1187,5, 1258,8
1199,3, 1255,2
1385,0, 1328,5
1390,7, 1331,7
1393,8, 1328,0
1416,1, 1340,3
1494,4, 1375,9
1523,2, 1418,5
1523,0, 1412,8
1524,1, 1408,3
1530,2, 1404,8
1539,7, 1413,2
1548,6, 1416,4
1550,5, 1416,9
1553,4, 1421,4
1554,3, 1424,6
1553,6, 1425,0
1546,4, 1417,1
1542,6, 1416,7
1537,4, 1403,7
1536,5, 1396,8
1507,3, 1388,9
1483,9, 1374,1
1017,7, 905,1
708,1, 687,7
753,3, 717,4
653,7, 639,8
755,9, 690,3
669,4, 642,0
625,1, 625,0
623,6, 624,7
665,7, 663,8
662,6, 661,6
656,1, 655,0
663,6, 661,4
658,3, 657,5
639,7, 644,0
612,0, 624,3
628,1, 610,0
620,3, 611,0
610,6, 610,7
609,1, 611,6
591,5, 629,3
605,7, 661,7
619,5, 714,7
803,0, 1400,0
793,5, 1342,9
811,3, 1584,0
858,9, 2095,9
865,9, 2239,0
868,8, 2390,7
866,7, 2386,9
867,3, 2373,7
863,2, 2355,9
852,5, 2370,8
837,8, 2371,4
819,0, 2366,4
788,5, 2392,9
779,1, 2379,1
779,0, 2379,9
775,0, 2378,8
786,5, 2357,4
777,1, 2371,3
770,5, 2377,4
760,4, 2392,3
761,4, 2387,9
754,3, 2390,6
747,7, 2399,6
749,4, 2399,7
756,9, 2382,8
757,4, 2377,2
758,8, 2369,6
786,0, 2331,2
789,3, 2326,8
774,9, 2333,6
784,5, 2311,5
781,6, 2309,3
766,4, 2307,5
766,5, 2302,0
749,9, 2280,0
741,7, 2294,3
744,1, 2301,7
742,6, 2306,7
733,9, 2320,6
710,3, 2341,6
688,2, 2373,1
669,1, 2379,8
671,3, 2375,4
671,4, 2378,9
672,5, 2375,9
673,7, 2371,2
671,0, 2364,9
673,8, 2362,1
664,5, 2358,1
664,7, 2357,6
650,5, 2355,8
650,0, 2355,0
631,0, 2338,5
657,5, 2323,7
652,6, 2325,9
661,1, 2212,6
664,4, 2196,5
545,1, 1553,3
447,9, 1067,0
395,1, 750,9
408,4, 795,8
415,4, 718,1
431,4, 674,9
470,2, 404,0
480,0, 413,3
483,5, 420,5
515,7, 453,7
549,3, 411,6
537,7, 422,9
520,2, 448,0
521,6, 446,1
526,3, 440,2
520,2, 469,9
537,4, 469,2
558,7, 474,5
563,3, 475,6
564,0, 476,4
580,2, 484,9
579,0, 488,7
577,7, 505,7
581,8, 506,0
575,4, 499,5
574,3, 495,4
581,0, 496,2
585,2, 488,7
584,0, 494,2
588,6, 496,0
633,7, 476,3
627,3, 482,0
806,0, 378,5
1036,0, 271,3
1050,8, 269,2
1093,7, 333,4
1105,0, 337,2
1123,1, 363,2
1168,6, 420,9
1187,6, 461,3
1190,2, 464,6
1193,7, 469,4
1187,5, 455,5
1184,8, 449,3
1183,4, 447,0
1182,2, 448,9
1180,3, 449,1
1182,6, 456,0
1205,7, 498,4
1202,7, 516,4
1199,6, 512,8
1144,2, 535,9
1111,8, 528,4
1116,6, 525,5
1113,4, 527,7
1111,5, 533,1
1094,6, 529,8
1096,0, 522,4
1100,9, 529,2
1092,0, 520,2
1084,3, 525,5
1071,4, 533,1
1067,9, 556,7
1069,6, 581,8
1076,2, 597,1
941,0, 686,0
982,5, 627,8
1042,8, 646,6
1030,0, 638,9
1049,7, 645,7
1143,9, 680,1
1156,7, 676,5
1413,2, 640,8
1380,8, 675,8
1431,9, 660,0
1625,8, 603,3
1971,5, 517,3
2021,7, 476,3
2103,1, 398,4
2106,6, 387,3
2086,0, 404,4
2138,1, 291,4
2194,3, 243,3
2196,2, 243,8
2263,3, 209,8
2475,8, 184,0
2480,9, 178,5
2534,8, 179,5
2554,1, 180,6
2688,0, 154,5
2680,0, 171,6
2680,6, 166,5
2692,7, 149,8
2691,9, 147,0
2667,4, 170,9
2596,6, 256,4
2608,7, 243,1
2640,8, 198,1
2643,6, 196,8
2650,4, 186,4
2660,9, 171,7
2668,6, 160,4
2677,5, 146,1
2679,3, 145,9
2683,5, 142,1
2688,0, 143,6
2687,2, 146,1
2686,7, 145,8
2685,5, 149,7
2765,6, 109,2
2732,7, 130,5
2732,3, 131,4
2690,3, 155,1
2656,3, 173,8
2654,1, 174,4
2656,2, 172,0
2669,2, 160,4
2678,2, 156,4
2678,6, 153,8
2678,6, 153,7
2676,4, 150,9
2675,7, 152,6
2669,2, 153,1
2661,4, 146,2
2662,4, 146,0
2669,6, 145,2
2668,7, 144,0
2663,1, 145,4
2661,5, 144,9
2663,2, 145,7
2656,7, 160,0
2653,0, 169,6
2652,7, 170,2
2651,2, 175,0
2650,0, 178,3
2639,5, 192,4
2638,9, 189,3
2636,6, 180,2
2639,1, 174,7
2707,7, 172,2
2675,3, 179,1
2649,8, 186,7
2656,9, 183,4
2628,8, 188,2
2624,8, 198,5
2631,3, 196,4
2638,2, 192,1
2643,8, 187,1
2644,5, 183,7
2642,8, 186,7
2603,0, 170,6
2579,9, 171,2
1492,8, 498,5
1258,3, 551,0
1127,7, 573,6
1117,0, 557,0
1045,4, 558,2
671,6, 634,4
652,9, 631,3
634,0, 646,7
576,6, 656,5
567,9, 655,2
547,3, 647,4
543,0, 645,5
486,4, 613,2
468,3, 600,8
437,4, 586,9
586,2, 665,9
739,4, 762,7
1087,0, 1017,7
1232,7, 1163,3
1181,7, 1080,9
1299,7, 1197,9
1548,8, 1567,3
2102,2, 2373,8
2161,5, 2448,5
2146,4, 2419,8
2163,5, 2424,2
2153,2, 2360,1
2240,0, 2593,3
2233,5, 2599,1
2245,1, 2594,7
2245,5, 2607,4
2236,4, 2600,6
2229,9, 2602,9
2230,0, 2596,4
2226,3, 2580,3
2246,6, 2575,2
2260,4, 2573,8
2268,2, 2588,7
2282,3, 2610,9
2304,1, 2636,7
2337,6, 2696,4
2339,7, 2686,4
2353,2, 2698,9
2352,0, 2683,0
2345,4, 2665,9
2339,0, 2660,4
1889,9, 2732,4
1455,9, 2771,3
1370,2, 2754,5
1290,4, 2743,1
1276,0, 2740,7
1248,8, 2660,4
1247,0, 2665,5
1246,8, 2663,8
1244,9, 2672,2
1237,5, 2765,7
1178,2, 2678,0
1044,8, 2519,9
994,4, 2439,3
541,0, 1456,6
479,7, 1336,5
442,8, 1256,1
366,7, 1081,2
222,7, 762,9
140,9, 573,5
101,6, 449,7
115,2, 464,8
144,9, 487,7
140,0, 492,8
142,6, 476,9
112,9, 450,2
115,1, 453,7
152,2, 487,7
201,8, 527,0
224,0, 543,1
222,8, 540,3
331,1, 608,3
411,7, 664,6
425,4, 701,9
474,5, 727,1
471,9, 729,6
458,2, 727,7
418,7, 764,3
400,3, 762,9
268,0, 784,4
77,5, 715,4
48,4, 681,9
8,8, 650,8
10,0, 649,0
-12,6, 672,4
3,9, 667,8
1,4, 673,8
26,0, 663,3
53,7, 671,8
53,3, 672,7
74,8, 675,7
68,0, 680,5
96,7, 676,3
71,1, 680,1
96,8, 680,3
77,5, 657,9
26,7, 663,1
51,3, 671,7
25,7, 675,4
-3,6, 711,8
23,0, 693,1
7,3, 711,9
30,7, 690,2
58,9, 717,0
71,8, 757,8
105,0, 756,2
85,7, 758,1
134,7, 754,8
156,8, 744,4
93,1, 734,1
104,6, 730,3
105,0, 727,6
132,4, 716,2
133,6, 709,1
104,9, 697,8
108,1, 697,8
182,8, 709,9
219,7, 747,7
245,0, 748,6
293,0, 765,7
314,7, 786,1
401,0, 825,0
390,3, 829,3
368,2, 827,6
402,5, 827,7
362,0, 828,7
340,0, 828,8
385,8, 827,1
371,5, 827,4
394,7, 828,6
367,7, 828,2
415,2, 828,4
432,4, 823,7
388,8, 822,6
418,2, 845,8
422,0, 848,3
386,4, 843,8
393,1, 842,9
368,7, 836,5
385,4, 836,5
372,3, 824,1
336,3, 821,6
349,3, 822,7
366,1, 832,1
384,9, 823,9
383,9, 743,4
394,0, 663,2
326,2, 567,2
303,3, 551,1
346,1, 547,4
320,8, 535,5
347,6, 537,8
368,6, 536,9
293,4, 506,8
310,5, 505,3
271,5, 488,0
292,7, 476,1
340,6, 481,6
376,5, 477,0
458,6, 495,6
475,9, 493,0
483,4, 493,5
513,0, 501,7
519,1, 504,8
546,9, 513,2
546,8, 514,8
542,0, 520,7
571,3, 528,6
493,6, 516,7
502,3, 528,5
490,3, 535,3
418,1, 529,5
437,7, 530,5
406,7, 520,9
409,5, 527,1
351,8, 514,4
330,7, 511,0
350,0, 518,0
346,5, 522,1
361,4, 525,2
401,7, 533,4
420,3, 524,6
347,5, 497,7
413,0, 503,0
366,4, 489,2
393,8, 487,7
631,6, 379,2
238,1, 273,5
336,6, 311,9
411,6, 341,3
303,0, 283,4
315,1, 282,5
354,7, 303,8
266,7, 251,8
295,0, 260,0
305,2, 265,8
359,6, 292,2
348,1, 292,6
313,9, 285,9
358,1, 314,2
310,1, 318,3
335,1, 349,7
495,3, 444,8
490,7, 442,2
534,0, 496,9
480,6, 465,0
490,6, 465,8
533,0, 498,2
589,6, 497,1
558,2, 481,6
537,7, 476,3
535,6, 476,6
379,1, 391,5
408,7, 401,8
432,7, 411,9
368,7, 371,5
413,6, 386,5
369,0, 361,8
427,0, 363,0
442,2, 392,2
568,9, 425,9
634,2, 458,9
625,1, 454,7
777,8, 496,5
806,3, 496,4
2292,7, 518,1
2321,5, 569,3
2326,6, 575,6
2321,6, 567,4
2320,2, 566,1
2307,9, 574,7
2309,7, 583,1
2627,6, 828,8
2484,5, 840,1
2485,6, 828,0
2538,6, 820,2
2515,7, 816,3
2521,1, 813,3
2532,3, 812,5
2528,1, 806,7
2539,9, 784,5
2555,7, 763,5
2586,1, 721,2
2601,7, 706,6
2614,4, 690,2
2651,1, 650,2
2682,4, 617,6
2716,4, 587,9
2726,2, 578,8
2734,7, 566,1
2754,0, 549,3
2803,8, 489,7
2619,5, 476,8
2413,3, 445,8
2117,0, 394,6
2169,2, 406,4
1101,4, 373,3
883,5, 318,2
755,7, 333,1
699,6, 316,4
500,4, 263,6
481,9, 276,7
454,0, 289,9
419,5, 291,4
436,3, 293,3
439,8, 294,9
435,1, 286,9
409,4, 268,3
420,2, 279,9
394,3, 256,9
419,7, 292,5
440,7, 300,9
454,0, 321,7
437,6, 365,2
404,0, 358,0
355,0, 339,8
349,6, 343,8
260,3, 244,2
216,7, 258,9
219,7, 269,8
190,4, 286,6
291,5, 337,0
266,6, 337,5
286,1, 347,3
233,0, 332,4
286,8, 342,3
224,1, 325,4
289,4, 344,0
317,6, 343,9
312,8, 341,5
320,9, 335,3
249,7, 326,3
263,8, 324,8
329,8, 324,0
318,0, 322,1
301,2, 307,6
355,4, 364,9
443,1, 447,2
462,7, 464,1
617,8, 555,1
657,2, 582,2
648,8, 582,6
602,5, 570,3
583,5, 556,0
530,8, 526,5
512,7, 500,3
504,7, 500,1
519,6, 504,7
555,5, 529,6
564,8, 527,5
561,1, 525,4
537,7, 527,6
544,5, 517,4
517,2, 496,4
492,4, 483,6
499,7, 479,8
499,0, 482,9
539,6, 502,5
505,8, 491,4
559,9, 501,2
571,2, 517,1
627,5, 537,5
760,2, 593,6
830,7, 630,9
884,2, 656,3
1001,5, 711,7
1066,1, 741,3
1184,6, 802,8
1182,1, 802,5
1181,8, 802,3
1153,2, 798,9
1147,4, 794,4
468,4, 541,9
369,0, 512,0
327,1, 501,5
320,9, 499,1
232,2, 463,2
261,1, 478,5
254,9, 465,1
256,2, 465,7
253,9, 466,0
290,5, 492,1
305,8, 514,8
312,0, 532,8
321,3, 554,4
289,9, 828,8
267,5, 813,6
274,4, 894,9
270,1, 958,3
262,5, 1057,8
264,3, 1043,7
241,8, 1275,5
251,0, 1262,2
250,6, 1275,0
288,7, 1281,9
292,1, 1285,3
288,3, 1283,1
307,2, 1291,8
307,3, 1300,5
278,1, 1300,5
265,9, 1298,4
264,3, 1296,7
243,6, 1287,6
238,4, 1285,0
201,2, 1253,2
81,8, 1147,7
63,7, 1130,9
50,0, 1117,1
66,9, 1125,0
148,7, 1136,5
136,9, 1129,9
167,4, 1107,3
182,7, 1132,5
217,6, 1163,0
200,3, 1141,1
190,8, 1129,8
179,3, 1118,5
179,8, 1049,6
154,9, 1023,9
259,7, 658,6
251,7, 685,1
267,3, 631,4
280,3, 597,7
284,7, 524,8
302,7, 441,3
295,2, 420,0
299,8, 432,9
310,8, 468,1
350,3, 477,3
371,5, 478,4
390,3, 506,8
418,2, 537,2
441,2, 549,6
478,7, 586,6
495,3, 605,4
500,7, 595,8
492,4, 611,7
495,7, 585,8
485,7, 608,2
457,5, 596,9
455,2, 592,4
444,0, 583,2
449,6, 576,9
430,7, 592,3
446,7, 588,7
462,2, 593,4
499,8, 580,5
490,2, 587,2
503,8, 577,5
480,1, 552,2
472,4, 545,2
451,8, 532,2
436,7, 498,2
442,0, 515,9
376,9, 445,1
369,9, 421,0
367,1, 409,0
366,6, 401,8
344,4, 384,8
306,2, 360,2
315,4, 371,5
334,7, 362,0
330,7, 510,8
322,7, 595,0
317,7, 659,0
308,9, 751,5
288,7, 739,9
288,7, 737,9
273,8, 727,5
268,5, 719,8
265,6, 708,0
267,8, 698,2
281,2, 695,2
331,6, 737,7
350,0, 749,7
347,9, 748,8
354,5, 749,1
362,2, 750,6
352,4, 749,9
354,6, 748,9
353,5, 748,3
357,0, 745,8
335,1, 750,9
337,3, 755,2
332,3, 758,6
327,2, 749,5
321,8, 740,9
318,8, 738,2
315,1, 729,8
315,7, 731,7
311,6, 725,2
315,4, 733,4
321,4, 714,1
325,1, 709,3
414,4, 757,5
515,3, 782,8
869,2, 871,8
1168,2, 948,2
1310,6, 973,9
1415,0, 997,2
1498,0, 1001,8
1610,5, 946,7
1633,1, 910,3
1627,5, 885,0
1633,8, 884,0
1632,6, 877,7
1625,1, 886,6
1608,3, 905,3
1553,2, 894,7
1458,9, 870,7
581,2, 663,4
535,7, 633,8
155,5, 526,2
92,0, 490,7
73,3, 481,1
114,1, 501,8
110,0, 498,3
144,2, 515,5
208,4, 550,4
223,6, 565,6
316,9, 604,2
252,3, 582,8
293,1, 598,1
179,2, 557,2
245,5, 592,6
342,5, 649,2
373,6, 668,2
390,8, 679,5
393,6, 680,2
394,3, 683,3
395,2, 684,3
397,4, 692,4
401,8, 696,1
440,0, 714,6
436,1, 717,7
492,5, 777,8
507,1, 780,0
508,2, 782,7
501,2, 753,2
475,4, 729,4
470,0, 734,3
460,6, 798,4
461,1, 777,3
354,4, 918,8
347,1, 936,0
328,7, 945,5
310,0, 954,2
302,1, 954,6
293,2, 959,5
255,6, 966,5
255,2, 968,3
251,0, 964,9
243,8, 966,9
266,1, 982,9
275,0, 989,8
287,9, 1003,8
295,5, 1001,6
298,8, 1005,3
299,3, 1007,8
311,7, 996,3
312,9, 998,8
301,2, 998,7
295,7, 998,8
271,7, 1003,2
276,5, 1003,9
234,8, 1066,2
187,5, 1077,2
190,4, 1084,8
215,2, 1134,8
220,5, 1148,5
234,2, 1165,1
230,9, 1148,2
234,7, 1145,6
250,9, 1167,0
254,1, 1155,1
253,9, 1152,3
254,1, 1166,2
253,6, 1167,0
251,6, 1161,7
251,0, 1130,9
240,4, 1124,9
252,7, 1144,0
251,9, 1133,4
258,7, 1118,0
265,3, 1135,3
270,3, 1140,9
272,3, 1137,0
279,1, 1139,0
314,3, 1112,3
361,8, 1092,7
423,5, 1076,7
454,4, 1063,4
456,7, 1058,3
455,9, 1066,4
450,4, 1054,5
413,8, 1044,1
386,1, 1045,9
374,2, 1042,4
358,2, 1036,9
272,5, 1013,3
244,2, 1024,2
206,9, 1029,3
186,8, 1032,0
161,6, 1032,8
153,0, 1014,8
145,6, 1012,7
132,6, 992,1
330,4, 862,3
214,4, 947,7
321,6, 878,9
288,8, 917,4
288,0, 951,4
254,5, 1027,6
210,0, 938,8
241,0, 974,2
220,8, 941,1
215,6, 933,8
182,5, 900,0
194,7, 911,7
175,6, 890,2
246,0, 919,9
287,2, 912,5
450,1, 1016,6
451,0, 1006,6
494,9, 1010,8
586,4, 1061,5
686,3, 1147,3
773,4, 1164,5
785,4, 1174,4
779,6, 1192,1
784,6, 1178,2
786,9, 1174,7
784,2, 1172,9
723,7, 1134,8
617,6, 1100,9
564,5, 1078,7
520,2, 1060,6
479,0, 1056,5
436,3, 1025,2
429,0, 1011,5
428,4, 1018,9
429,9, 1009,0
428,2, 1004,5
410,7, 998,9
393,1, 992,5
361,5, 1010,3
362,4, 997,4
359,5, 994,1
363,5, 1003,5
360,1, 1000,6
357,2, 996,6
341,9, 969,9
323,3, 943,5
324,5, 952,5
332,2, 959,4
426,5, 964,6
408,9, 960,6
531,1, 946,9
652,3, 936,2
724,5, 927,6
829,4, 906,5
978,1, 877,9
1180,1, 842,4
1189,1, 839,6
1221,9, 814,8
1257,4, 781,4
1277,4, 734,1
1301,3, 708,9
1302,7, 693,1
1302,2, 699,8
1293,8, 619,3
1285,1, 551,2
1289,4, 535,0
1292,6, 504,4
1300,3, 499,0
1316,7, 493,4
1326,4, 484,7
1396,8, 461,8
1415,9, 451,8
1417,3, 454,2
1433,8, 447,6
1449,7, 441,1
1460,9, 431,9
1481,0, 415,2
1486,8, 410,7
1484,2, 413,2
1362,3, 419,9
1276,2, 434,3
412,6, 498,5
221,7, 490,8
178,4, 489,8
112,0, 489,1
113,4, 482,6
69,4, 472,7
73,1, 471,0
79,2, 472,1
123,2, 499,6
187,4, 543,0
238,9, 578,1
241,3, 579,5
271,6, 599,0
248,6, 589,4
263,8, 598,2
286,9, 610,7
282,4, 605,2
270,6, 595,3
355,9, 588,5
614,0, 543,8
676,7, 535,2
868,7, 519,4
991,4, 505,2
1077,7, 496,9
1641,1, 433,4
1744,0, 421,0
1759,5, 413,2
2053,6, 343,1
2060,1, 331,3
2060,8, 334,3
2085,3, 285,3
2094,3, 248,8
2098,9, 237,0
2107,7, 241,6
2123,2, 213,0
1996,6, 195,0
1579,8, 167,4
1408,9, 174,2
1063,0, 138,5
1022,5, 116,3
918,9, 132,6
687,6, 73,1
616,8, 38,2
518,8, 76,5
533,7, 107,5
488,9, 132,1
516,5, 169,7
523,9, 176,5
531,8, 182,6
550,8, 201,2
551,7, 203,1
562,8, 216,5
568,3, 222,6
563,4, 231,4
562,8, 232,6
546,1, 234,8
511,9, 229,0
473,9, 209,0
272,3, 173,1
186,9, 132,9
184,8, 135,2
240,1, 246,5
269,3, 287,6
271,0, 285,1
465,1, 361,6
442,8, 336,0
442,2, 334,7
435,3, 321,0
435,3, 319,0
453,2, 313,0
463,7, 317,2
448,5, 307,9
431,1, 294,8
405,4, 279,9
339,6, 274,6
337,8, 259,8
332,4, 245,1
295,5, 193,6
246,2, 158,2
234,1, 210,5
288,5, 302,3
295,7, 277,6
294,8, 263,7
303,5, 286,6
304,8, 289,8
301,0, 274,9
262,7, 260,5
242,7, 241,9
237,4, 245,5
236,2, 246,2
183,2, 134,5
206,7, 192,0
232,6, 257,0
239,7, 447,3
221,4, 457,8
230,3, 481,5
234,8, 481,7
225,6, 480,7
240,3, 456,6
223,3, 450,4
212,1, 464,2
203,3, 468,5
226,6, 498,0
240,1, 499,2
247,5, 511,7
261,9, 524,9
256,3, 525,6
266,1, 509,8
232,0, 468,8
207,3, 454,0
139,1, 406,1
140,3, 368,1
108,2, 351,2
72,3, 342,4
76,4, 319,3
-46,6, 227,2
-81,6, 219,0
-94,0, 210,6
-107,3, 208,2
840,4, 89,2
806,2, 15,7
812,0, 16,6
827,2, 16,2
839,7, 25,2
860,7, 49,7
848,7, 33,9
862,8, 51,9
942,1, 114,7
911,4, 99,1
1140,6, 172,0
1255,7, 206,9
1299,8, 219,4
1385,5, 244,4
1408,2, 252,0
1410,5, 251,4
1415,1, 247,8
1419,7, 245,1
1429,9, 245,9
1579,3, 248,6
1658,0, 257,5
1957,6, 324,6
2111,1, 356,2
2154,2, 371,8
2420,8, 371,6
2644,4, 373,8
2650,5, 380,1
2694,4, 388,1
2778,9, 331,9
2795,1, 352,1
2791,1, 374,9
2792,6, 371,4
2790,6, 370,8
2833,4, 352,5
2829,0, 354,5
2810,6, 371,9
2820,1, 372,0
2822,0, 363,3
2816,1, 371,6
2840,8, 359,4
2839,2, 363,5
2834,6, 371,4
2851,6, 367,1
2834,0, 379,1
2840,8, 381,0
2830,1, 387,9
2843,9, 388,8
3022,4, 351,8
3443,3, 240,8
3273,9, 443,2
3452,7, 363,7
3470,4, 367,9
3405,9, 415,4
3481,0, 404,1
3429,8, 436,1
3359,9, 475,1
3159,5, 602,4
3148,3, 601,8
3145,1, 600,2
3137,1, 606,0
3103,5, 628,3
3087,2, 637,9
3107,8, 622,0
3023,2, 652,4
18,2, 277,0
1660,2, 533,3
1415,7, 516,3
237,6, 323,5
628,6, 406,2
764,4, 401,6
1685,8, 525,6
1728,2, 518,9
563,4, 316,0
198,0, 260,0
13,8, 237,1
58,3, 275,7
207,7, 445,1
214,4, 397,5
292,2, 474,9
345,1, 519,3
496,4, 662,8
506,0, 675,0
507,8, 711,8
521,8, 734,1
537,2, 761,2
594,0, 816,2
673,2, 839,5
662,0, 806,1
619,6, 794,8
537,1, 762,2
566,0, 746,3
344,3, 625,5
306,3, 600,8
315,8, 609,2
350,9, 624,4
364,0, 618,6
363,0, 632,5
423,5, 679,6
425,9, 678,5
425,5, 709,6
442,7, 722,9
439,2, 728,0
418,5, 749,6
441,3, 741,0
432,9, 753,8
452,1, 764,6
424,7, 761,6
440,1, 754,1
412,7, 750,0
430,2, 745,8
346,5, 710,4
352,3, 708,3
360,6, 702,4
335,8, 683,2
305,2, 666,3
291,7, 656,5
318,7, 649,6
295,8, 644,0
255,7, 638,9
277,4, 636,7
224,2, 604,0
246,6, 612,5
230,0, 605,2
248,2, 608,6
218,6, 573,4
184,3, 541,4
219,1, 545,1
167,1, 518,6
179,2, 533,0
179,2, 533,0
209,9, 539,6
290,1, 561,2
267,4, 556,3
423,0, 616,6
420,0, 617,3
572,0, 684,1
614,3, 710,3
629,8, 727,1
638,4, 730,6
655,7, 741,4
652,9, 746,1
656,9, 735,4
699,6, 774,0
679,9, 749,3
608,8, 641,4
598,0, 641,8
594,8, 642,1
596,7, 635,3
597,3, 639,2
593,3, 641,5
594,5, 648,2
590,6, 645,5
616,4, 648,0
439,3, 639,0
431,9, 638,8
241,5, 624,5
215,5, 622,3
196,6, 620,7
221,9, 646,8
250,7, 647,1
208,6, 662,8
210,9, 662,3
224,3, 664,9
255,0, 682,8
265,9, 663,9
274,5, 672,1
278,5, 678,6
286,3, 679,0
304,7, 680,4
322,2, 685,5
338,4, 694,6
356,9, 700,9
387,6, 715,3
384,4, 715,3
389,6, 730,3
400,8, 740,0
422,7, 751,5
444,9, 764,3
446,2, 768,6
453,5, 770,9
452,6, 772,3
474,6, 784,8
481,8, 783,5
479,5, 781,2
311,6, 1026,6
346,1, 1014,6
354,3, 1031,1
348,0, 1014,7
310,6, 1078,8
312,4, 1113,8
298,1, 1160,2
280,6, 1199,7
288,5, 1197,4
283,7, 1198,2
282,5, 1199,8
259,0, 1196,8
257,5, 1192,4
244,6, 1187,0
234,5, 1179,9
227,6, 1185,4
218,6, 1184,0
220,7, 1183,8
218,6, 1177,2
216,1, 1175,2
202,3, 1193,4
205,1, 1187,5
152,8, 1196,6
167,4, 1416,5
166,1, 1419,7
165,6, 1433,0
159,7, 1456,0
155,6, 1443,4
163,4, 1509,6
141,1, 1519,4
134,3, 1523,8
124,0, 1531,1
121,0, 1530,6
124,6, 1529,4
134,9, 1531,5
141,7, 1532,2
139,5, 1532,7
138,4, 1531,6
138,7, 1530,0
138,1, 1529,5
118,8, 1527,8
106,8, 1524,6
123,4, 1527,2
106,4, 1528,5
112,4, 1529,6
112,1, 1526,5
115,1, 1523,8
109,6, 1517,1
104,5, 1510,4
110,1, 1510,7
113,8, 1495,0
141,2, 1422,7
143,4, 1369,4
144,9, 1347,9
106,0, 1247,6
130,5, 1264,0
125,5, 1238,6
122,2, 1241,0
105,0, 1232,4
109,8, 1233,6
125,6, 1236,2
141,6, 1224,9
169,3, 1234,8
169,1, 1238,1
186,8, 1242,1
176,9, 1237,1
179,7, 1244,3
190,8, 1229,6
205,5, 1236,7
202,9, 1232,6
216,7, 1242,0
201,9, 1243,7
191,9, 1236,5
201,8, 1249,9
176,8, 1235,8
139,8, 1296,3
129,0, 1318,3
114,3, 1307,7
51,8, 1323,4
11,8, 1333,1
20,2, 1340,9
58,1, 1325,4
24,6, 1334,8
54,0, 1325,5
66,8, 1300,2
44,8, 1270,5
40,9, 1240,0
5,9, 1228,6
17,8, 1222,0
74,2, 1261,1
59,2, 1243,7
72,3, 1258,8
46,2, 1243,1
40,9, 1236,9
63,6, 1247,0
46,7, 1238,4
59,5, 1249,0
35,5, 1232,9
46,5, 1237,8
29,4, 1225,5
59,5, 1238,9
59,3, 1222,8
72,1, 1230,9
89,0, 1232,0
107,2, 1238,6
95,6, 1234,8
77,1, 1226,3
86,0, 1237,3
61,1, 1224,1
91,2, 1253,8
102,7, 1235,8
105,7, 1233,3
108,0, 1240,3
107,0, 1227,1
94,9, 1261,2
76,3, 1234,0
72,3, 1230,0
49,8, 1212,4
67,1, 1227,1
44,9, 1217,5
83,2, 1241,7
76,7, 1237,1
135,1, 1234,8
184,6, 1235,3
381,0, 1258,8
391,2, 1260,1
489,6, 1276,4
549,9, 1294,6
560,4, 1298,7
600,8, 1302,6
627,1, 1306,4
671,6, 1310,6
663,0, 1305,8
667,7, 1306,7
676,9, 1309,8
682,5, 1310,2
697,0, 1311,7
697,8, 1310,2
698,0, 1306,5
695,1, 1304,3
700,0, 1303,6
701,8, 1298,2
702,8, 1296,3
728,6, 1287,9
725,4, 1287,4
788,4, 1290,0
1176,1, 1297,1
1254,8, 1295,0
1320,6, 1301,5
1328,3, 1302,7
1332,7, 1303,8
1360,6, 1311,7
1372,8, 1312,2
1375,2, 1312,3
1375,9, 1314,2
1389,1, 1323,6
1254,9, 1317,3
646,3, 1269,7
449,8, 1248,9
387,6, 1244,4
333,1, 1243,4
348,0, 1247,0
348,6, 1246,1
388,6, 1255,5
421,9, 1268,0
454,7, 1261,7
457,4, 1258,5
449,3, 1257,0
422,5, 1255,5
435,4, 1257,0
417,0, 1257,8
405,8, 1245,7
391,8, 1242,5
375,3, 1232,2
315,2, 1219,5
257,7, 1188,8
195,7, 1164,6
4,7, 1108,7
0,1, 1097,7
-10,4, 1108,4
-0,4, 1102,1
-0,4, 1096,9
2,5, 1094,1
17,5, 1097,9
24,8, 1098,5
38,3, 1103,5
41,1, 1102,6
48,9, 1099,6
49,8, 1100,3
49,2, 1099,4
88,7, 1090,4
159,1, 1066,8
329,4, 991,4
417,0, 950,8
402,8, 954,3
429,9, 920,6
531,7, 862,1
512,8, 847,8
526,9, 840,8
513,0, 843,2
573,9, 831,2
563,6, 834,6
555,1, 840,1
571,3, 839,8
570,4, 841,9
573,2, 844,1
570,5, 845,0
567,9, 847,8
570,0, 836,0
563,5, 834,7
555,6, 842,1
562,1, 823,5
556,3, 830,7
523,0, 838,3
380,0, 880,4
286,7, 909,9
214,7, 929,2
220,3, 926,1
150,4, 949,4
134,4, 960,5
128,8, 971,9
117,4, 979,0
174,2, 1014,6
177,9, 1018,3
178,4, 1015,7
170,2, 1009,5
171,0, 1011,3
174,6, 1007,3
164,5, 982,8
182,0, 985,7
168,2, 970,2
182,0, 964,2
166,3, 954,8
170,6, 935,8
131,7, 942,1
146,3, 933,6
142,4, 924,0
135,0, 915,2
111,6, 901,7
118,7, 898,7
98,4, 892,3
44,0, 872,6
56,4, 865,3
49,5, 868,2
52,8, 863,7
51,3, 868,8
49,9, 876,3
61,4, 865,3
71,7, 872,6
79,8, 855,1
71,7, 862,6
75,2, 868,5
72,3, 874,2
76,2, 867,5
76,2, 871,6
86,4, 856,0
85,9, 852,1
78,7, 861,1
81,0, 863,3
73,6, 876,3
75,5, 872,0
67,0, 876,6
78,3, 871,3
76,1, 871,3
82,3, 870,9
90,3, 861,9
76,3, 857,1
86,6, 854,0
87,3, 853,6
93,1, 848,1
89,9, 840,9
93,2, 827,0
62,1, 792,8
73,4, 788,1
78,4, 766,0
77,6, 743,8
85,6, 744,1
80,3, 750,5
82,7, 745,1
60,4, 740,7
77,0, 734,6
80,5, 741,5
79,2, 742,5
114,9, 729,9
83,5, 758,8
96,2, 754,9
103,3, 752,9
123,8, 737,5
116,0, 746,2
136,3, 738,4
117,6, 745,8
136,6, 733,7
125,2, 750,3
145,4, 737,1
134,4, 754,9
228,6, 792,6
220,7, 809,1
222,4, 817,2
223,5, 832,9
261,7, 853,2
237,1, 846,7
244,4, 847,8
223,4, 841,0
227,8, 840,5
248,3, 812,2
247,3, 809,8
256,3, 826,0
256,7, 825,5
254,1, 816,1
253,1, 817,5
235,5, 811,7
224,9, 813,4
222,7, 811,5
240,4, 815,9
239,5, 817,4
239,4, 818,7
237,6, 818,3
241,6, 812,6
242,0, 816,0
241,9, 816,3
235,8, 819,8
237,7, 821,6
234,0, 815,7
234,6, 817,6
234,3, 817,0
233,0, 811,0
228,8, 800,1
192,8, 783,1
627,2, 1032,7
780,9, 1138,9
821,8, 1164,2
857,9, 1189,3
887,8, 1212,5
894,0, 1240,0
888,5, 1241,7
891,8, 1241,2
883,0, 1242,2
887,6, 1242,5
887,7, 1242,2
885,9, 1241,1
881,8, 1240,4
879,6, 1238,6
871,8, 1236,6
866,5, 1231,9
860,1, 1229,6
857,8, 1227,0
856,8, 1226,3
860,1, 1227,8
863,2, 1228,4
863,3, 1231,2
877,6, 1238,6
876,4, 1237,4
940,5, 1303,2
956,0, 1319,3
970,3, 1339,2
993,8, 1362,1
1006,0, 1373,5
1013,3, 1393,4
1012,5, 1386,1
1015,5, 1390,5
1012,6, 1386,7
1006,5, 1377,1
985,1, 1370,2
976,5, 1364,2
921,8, 1354,7
914,1, 1360,0
155,2, 1435,8
74,0, 1444,6
15,5, 1454,5
3,7, 1454,2
-50,1, 1453,8
-47,2, 1463,8
-58,1, 1465,0
-61,9, 1459,0
-56,3, 1459,8
-55,9, 1465,5
-73,4, 1439,9
-69,0, 1444,4
-58,0, 1447,5
-53,6, 1265,6
-50,9, 1140,2
-116,7, 1117,1
-110,8, 1112,1
-83,6, 1096,7
-26,2, 1113,0
-22,4, 1114,2
32,2, 1148,3
39,8, 1143,1
109,5, 1157,7
104,7, 1159,0
122,3, 1162,4
164,6, 1156,3
158,9, 1161,5
158,3, 1163,1
130,6, 1170,6
166,8, 1179,5
175,4, 1176,3
142,7, 1175,6
161,0, 1174,2
143,6, 1284,0
180,5, 1308,4
193,7, 1393,1
192,9, 1430,0
229,1, 1468,5
214,0, 1471,2
219,8, 1475,0
231,4, 1481,5
215,5, 1489,3
32,8, 1484,6
81,1, 1490,4
14,0, 1483,8
6,7, 1483,3
7,3, 1488,5
5,6, 1486,2
63,1, 1489,4
63,0, 1491,1
80,3, 1489,4
91,1, 1488,8
39,2, 1489,7
73,0, 1485,5
67,5, 1486,5
102,8, 1484,1
110,9, 1483,4
80,6, 1506,2
97,8, 1489,1
85,8, 1496,8
71,0, 1494,0
84,2, 1490,2
74,8, 1497,1
72,5, 1499,0
59,4, 1506,5
75,8, 1495,9
87,3, 1490,2
67,4, 1509,5
77,6, 1502,9
85,9, 1481,9
76,7, 1428,1
64,6, 1402,7
76,6, 1388,1
63,4, 1384,7
71,5, 1383,3
86,6, 1380,2
80,8, 1381,2
83,1, 1381,5
90,3, 1370,1
86,4, 1376,7
89,1, 1375,8
102,8, 1349,3
96,8, 1351,7
97,7, 1338,3
100,1, 1335,3
100,2, 1349,5
107,7, 1344,5
98,3, 1350,9
105,0, 1342,8
101,7, 1343,9
123,3, 1325,3
110,0, 1325,6
96,4, 1302,3
103,7, 1291,8
102,7, 1292,0
438,9, 1192,4
673,6, 1126,3
675,1, 1125,4
680,3, 1124,5
697,1, 1119,7
701,1, 1118,3
705,2, 1104,9
704,4, 1097,0
694,9, 1098,5
695,5, 1097,7
710,2, 1081,5
702,5, 1088,9
711,7, 1070,6
707,0, 1075,4
713,1, 1064,7
720,8, 1041,1
692,4, 996,8
664,4, 970,8
592,2, 857,7
548,8, 748,6
527,2, 703,6
442,5, 696,6
453,3, 684,4
472,4, 674,4
469,8, 661,9
489,2, 664,6
490,7, 694,9
478,3, 676,5
459,2, 666,7
467,2, 669,4
418,8, 629,4
316,8, 479,9
324,6, 489,6
345,4, 515,2
400,4, 503,4
368,5, 469,7
475,8, 551,1
490,1, 540,7
494,1, 540,7
534,9, 611,3
528,8, 598,3
521,8, 583,4
480,8, 521,5
474,6, 512,3
486,7, 487,9
493,9, 484,8
497,1, 468,4
497,3, 460,5
493,4, 458,6
479,3, 454,6
475,2, 451,6
520,0, 529,8
515,7, 522,4
567,7, 591,0
559,5, 575,3
541,0, 548,0
526,1, 528,8
512,4, 512,5
551,9, 556,2
546,5, 544,7
560,4, 564,5
584,8, 584,1
583,3, 576,4
581,8, 573,9
586,5, 573,7
583,1, 566,7
573,2, 549,6
557,9, 516,5
561,2, 486,8
562,2, 496,2
561,2, 504,5
536,2, 483,4
558,2, 539,4
553,1, 528,3
521,5, 469,7
521,4, 469,0
512,0, 449,5
519,3, 455,8
521,4, 455,8
516,0, 446,0
528,3, 473,5
529,5, 471,3
513,0, 444,2
516,9, 451,1
513,8, 452,8
513,4, 452,3
512,3, 455,4
509,3, 449,9
518,4, 512,9
515,6, 509,3
514,9, 498,4
523,6, 508,6
520,5, 502,9
513,3, 484,2
307,4, 993,7
358,0, 1032,5
358,2, 1029,3
358,6, 1024,5
358,8, 1023,2
364,4, 1022,2
385,7, 1014,2
402,6, 1009,1
384,2, 1016,4
404,7, 1016,9
428,3, 1027,0
467,6, 1068,7
490,4, 1087,0
501,5, 1087,9
540,9, 1094,5
611,4, 1094,5
638,5, 1099,8
629,1, 1104,6
651,9, 1103,6
648,8, 1104,8
642,8, 1104,2
610,6, 1085,2
503,0, 1046,4
467,9, 1039,1
468,4, 1030,9
457,0, 1029,8
454,6, 1020,9
446,7, 1030,4
442,2, 1029,4
442,9, 1034,3
438,5, 1035,3
445,9, 1027,8
388,2, 1040,9
342,0, 1052,0
286,4, 1061,6
201,4, 1122,2
163,0, 1099,8
160,6, 1100,2
196,4, 1127,1
197,6, 1122,8
201,2, 1115,4
197,4, 1113,3
201,6, 1115,8
207,0, 1133,4
202,3, 1126,2
211,2, 1136,9
203,8, 1123,2
207,9, 1121,2
209,9, 1126,2
209,4, 1142,8
221,0, 1191,9
216,0, 1184,7
219,9, 1198,8
220,0, 1202,8
229,7, 1193,0
219,6, 1182,5
214,2, 1192,3
233,4, 1180,4
234,7, 1185,7
240,0, 1177,1
216,7, 1171,5
218,9, 1181,2
218,9, 1177,9
216,3, 1184,4
215,5, 1176,3
221,7, 1188,1
230,1, 1175,3
264,5, 1168,1
185,2, 1150,1
177,9, 1210,6
152,8, 1211,9
143,8, 1212,7
112,6, 1220,2
95,6, 1245,0
110,9, 1259,3
116,8, 1284,4
127,1, 1284,6
140,9, 1279,9
147,5, 1300,7
149,0, 1297,7
152,5, 1297,0
165,5, 1309,4
163,1, 1301,4
162,0, 1299,7
168,2, 1297,7
177,3, 1305,0
135,4, 1267,2
125,7, 1248,3
116,7, 1240,0
148,8, 1258,1
143,1, 1251,7
154,2, 1268,4
133,4, 1261,5
139,8, 1256,4
163,1, 1274,2
159,1, 1258,4
120,6, 1229,0
123,2, 1268,8
114,1, 1262,9
96,9, 1294,9
79,8, 1285,3
68,2, 1295,6
212,3, 1283,6
289,1, 1272,0
329,3, 1265,7
389,4, 1251,8
398,4, 1251,0
437,7, 1245,9
471,3, 1240,9
495,1, 1237,5
522,0, 1232,6
531,2, 1232,5
540,0, 1229,1
540,9, 1225,0
563,0, 1232,7
572,5, 1221,8
576,2, 1224,3
579,7, 1227,4
601,3, 1234,5
599,0, 1232,0
615,9, 1231,6
610,7, 1232,6
618,2, 1228,3
540,5, 1212,3
557,6, 1214,1
543,6, 1214,2
548,6, 1214,4
545,5, 1212,0
551,7, 1205,1
548,9, 1206,2
550,0, 1205,5
551,4, 1204,2
551,3, 1205,0
563,2, 1205,2
578,6, 1205,2
794,8, 1188,5
1180,0, 1155,8
1315,0, 1148,8
1338,1, 1146,5
1441,7, 1137,5
1592,9, 1135,1
1778,0, 1127,4
1884,7, 1117,1
1897,8, 1113,9
1909,3, 1114,5
1928,4, 1115,9
1931,6, 1111,9
1982,6, 1065,3
2001,4, 1048,4
2009,8, 1043,8
2030,7, 1042,2
2071,7, 1020,3
2102,8, 1017,4
2106,2, 1015,8
2133,8, 1014,6
2166,3, 1008,2
2177,4, 1004,9
2182,8, 1002,6
2227,1, 989,4
2281,5, 978,6
2321,6, 969,6
2355,0, 955,9
2366,5, 952,0
2376,2, 950,7
2400,6, 952,8
2403,6, 955,0
2406,3, 954,6
2412,0, 952,5
2428,1, 956,2
2441,0, 954,7
2446,4, 954,9
2458,7, 956,9
2463,8, 957,9
2483,0, 953,6
2484,1, 955,3
2488,5, 952,0
2492,6, 948,1
2485,9, 945,7
2483,9, 940,9
2489,6, 937,8
2503,6, 930,0
2475,1, 934,1
172,8, 643,4
-46,2, 565,2
-43,1, 567,0
-19,1, 577,9
74,7, 620,0
14,5, 603,3
55,8, 615,2
44,4, 613,5
67,7, 616,5
244,6, 677,4
358,1, 736,3
444,0, 789,0
468,4, 812,5
473,8, 817,5
479,1, 824,4
460,9, 816,1
438,4, 806,4
423,2, 795,7
433,5, 799,9
385,2, 806,7
101,8, 1093,0
136,2, 1047,5
169,0, 998,4
160,6, 1009,9
133,7, 1052,6
108,9, 1111,2
133,1, 1144,6
137,9, 1144,5
153,0, 1141,6
158,6, 1140,4
206,1, 1147,8
198,3, 1146,3
205,1, 1141,4
214,8, 1129,8
217,9, 1134,8
220,2, 1124,6
241,2, 1090,9
258,8, 1074,4
318,1, 1020,4
263,6, 1060,3
340,3, 990,3
350,3, 977,9
318,7, 1004,1
302,0, 1028,8
265,0, 1049,5
259,7, 1067,4
255,5, 1058,1
259,6, 1047,5
262,4, 1074,4
260,2, 1071,0
260,5, 1076,7
262,1, 1074,3
259,6, 1061,9
258,2, 1050,1
259,7, 1049,1
276,4, 1038,1
279,6, 1040,6
284,1, 1034,3
276,9, 1003,5
275,3, 1009,7
274,6, 999,1
277,3, 985,0
279,2, 970,0
285,7, 960,0
287,2, 957,6
290,5, 943,9
290,2, 934,2
295,8, 948,4
290,5, 944,2
286,3, 940,5
290,5, 959,4
288,6, 954,6
285,5, 958,7
282,0, 952,9
305,8, 953,2
309,1, 969,0
298,4, 961,4
301,2, 962,0
314,8, 956,4
342,0, 942,8
461,9, 869,5
424,7, 890,7
434,9, 880,6
449,5, 877,9
429,8, 882,4
396,3, 891,6
345,9, 928,5
325,9, 937,5
311,3, 940,2
307,2, 943,9
304,2, 923,9
307,4, 933,7
311,7, 930,9
321,5, 944,7
323,1, 953,3
330,3, 949,2
330,5, 944,9
324,1, 953,3
309,3, 931,7
308,4, 939,9
308,8, 946,3
305,4, 939,7
312,5, 948,2
313,2, 944,2
313,3, 939,1
310,4, 943,7
309,2, 935,7
295,9, 941,3
298,9, 934,6
294,4, 932,7
295,3, 936,5
297,2, 926,4
301,3, 917,9
303,5, 928,1
304,2, 933,2
305,9, 918,8
319,1, 940,8
316,1, 930,6
316,9, 928,3
313,7, 932,7
318,8, 928,2
320,8, 928,6
316,6, 935,8
319,0, 919,8
305,0, 925,5
310,9, 908,3
342,8, 880,1
346,3, 890,2
338,8, 885,0
332,9, 884,5
319,7, 869,2
294,6, 846,6
266,4, 835,6
257,7, 821,4
247,3, 814,8
249,8, 809,6
251,5, 800,0
253,3, 808,4
248,4, 788,8
278,3, 807,4
274,8, 795,3
271,8, 795,2
258,0, 769,8
258,3, 733,7
251,5, 712,2
239,4, 708,1
221,3, 697,9
217,2, 699,2
205,3, 682,6
242,4, 729,0
278,0, 745,9
278,1, 747,8
304,4, 761,6
349,0, 767,0
410,8, 787,8
426,6, 827,1
433,1, 824,7
438,6, 815,7
449,1, 813,7
467,9, 820,1
462,4, 844,8
464,9, 839,8
472,3, 823,3
460,1, 849,3
466,2, 839,6
468,1, 838,0
462,6, 853,8
469,8, 843,4
468,5, 847,2
467,2, 848,4
466,2, 845,8
450,3, 853,8
446,5, 849,6
449,8, 844,6
445,1, 850,4
448,6, 840,4
454,5, 840,7
450,7, 837,7
436,4, 871,6
430,7, 888,8
434,1, 892,5
433,1, 889,1
424,4, 910,6
427,3, 905,3
423,5, 919,7
454,2, 879,8
472,0, 856,7
469,9, 858,2
462,1, 868,1
429,5, 873,7
415,7, 889,9
409,6, 893,2
409,5, 889,5
388,3, 912,1
396,3, 898,1
394,7, 906,9
376,3, 893,0
373,5, 894,2
371,3, 890,6
356,7, 888,4
344,7, 871,8
281,2, 809,4
284,5, 811,7
252,1, 756,9
233,3, 738,2
265,7, 736,8
354,5, 682,2
407,8, 670,3
477,7, 653,8
494,9, 658,9
509,9, 655,4
509,2, 671,4
522,1, 679,4
523,8, 676,2
539,5, 703,4
551,2, 719,5
568,3, 736,3
560,8, 718,8
564,0, 712,8
569,4, 701,4
575,3, 689,7
594,1, 694,5
625,3, 711,3
624,3, 706,8
632,7, 706,2
605,2, 658,7
599,1, 654,0
608,7, 662,0
605,8, 660,5
566,5, 634,8
566,0, 635,3
551,3, 613,0
556,4, 616,1
552,3, 617,6
550,0, 617,3
550,5, 590,6
588,9, 589,1
703,7, 559,4
733,4, 544,8
764,4, 535,5
841,4, 514,8
959,8, 481,5
994,5, 472,6
1426,0, 359,1
1426,5, 343,3
1429,3, 339,7
1448,9, 321,0
1441,3, 308,9
1411,3, 291,1
1293,6, 272,5
1272,3, 274,4
692,1, 300,5
449,8, 285,4
161,9, 252,8
236,1, 274,0
272,7, 295,2
236,4, 323,4
253,3, 396,9
231,2, 366,8
232,0, 405,1
224,2, 403,8
113,3, 300,8
214,7, 400,6
209,9, 395,1
219,8, 402,5
235,8, 414,6
246,0, 411,6
250,7, 434,6
252,0, 427,9
236,3, 413,3
180,5, 399,6
104,9, 390,1
-40,3, 338,2
-100,1, 317,8
-58,2, 333,0
-35,4, 344,8
9,1, 365,5
-28,7, 322,6
22,5, 371,7
66,4, 405,4
22,3, 392,2
52,9, 391,8
20,3, 397,6
36,5, 398,4
47,3, 408,2
128,9, 475,7
169,3, 497,3
177,3, 502,1
187,4, 514,2
239,5, 536,7
247,0, 542,2
296,7, 560,8
231,8, 518,7
284,3, 532,0
228,9, 491,7
276,6, 500,6
284,8, 419,2
279,3, 408,1
279,3, 408,1
245,9, 373,0
257,4, 374,2
262,7, 374,8
280,5, 376,7
284,0, 377,1
284,2, 377,1
287,9, 330,9
291,1, 306,0
291,4, 276,2
288,0, 256,8
286,7, 253,7
286,0, 260,6
244,0, 317,3
238,6, 323,4
229,3, 326,4
210,8, 323,9
176,3, 316,9
-34,0, 316,2
35,1, 312,9
59,3, 322,6
57,1, 363,8
232,9, 433,0
154,2, 407,0
208,0, 436,4
168,6, 487,2
216,1, 501,6
177,3, 532,8
233,5, 560,5
201,1, 566,8
267,2, 587,0
206,6, 562,3
244,0, 576,4
183,1, 559,9
163,6, 552,3
129,4, 538,0
192,5, 564,1
168,2, 548,1
110,7, 514,7
168,1, 530,7
100,3, 487,4
147,0, 504,7
147,8, 507,6
200,2, 516,1
97,7, 491,6
269,9, 522,1
189,5, 496,5
237,7, 515,2
167,3, 497,5
220,2, 515,6
159,1, 499,1
213,5, 525,1
187,1, 516,6
297,5, 565,8
320,1, 537,2
291,2, 538,3
304,4, 531,0
303,3, 530,1
298,2, 520,9
279,8, 481,7
269,2, 487,0
265,8, 478,3
251,5, 481,0
254,9, 461,6
177,6, 466,2
254,6, 475,5
281,4, 527,2
312,8, 531,6
337,4, 544,3
341,2, 558,8
379,6, 572,2
385,1, 570,7
337,0, 554,0
355,4, 549,9
339,9, 518,5
363,1, 524,5
379,1, 479,6
537,1, 406,5
519,6, 410,8
569,6, 475,6
517,7, 447,9
331,0, 422,7
410,9, 431,6
434,9, 500,8
369,2, 513,9
381,6, 522,0
354,7, 512,6
361,4, 502,2
318,9, 463,5
162,7, 413,3
22,7, 365,9
12,2, 353,6
10,9, 350,2
280,8, 365,1
213,2, 348,3
163,1, 332,9
158,7, 331,9
223,2, 340,6
221,3, 369,3
220,4, 394,1
273,8, 374,5
238,9, 358,8
291,4, 348,9
302,3, 359,2
359,0, 365,1
335,1, 421,4
387,1, 409,7
367,5, 432,1
420,4, 453,5
396,0, 508,8
472,1, 539,5
456,5, 543,9
378,0, 544,7
400,7, 547,9
551,7, 549,3
521,8, 550,0
506,4, 554,1
542,9, 554,9
492,0, 553,9
532,4, 558,9
494,2, 559,8
526,7, 565,5
549,7, 566,5
505,3, 572,3
519,1, 575,0
493,6, 569,0
440,1, 543,5
498,4, 543,6
535,4, 513,7
444,1, 505,2
456,2, 501,3
464,8, 497,5
410,8, 503,8
391,2, 575,2
388,1, 590,7
422,0, 590,8
431,1, 594,0
419,4, 592,6
382,1, 601,2
436,9, 616,4
353,2, 609,8
350,4, 610,5
363,4, 613,7
348,5, 615,2
400,2, 621,4
365,0, 617,0
402,6, 631,0
373,9, 631,8
427,5, 639,9
385,9, 627,8
422,8, 637,0
350,4, 607,0
391,6, 597,9
348,4, 579,2
397,6, 532,5
360,9, 528,9
410,5, 515,6
427,5, 516,7
415,2, 497,6
398,6, 491,5
326,0, 480,2
20,6, 385,0
141,3, 421,1
117,8, 417,2
79,7, 413,0
249,4, 455,5
211,8, 459,1
264,7, 459,1
248,5, 461,6
285,6, 469,9
216,3, 459,8
260,9, 469,4
222,2, 465,5
271,9, 475,7
219,4, 455,0
268,9, 471,2
306,5, 451,3
308,7, 440,4
358,0, 438,2
334,1, 429,9
310,6, 410,7
365,3, 379,3
267,4, 364,8
278,9, 359,7
292,1, 355,2
295,6, 350,4
326,5, 320,5
245,6, 266,1
153,4, 220,6
120,7, 202,9
335,2, 278,5
343,6, 241,1
327,9, 216,5
321,6, 200,0
303,2, 186,5
290,7, 167,3
229,1, 122,9
233,9, 123,6
192,0, 84,6
65,8, -41,6
59,2, -41,5
-53,7, 129,4
-196,4, -212,1
-170,7, -222,1
-94,5, -172,9
-5,2, -128,2
-68,6, -154,9
-36,8, -142,3
-4,8, -105,7
37,4, -90,4
77,8, -45,7
-39,2, -100,2
-1,1, -77,0
-18,1, -77,6
43,3, -97,4
23,8, -62,7
-21,6, 2,5
7,0, 0,0
220,9, 276,1
184,3, 341,9
261,5, 350,7
269,1, 357,1
205,7, 339,1
225,3, 323,6
64,5, 218,1
77,8, 234,5
86,3, 237,5
28,6, 205,3
23,3, 210,6
61,9, 219,4
-48,9, 207,7
-11,3, 210,6
5,1, 210,4
277,3, 342,2
236,2, 361,8
272,5, 447,4
335,5, 493,4
356,9, 551,2
353,0, 556,1
370,2, 610,4
505,8, 748,0
537,6, 792,6
535,1, 802,5
548,1, 805,7
492,3, 773,5
509,0, 778,0
464,3, 750,5
432,7, 735,6
426,8, 730,8
430,7, 732,0
436,1, 734,3
432,1, 734,3
429,8, 733,5
418,0, 731,4
424,8, 734,2
417,2, 733,1
376,6, 742,1
383,4, 743,4
237,4, 815,7
219,0, 824,7
193,8, 853,9
192,8, 868,2
137,6, 927,5
174,3, 995,6
166,5, 991,1
205,8, 1002,3
219,3, 1002,9
228,2, 1002,2
243,8, 1002,9
222,8, 994,7
279,8, 1047,9
277,1, 1041,1
292,5, 1048,5
286,5, 1038,2
284,0, 1029,1
269,4, 1014,6
270,8, 989,5
262,5, 963,9
255,4, 980,3
188,0, 676,0
180,9, 619,3
194,4, 640,2
196,6, 627,5
206,4, 624,2
222,4, 629,0
254,5, 638,5
281,4, 673,6
318,9, 687,2
346,1, 701,0
347,5, 725,2
354,6, 726,5
356,7, 736,1
359,7, 741,2
367,5, 735,4
370,4, 735,9
362,5, 770,1
365,6, 767,6
336,2, 802,3
342,8, 804,8
338,6, 809,9
312,1, 843,4
323,2, 832,7
297,9, 838,9
306,9, 819,2
292,8, 815,6
267,4, 806,6
265,2, 770,2
228,6, 784,2
237,1, 773,0
221,7, 767,4
229,2, 754,0
211,4, 761,4
213,2, 743,5
194,9, 747,7
196,1, 718,7
189,0, 729,9
194,1, 717,3
195,2, 710,5
173,7, 707,0
186,3, 684,8
177,7, 704,8
187,9, 682,2
185,0, 685,6
173,8, 702,2
190,9, 693,4
189,4, 707,1
194,7, 694,2
188,8, 689,5
200,8, 677,0
190,0, 683,1
187,5, 665,3
179,0, 676,7
181,8, 682,7
172,3, 690,1
177,3, 682,9
176,7, 678,6
186,0, 692,6
193,0, 684,9
182,0, 690,1
193,8, 678,7
191,0, 683,2
189,2, 697,3
199,0, 682,2
193,9, 686,3
203,5, 679,1
194,2, 679,6
205,1, 668,6
240,2, 686,1
310,1, 770,2
346,5, 815,8
360,2, 834,8
453,8, 944,2
453,8, 941,1
453,8, 940,8
455,2, 923,5
449,9, 922,1
448,7, 923,6
451,6, 923,7
449,3, 922,8
474,8, 925,3
521,7, 903,1
825,2, 770,4
1053,5, 660,0
1116,2, 631,2
1172,0, 602,6
1239,0, 562,8
1244,4, 497,3
1239,9, 493,0
1239,0, 494,0
1241,4, 471,5
1244,5, 454,6
1246,4, 440,2
1251,6, 428,1
1257,5, 421,2
1261,5, 415,5
1263,1, 414,6
1263,2, 409,4
1262,6, 407,6
1259,2, 402,5
1257,5, 400,2
1256,4, 393,7
1255,0, 388,8
1258,6, 386,4
1258,7, 384,2
1148,1, 355,4
661,9, 219,5
616,7, 199,0
197,0, 147,0
-331,9, -31,4
-517,8, -90,0
-517,7, -84,0
-529,0, -96,2
-534,1, -101,7
-534,1, -101,7
-367,8, -192,3
-4,3, 48,1
80,6, 58,5
123,9, 126,4
363,4, 308,9
285,2, 255,9
305,2, 265,6
295,5, 255,4
294,0, 238,7
251,3, 216,6
212,7, 204,6
222,9, 206,3
172,2, 183,0
183,5, 168,1
189,5, 146,2
168,4, 131,7
510,7, 442,0
302,7, 512,9
485,4, 557,0
544,6, 557,8
478,1, 533,0
483,5, 534,3
519,6, 543,9
449,5, 511,0
457,3, 512,2
411,9, 484,6
459,3, 501,2
459,9, 501,8
392,0, 474,8
418,2, 485,7
459,0, 502,2
410,6, 478,4
423,2, 484,3
445,9, 495,1
566,1, 549,0
597,9, 564,6
481,0, 518,8
495,5, 541,6
566,8, 586,7
586,8, 594,0
689,9, 653,9
705,1, 663,3
753,3, 681,8
793,8, 690,8
780,6, 662,4
760,1, 639,7
774,2, 619,7
768,1, 617,7
757,4, 608,2
793,4, 613,6
783,0, 613,7
792,8, 612,6
784,0, 617,3
756,1, 598,8
745,7, 592,9
730,5, 581,8
712,0, 558,2
677,9, 533,1
650,2, 515,9
555,1, 459,2
462,8, 419,9
433,7, 395,9
278,9, 307,7
325,0, 329,7
243,9, 347,1
234,1, 346,1
229,5, 334,9
350,8, 443,0
390,1, 533,2
427,8, 525,5
433,0, 523,0
461,9, 611,4
480,8, 592,4
484,5, 609,3
478,5, 624,4
494,2, 612,1
494,5, 622,6
489,5, 643,1
502,8, 619,0
522,0, 595,8
504,7, 601,4
443,2, 678,6
442,1, 680,0
452,8, 686,8
460,9, 701,4
460,9, 735,7
469,3, 717,9
464,6, 731,6
455,0, 738,1
448,0, 740,5
444,5, 738,5
444,1, 738,6
436,7, 720,9
431,2, 711,3
431,4, 704,2
424,8, 727,3
414,9, 749,0
367,7, 767,7
372,8, 830,2
360,2, 838,9
354,4, 844,8
354,0, 855,5
359,2, 849,9
361,1, 850,8
374,5, 844,4
385,5, 827,0
369,7, 828,9
370,6, 829,8
374,4, 834,6
373,7, 835,1
376,6, 838,6
379,7, 844,6
381,5, 845,5
357,9, 855,4
354,1, 856,0
357,0, 847,6
362,9, 833,9
324,8, 844,1
272,5, 805,9
258,4, 787,3
261,0, 785,7
257,3, 789,4
229,7, 777,3
170,7, 781,1
169,1, 777,0
170,6, 768,3
174,3, 762,4
179,3, 758,2
174,4, 763,7
149,0, 732,5
151,9, 734,7
151,7, 734,1
151,6, 735,1
160,2, 746,6
160,5, 747,6
150,3, 737,5
145,2, 732,7
134,3, 722,8
119,3, 822,1
121,9, 827,2
130,1, 844,1
141,9, 859,7
140,7, 858,3
141,5, 855,9
138,7, 850,2
133,6, 848,1
135,0, 846,1
131,7, 844,3
145,6, 846,3
142,9, 844,9
167,2, 846,7
167,9, 845,9
169,3, 846,1
169,1, 846,0
168,8, 845,9
169,6, 839,8
168,6, 810,3
152,8, 784,7
156,3, 780,8
158,1, 764,3
165,6, 742,4
165,2, 752,0
119,7, 700,2
119,6, 675,8
119,8, 673,3
122,6, 671,3
129,9, 693,8
128,5, 698,2
134,7, 684,0
138,0, 675,7
127,0, 685,7
127,9, 687,6
127,5, 701,2
162,2, 722,6
161,8, 722,6
150,1, 720,9
153,0, 719,7
157,0, 714,1
161,4, 709,1
147,3, 717,6
149,3, 707,6
148,0, 713,5
150,0, 720,1
155,5, 721,9
173,5, 714,7
174,6, 715,1
191,2, 713,3
389,7, 630,0
989,1, 402,5
1084,6, 372,4
1123,5, 358,6
1144,5, 350,4
1213,1, 316,9
1238,5, 288,0
1255,6, 269,7
1258,6, 265,3
1269,2, 260,6
1276,3, 257,8
1276,4, 256,4
1283,5, 251,5
1296,5, 227,4
1300,2, 217,6
1306,5, 207,4
1317,8, 187,9
1320,3, 188,8
1332,3, 183,0
1337,6, 177,6
1341,6, 175,6
1349,2, 168,8
1359,2, 161,3
1369,7, 154,6
1383,1, 143,7
1396,4, 122,1
1403,8, 117,1
1404,0, 116,0
1405,1, 114,7
1407,5, 112,4
1415,8, 103,5
1418,1, 104,3
1417,0, 106,6
1427,4, 102,4
1438,7, 74,8
1439,3, 75,6
1456,1, 68,0
1450,9, 70,8
1452,7, 71,5
1455,2, 76,2
1453,3, 81,3
1455,5, 79,9
1457,5, 79,1
1456,6, 81,5
1402,9, 83,8
1186,9, 112,3
701,3, 199,4
652,9, 212,6
566,8, 254,8
441,3, 295,1
364,6, 387,0
280,0, 447,0
263,3, 461,7
246,8, 468,3
245,3, 532,4
245,0, 533,0
244,8, 528,3
257,2, 533,8
272,9, 541,3
283,6, 563,2
301,6, 581,7
292,9, 541,4
300,6, 557,2
324,7, 573,2
322,7, 566,7
352,9, 603,0
343,7, 592,1
360,8, 613,2
364,4, 624,1
361,4, 620,8
340,5, 659,5
348,2, 644,5
174,2, 659,2
189,2, 663,5
160,6, 701,0
159,3, 702,8
151,1, 698,3
140,4, 681,5
145,3, 705,6
147,5, 708,7
156,0, 718,6
166,8, 708,6
217,6, 742,5
241,4, 765,8
242,8, 763,0
248,5, 791,6
273,3, 786,5
268,2, 799,5
247,6, 801,7
267,2, 795,5
340,6, 752,2
371,5, 738,2
393,3, 728,2
484,4, 624,1
468,8, 625,0
454,4, 632,7
522,1, 519,3
519,8, 514,8
519,1, 513,1
518,3, 508,9
461,6, 460,3
374,6, 432,1
396,7, 437,1
398,9, 433,5
386,6, 431,1
374,2, 425,4
298,3, 440,4
263,7, 466,6
244,0, 494,9
195,6, 483,1
159,8, 463,6
163,9, 468,5
165,6, 473,6
190,5, 487,6
236,8, 521,0
246,7, 537,1
319,5, 586,8
327,0, 584,7
353,9, 651,5
381,0, 664,0
347,0, 673,1
355,9, 675,0
360,1, 675,2
389,2, 682,3
359,1, 676,8
390,5, 674,0
369,4, 665,4
280,1, 613,1
277,0, 608,8
267,3, 655,1
285,9, 736,4
278,7, 747,5
214,9, 760,1
225,8, 776,0
205,3, 778,7
238,3, 784,9
285,7, 796,5
271,5, 800,2
287,1, 804,3
282,6, 808,6
306,7, 806,8
144,0, 633,1
351,8, 718,4
332,9, 661,3
444,4, 672,1
657,6, 643,3
733,3, 638,5
804,5, 629,7
861,0, 623,4
992,2, 597,9
1015,7, 592,9
1044,3, 584,2
1047,8, 580,3
1066,4, 568,3
1086,6, 552,7
1088,7, 541,5
1085,2, 530,0
1080,5, 531,9
1079,5, 480,3
1067,9, 423,2
1068,4, 415,7
1070,0, 401,1
1071,5, 395,1
1079,0, 369,4
1074,9, 375,8
1068,6, 362,2
1027,6, 353,2
750,7, 338,8
709,7, 334,8
685,0, 331,1
565,1, 318,2
564,8, 318,7
539,9, 319,0
452,6, 287,6
441,6, 286,3
464,8, 319,2
446,0, 302,9
474,0, 335,6
480,7, 344,4
481,9, 342,0
492,4, 346,2
563,7, 410,9
584,2, 407,6
590,6, 415,3
609,4, 437,5
620,5, 453,3
623,4, 456,3
626,4, 458,5
628,5, 448,6
628,1, 451,7
621,2, 359,2
623,3, 357,8
658,4, 388,5
791,6, 395,8
903,0, 380,7
889,7, 378,4
1031,9, 368,4
1079,9, 359,8
1146,2, 372,0
1147,3, 374,5
1149,2, 381,5
1132,9, 367,4
1076,5, 347,2
971,6, 349,7
961,8, 351,4
814,0, 347,0
473,1, 433,1
433,1, 471,3
441,5, 481,5
464,9, 499,6
448,6, 523,0
466,1, 569,0
477,9, 577,8
479,4, 577,8
461,0, 586,0
463,2, 580,7
474,0, 570,6
456,5, 573,2
457,7, 574,6
459,0, 574,2
458,2, 574,8
459,5, 572,1
460,0, 551,3
455,3, 551,2
459,7, 522,9
435,7, 558,1
443,8, 553,6
451,7, 545,9
463,9, 575,3
461,1, 566,7
461,3, 568,5
469,8, 577,8
468,7, 565,6
467,4, 548,4
465,8, 541,2
467,6, 553,8
470,8, 572,8
471,5, 571,8
70,1, 290,2
102,8, 293,2
130,1, 298,3
128,5, 283,7
143,5, 285,6
157,7, 290,0
166,3, 300,7
168,2, 301,3
159,1, 260,1
145,2, 202,5
174,3, 245,7
168,6, 245,7
155,3, 239,6
147,8, 230,8
89,1, 180,5
65,1, 156,9
-120,9, -132,4
-96,3, -59,0
-109,8, -75,1
-101,4, -57,1
-75,2, -12,3
-67,9, 4,3
-94,3, -9,8
-85,7, -10,6
-78,9, -9,9
-77,9, -14,4
-101,6, -45,6
-99,1, -39,7
-94,1, -37,4
-315,3, -147,7
-232,6, -103,8
-234,9, -102,2
-110,2, -37,2
164,8, 131,3
189,2, 186,6
271,2, 264,1
236,5, 222,3
206,7, 230,4
359,2, 365,9
231,0, 326,3
243,1, 334,8
285,3, 354,3
326,1, 394,8
430,8, 434,6
758,3, 805,1
811,2, 787,3
845,5, 776,8
856,2, 774,3
855,3, 773,6
827,5, 755,7
823,2, 750,4
808,2, 725,4
816,4, 737,9
797,9, 720,8
781,9, 701,1
781,9, 702,9
761,8, 689,4
730,8, 658,9
721,8, 651,5
714,8, 648,8
698,6, 628,0
664,8, 589,1
650,4, 557,8
632,2, 549,0
621,5, 543,4
613,1, 516,4
611,2, 515,8
607,1, 517,3
595,7, 503,1
589,7, 511,4
584,8, 496,4
585,5, 500,9
584,0, 504,7
583,3, 507,1
580,7, 502,6
582,5, 513,2
582,5, 492,1
581,2, 506,7
580,1, 512,2
574,4, 518,0
576,3, 509,2
359,7, 758,1
331,6, 810,3
312,6, 840,5
274,3, 902,1
325,4, 844,0
297,9, 882,4
284,8, 898,8
202,5, 1033,8
219,4, 1044,3
222,2, 1063,5
227,9, 1062,7
248,2, 1078,9
254,4, 1082,5
254,2, 1080,4
254,2, 1083,8
262,6, 1102,2
269,1, 1093,9
243,7, 1094,1
256,9, 1089,9
265,3, 1106,5
272,7, 1102,1
264,1, 1101,1
278,8, 1092,0
263,1, 1095,8
235,7, 1090,2
210,9, 1083,1
174,9, 1058,2
171,5, 1065,4
166,7, 1083,3
165,5, 1080,4
146,1, 1073,5
146,2, 1064,3
134,8, 1056,4
132,6, 1052,7
131,5, 1031,6
114,4, 1050,1
120,3, 1039,7
123,3, 1043,9
125,8, 1030,7
124,3, 1031,5
120,9, 1024,5
112,9, 1032,2
117,3, 1022,5
101,5, 1035,3
104,8, 1033,0
159,6, 1052,3
161,9, 1050,3
165,6, 1051,7
105,0, 1044,1
89,3, 1005,4
87,8, 1006,5
98,6, 1033,7
116,5, 1020,9
107,4, 1046,2
112,4, 1034,9
107,4, 1031,0
107,1, 1021,5
99,1, 1037,3
96,8, 1017,6
102,7, 1016,2
113,0, 1014,0
115,0, 1021,8
123,7, 1015,4
129,3, 1017,3
100,3, 1034,5
107,6, 1020,1
30,4, 869,0
53,8, 833,2
43,3, 822,3
39,6, 804,4
60,3, 781,3
67,2, 824,9
70,9, 800,6
76,6, 803,2
100,4, 795,1
104,6, 813,8
107,8, 806,1
109,0, 825,5
130,2, 815,2
133,7, 814,8
151,5, 786,3
148,9, 752,7
123,3, 770,7
131,9, 754,6
125,4, 766,0
130,6, 738,6
130,0, 738,6
123,7, 743,6
137,2, 711,1
126,4, 738,8
130,5, 719,8
126,8, 722,8
139,8, 705,7
143,7, 750,2
170,3, 686,4
158,8, 708,7
161,1, 688,8
151,6, 708,7
140,2, 731,4
158,6, 718,8
167,0, 753,9
169,1, 744,3
165,8, 739,8
161,3, 723,2
158,8, 732,9
163,9, 718,8
159,7, 727,5
169,8, 712,2
174,0, 728,1
191,9, 708,7
180,0, 729,7
192,1, 748,6
196,5, 736,9
192,3, 744,0
195,5, 720,8
179,3, 727,0
162,7, 743,9
176,0, 727,0
175,5, 747,7
180,5, 728,9
174,7, 723,6
177,8, 708,0
165,5, 719,5
176,7, 703,2
176,4, 706,4
186,2, 684,0
181,7, 692,9
203,5, 688,1
177,5, 708,0
158,0, 738,6
168,8, 727,3
166,9, 726,6
197,2, 695,2
237,2, 690,8
242,4, 670,9
271,3, 637,7
312,5, 568,8
395,9, 397,2
400,0, 370,8
420,4, 229,5
464,9, 217,4
562,0, 233,6
651,6, 242,4
665,3, 240,7
720,7, 251,3
773,6, 258,6
838,9, 269,3
840,0, 269,6
856,7, 271,0
857,3, 272,8
867,7, 283,7
870,0, 285,6
885,7, 280,8
878,9, 295,3
880,1, 287,5
881,5, 292,7
861,3, 289,4
858,9, 284,0
533,8, 258,3
445,8, 234,9
285,7, 165,4
133,4, 81,4
133,4, 81,4
133,4, 81,4
132,6, 81,1
131,7, 92,6
162,3, 85,7
162,3, 85,7
166,3, 92,4
166,8, 93,2
1797,9, 1270,9
1750,7, 1291,6
1714,5, 1305,1
1720,6, 1293,8
1736,0, 1301,0
1775,1, 1290,4
1683,1, 1403,2
1724,5, 1358,2
1714,8, 1367,7
1706,3, 1363,4
1706,9, 1375,3
1708,4, 1381,7
1708,6, 1382,1
1735,2, 1414,9
1736,9, 1420,2
1731,2, 1431,3
1729,4, 1433,9
1728,7, 1430,9
1730,6, 1432,9
1735,4, 1437,8
1740,8, 1435,3
1749,1, 1435,8
1751,0, 1439,4
1752,2, 1448,0
1753,3, 1461,3
1749,0, 1448,7
1726,6, 1440,5
1681,0, 1399,8
1685,1, 1401,4
1643,5, 1372,5
793,5, 782,0
616,7, 686,7
413,8, 580,9
390,0, 563,1
385,7, 560,7
323,2, 524,9
211,7, 431,8
263,8, 477,0
347,2, 536,7
366,2, 567,1
354,9, 568,0
410,2, 577,5
414,7, 582,3
391,4, 585,8
409,1, 581,9
417,2, 580,9
420,4, 574,3
401,9, 580,8
380,2, 584,3
375,9, 583,3
356,8, 619,1
358,4, 614,3
348,0, 601,2
326,1, 591,7
339,9, 588,2
344,9, 598,2
362,8, 597,7
352,9, 593,7
397,2, 632,0
395,3, 623,3
387,6, 620,9
391,3, 634,9
394,4, 631,3
465,7, 704,9
442,8, 689,7
431,6, 676,2
433,2, 666,1
432,0, 649,8
430,8, 649,1
399,2, 627,9
398,7, 621,1
387,3, 646,9
435,0, 661,2
438,9, 660,5
441,0, 675,8
430,6, 683,8
412,7, 668,1
255,5, 679,5
165,0, 712,1
129,3, 717,0
122,1, 711,3
72,4, 718,0
82,7, 729,2
102,2, 739,0
181,5, 818,4
145,1, 776,8
155,4, 788,0
203,9, 838,5
219,8, 838,7
233,4, 860,3
235,8, 844,6
262,5, 872,5
263,9, 872,8
262,3, 865,7
263,8, 851,0
271,6, 859,9
266,4, 844,1
269,0, 862,0
266,1, 840,7
254,8, 826,4
241,4, 795,8
249,8, 824,8
252,3, 833,2
258,0, 854,4
253,7, 841,8
252,8, 838,8
247,1, 822,5
235,6, 788,1
243,0, 793,2
238,3, 761,4
243,8, 758,9
234,7, 727,3
242,0, 779,1
232,6, 762,6
238,4, 787,4
230,3, 761,3
237,5, 773,8
232,6, 750,0
229,2, 722,2
216,5, 743,8
212,2, 720,2
201,0, 739,1
187,5, 708,6
192,7, 724,0
205,1, 752,2
209,2, 733,8
229,4, 745,6
222,3, 730,0
221,4, 761,5
219,0, 755,6
217,0, 751,0
217,4, 751,3
213,6, 760,9
214,7, 754,8
212,1, 756,4
211,2, 746,7
213,5, 724,1
222,2, 739,5
218,3, 720,3
223,2, 735,4
219,8, 709,0
217,6, 724,3
327,5, 706,3
412,4, 684,9
460,5, 666,3
875,4, 479,6
1001,6, 420,3
1058,6, 396,9
1116,0, 356,1
1131,5, 338,5
1210,0, 290,3
1248,4, 164,3
1236,7, 112,0
1235,5, 105,7
1235,9, 104,5
1228,3, 68,3
1217,0, 22,5
1212,2, 1,9
1210,6, -4,6
1209,7, -15,0
1205,1, -24,5
1205,8, -23,9
1246,4, -14,1
1261,3, -9,3
1332,0, 10,2
1386,7, 22,1
1803,1, 60,5
1866,7, 63,9
1890,3, 65,9
2037,2, 74,4
2099,4, 72,9
2104,7, 71,9
2112,1, 59,9
2112,2, 61,4
2112,5, 61,9
2114,4, 54,4
2090,9, 68,5
2090,3, 69,9
2084,2, 72,2
2105,1, 64,2
2102,0, 65,2
2080,4, 69,0
2083,4, 60,6
2098,8, 56,6
2090,9, 67,4
2086,8, 69,6
2088,5, 69,3
2092,9, 93,6
2080,7, 97,1
2010,2, 85,4
1939,9, 79,8
1831,4, 96,9
1743,2, 109,6
1743,3, 103,9
1743,4, 95,3
1754,2, 73,4
1751,1, 65,6
1736,2, 69,6
1740,2, 69,4
1750,3, 75,5
1730,1, 74,9
1591,3, 62,8
1551,9, 69,3
1574,0, 61,5
1231,1, 82,8
661,1, 184,0
786,4, 156,6
707,3, 160,6
490,9, 163,6
432,7, 159,1
453,7, 161,6
466,2, 171,1
469,3, 204,0
443,8, 189,1
392,1, 192,5
373,6, 178,0
363,9, 164,3
360,8, 166,0
440,9, 248,7
445,2, 264,7
459,3, 280,6
494,5, 303,2
510,5, 325,5
538,4, 363,1
558,3, 408,2
325,3, 392,1
266,0, 475,8
171,6, 527,3
137,4, 574,9
95,6, 620,2
95,7, 627,9
146,1, 685,8
230,7, 762,8
171,5, 756,4
217,2, 778,1
338,9, 870,2
347,9, 850,7
341,5, 827,7
349,7, 821,7
358,0, 838,6
357,6, 837,5
363,0, 840,0
366,3, 851,9
366,9, 852,7
363,0, 854,8
362,6, 854,9
361,1, 855,9
365,9, 869,2
371,6, 875,1
379,9, 866,3
383,1, 852,6
379,4, 848,9
351,3, 825,0
278,1, 822,1
229,7, 820,3
315,5, 798,3
326,1, 641,3
345,4, 624,2
327,0, 590,9
326,5, 591,4
355,1, 584,1
325,8, 585,5
371,6, 575,1
353,1, 587,9
338,0, 605,8
320,4, 744,7
282,9, 800,6
296,4, 863,5
297,0, 871,6
233,5, 879,6
241,1, 879,4
248,4, 883,6
257,7, 881,7
301,4, 870,4
300,5, 865,8
300,1, 862,4
275,8, 854,2
300,1, 853,2
259,5, 848,9
227,3, 806,5
244,7, 801,9
224,3, 761,0
251,6, 760,1
226,6, 728,1
191,4, 704,5
228,3, 704,5
182,3, 666,8
214,1, 669,4
212,1, 651,4
241,2, 646,6
187,9, 631,5
217,0, 639,7
160,2, 616,0
195,2, 625,2
163,9, 612,9
152,9, 605,6
204,9, 622,6
199,5, 604,8
171,0, 569,6
163,9, 555,8
171,2, 546,0
175,4, 542,1
177,8, 527,8
179,0, 528,3
181,6, 537,7
182,3, 535,7
182,8, 537,1
182,8, 536,5
46,4, 511,7
83,3, 516,1
115,1, 522,1
157,7, 550,0
101,0, 549,4
115,8, 552,8
105,1, 554,8
94,1, 572,1
131,1, 581,4
114,9, 583,5
182,2, 597,0
163,7, 595,0
122,3, 587,8
172,6, 603,3
114,9, 576,5
147,8, 587,0
163,1, 581,4
209,2, 574,3
100,9, 555,9
224,9, 559,4
218,0, 552,4
212,4, 547,4
215,9, 546,8
216,5, 546,2
216,4, 543,4
32,4, 437,9
125,9, 473,9
89,0, 454,9
158,2, 482,2
1184,1, 433,3
1275,0, 403,7
1443,9, 404,0
2653,8, 490,2
2714,0, 415,6
2726,0, 421,2
2732,0, 424,4
2727,8, 429,2
2727,7, 429,6
2725,0, 426,6
2734,4, 413,9
2751,4, 384,5
2755,8, 386,5
2770,9, 377,5
2780,3, 375,6
2807,4, 374,8
2825,9, 359,0
2915,4, 304,4
2905,6, 311,6
2847,7, 348,3
2879,7, 326,6
2872,5, 330,5
2893,7, 320,5
2905,0, 311,8
2853,2, 302,8
2858,9, 308,4
2870,8, 321,2
2872,4, 311,3
2900,4, 310,5
2901,0, 312,7
2832,8, 303,0
2917,6, 295,5
2914,3, 302,8
2883,5, 316,6
2883,4, 312,3
2295,9, 352,4
2065,8, 370,3
356,6, 320,1
383,8, 434,0
394,5, 437,9
399,4, 442,1
346,4, 450,1
346,0, 455,8
353,1, 459,1
349,9, 426,2
340,5, 408,3
301,9, 366,5
312,3, 368,4
285,6, 350,9
317,3, 410,3
298,6, 417,1
342,1, 475,6
350,8, 473,9
361,8, 476,7
322,7, 472,7
327,6, 475,0
374,9, 465,4
310,2, 463,7
377,2, 519,4
377,2, 519,4
235,0, 409,4
372,5, 494,0
273,4, 422,6
275,7, 384,8
256,4, 262,7
265,2, 259,9
264,1, 238,8
264,7, 235,7
263,6, 222,6
271,3, 186,5
270,7, 146,2
251,8, 156,0
257,2, 145,7
251,2, 158,5
251,0, 159,0
234,6, 170,1
238,7, 172,0
230,1, 193,0
228,9, 194,7
232,0, 189,8
232,6, 189,1
372,4, 708,9
302,5, 653,6
314,3, 649,9
319,6, 656,2
381,6, 665,3
324,3, 653,0
383,3, 668,0
391,4, 667,7
342,7, 664,8
352,7, 708,7
335,4, 755,7
259,0, 734,5
219,7, 765,6
245,8, 827,5
206,5, 788,9
217,1, 798,4
234,0, 812,4
335,8, 910,1
358,1, 904,3
369,1, 906,5
355,0, 918,9
354,4, 902,7
354,3, 902,1
348,0, 904,6
344,8, 906,1
345,5, 907,6
291,2, 825,1
284,4, 825,0
325,6, 712,8
338,8, 666,1
325,5, 644,6
340,1, 651,3
338,1, 637,3
325,1, 643,8
325,9, 637,3
318,6, 665,1
418,1, 667,0
414,0, 645,5
349,3, 640,3
367,1, 633,1
377,4, 636,8
345,1, 634,6
324,4, 782,9
331,2, 724,7
335,5, 786,1
429,3, 939,3
460,1, 961,5
434,1, 965,3
393,5, 952,8
390,9, 948,1
389,0, 951,0
377,2, 945,8
385,4, 947,1
367,2, 940,5
434,7, 943,1
426,0, 940,3
395,4, 936,3
439,3, 938,2
444,5, 947,5
439,4, 1041,5
409,1, 1074,2
404,9, 1097,1
403,7, 1124,0
406,2, 1174,7
409,1, 1253,3
416,2, 1306,7
416,0, 1346,5
422,6, 1350,0
474,3, 1350,3
428,2, 1359,4
433,7, 1359,0
433,7, 1359,1
427,3, 1359,5
383,9, 1357,7
290,9, 1314,6
284,9, 1312,0
218,7, 1186,3
187,1, 1126,7
199,3, 1128,3
233,7, 1142,0
220,0, 1135,0
201,6, 1126,0
183,4, 1118,4
135,0, 1098,8
103,3, 1085,1
81,1, 1072,1
83,7, 1074,2
90,9, 1070,2
131,9, 1045,1
156,1, 1023,8
150,3, 1012,1
163,3, 1000,6
162,3, 990,0
160,2, 976,4
160,2, 971,6
163,7, 947,8
164,8, 931,9
155,9, 901,0
145,1, 884,4
130,9, 867,1
116,2, 853,6
119,9, 861,6
110,2, 867,0
118,2, 865,7
118,6, 865,2
101,7, 851,5
98,5, 846,1
112,5, 837,1
109,7, 834,6
118,8, 823,3
114,7, 824,7
79,4, 876,9
72,3, 892,9
62,4, 912,2
73,7, 912,9
98,8, 926,3
103,2, 927,8
100,1, 928,2
98,3, 928,3
102,9, 932,5
103,7, 933,3
102,7, 933,0
103,5, 933,8
115,4, 926,5
115,7, 923,4
108,3, 926,6
104,4, 927,1
103,0, 925,6
102,1, 927,1
113,7, 926,6
142,0, 922,6
147,6, 938,5
133,1, 938,3
122,8, 934,2
143,1, 936,6
149,0, 937,1
160,6, 954,0
150,4, 1306,4
153,9, 1312,9
142,8, 1319,4
133,5, 1325,1
137,1, 1327,9
157,1, 1332,5
156,2, 1329,3
195,1, 1321,5
208,6, 1344,0
214,1, 1354,4
209,3, 1352,8
208,8, 1351,0
205,9, 1342,5
210,4, 1339,5
210,9, 1348,4
216,1, 1336,9
215,6, 1327,7
199,8, 1340,6
208,8, 1300,5
209,7, 1318,8
203,2, 1328,0
194,5, 1312,3
189,3, 1316,0
157,8, 1334,2
139,5, 1347,5
136,6, 1355,6
145,1, 1354,7
136,7, 1357,1
149,6, 1354,3
168,4, 1345,8
170,2, 1346,8
179,7, 1343,6
183,2, 1337,3
179,9, 1337,8
194,9, 1344,6
193,4, 1344,3
190,7, 1344,5
186,8, 1338,6
171,7, 1322,5
173,5, 1324,1
163,5, 1172,9
81,6, 506,4
99,4, 779,2
95,1, 715,4
112,3, 689,3
131,6, 636,5
193,7, 654,5
181,9, 634,8
171,8, 559,2
198,4, 598,4
213,2, 593,8
285,9, 643,0
361,0, 731,1
368,9, 707,9
403,2, 822,6
432,2, 748,2
464,4, 722,0
461,9, 739,7
465,2, 727,9
472,5, 735,6
489,4, 793,3
483,4, 822,6
481,8, 838,4
481,1, 830,4
486,3, 857,2
483,4, 841,0
397,1, 569,5
340,5, 534,8
351,5, 540,9
348,4, 520,1
351,1, 415,6
335,6, 432,5
335,1, 416,7
314,4, 425,4
276,6, 383,3
272,4, 355,1
258,2, 382,8
268,6, 368,1
268,2, 370,8
276,9, 363,5
231,0, 361,1
255,3, 358,7
242,3, 360,0
261,8, 363,7
294,9, 391,2
320,6, 424,7
268,4, 361,7
259,7, 348,7
336,7, 436,1
-47,9, 572,5
45,6, 517,1
554,7, 614,0
978,7, 785,9
1191,6, 828,4
1255,9, 795,2
1284,0, 742,5
1179,6, 594,0
1173,4, 494,1
1155,6, 496,9
1120,8, 403,3
1099,8, 352,8
1056,4, 178,9
1052,8, 175,2
1056,6, 199,3
1062,7, 194,0
1053,7, 188,6
1060,5, 135,6
1053,5, 153,5
1064,1, 139,7
1078,3, 120,0
1072,3, 140,1
1072,5, 135,6
1077,4, 126,0
1076,2, 125,4
1072,8, 129,0
924,2, 328,6
949,1, 282,9
915,2, 333,4
858,4, 427,9
837,7, 462,0
750,2, 601,1
747,3, 595,3
747,2, 594,9
745,1, 590,9
734,0, 574,8
742,5, 571,8
753,8, 572,7
743,5, 577,2
758,2, 568,9
755,5, 573,5
754,5, 575,5
763,5, 572,7
752,0, 568,2
766,2, 567,9
759,8, 569,3
754,0, 570,6
756,5, 555,5
754,4, 553,4
748,6, 554,3
753,0, 551,0
752,5, 563,3
748,7, 559,0
737,6, 559,0
735,2, 558,0
738,5, 571,8
738,6, 569,7
759,0, 566,7
750,3, 568,0
732,5, 553,6
718,5, 548,5
723,0, 553,1
716,7, 547,1
720,5, 550,0
713,3, 539,8
706,3, 529,7
711,1, 535,3
723,6, 539,5
746,9, 542,0
742,1, 543,3
718,3, 542,0
712,3, 539,4
662,0, 527,5
589,4, 511,2
553,2, 503,5
518,5, 496,2
406,4, 465,1
308,5, 438,3
315,8, 450,9
314,0, 447,2
322,4, 450,2
356,7, 459,6
414,6, 482,4
401,0, 465,4
403,4, 460,4
405,4, 456,7
407,2, 491,5
408,7, 492,0
412,0, 496,1
431,7, 499,8
432,9, 500,8
430,8, 498,2
423,8, 475,5
421,9, 426,0
330,6, 370,6
326,1, 361,5
321,3, 349,9
309,5, 340,7
297,3, 278,6
293,7, 278,8
348,3, 323,0
355,5, 336,2
343,2, 316,3
350,5, 366,1
378,1, 355,7
380,6, 356,3
340,3, 381,5
351,4, 375,4
318,4, 369,4
315,3, 368,0
276,1, 351,3
156,7, 244,1
151,4, 234,2
136,6, 216,3
118,3, 195,2
117,3, 194,3
131,6, 209,8
103,6, 162,9
141,2, 282,4
340,4, 468,3
271,0, 310,5
315,2, 311,2
347,2, 311,8
348,1, 310,2
342,6, 301,9
337,6, 296,5
333,2, 289,0
330,3, 286,0
285,8, 276,5
275,6, 272,2
268,3, 267,3
262,7, 265,0
240,4, 235,0
188,5, 171,8
157,7, 160,4
148,5, 157,1
142,4, 151,8
120,5, 135,3
111,8, 109,7
110,0, 106,9
44,3, 48,7
27,9, 34,8
23,5, 53,3
22,0, 53,8
30,0, 69,0
215,3, 865,3
141,2, 927,5
256,7, 975,9
166,3, 959,4
188,1, 963,8
132,3, 957,6
84,6, 949,2
82,1, 954,2
80,4, 952,1
153,8, 973,2
172,0, 989,3
171,1, 1005,1
157,1, 988,6
150,6, 1111,2
148,3, 1124,4
109,4, 1129,8
109,6, 1124,4
87,1, 1120,9
62,7, 1116,8
49,0, 1116,9
31,3, 1117,7
22,1, 1120,8
21,2, 1117,6
93,0, 1192,1
144,9, 1187,8
200,0, 1181,9
219,7, 1203,8
203,2, 1214,6
235,0, 1251,6
360,4, 1223,5
407,1, 1210,8
499,3, 1226,7
516,9, 1228,0
518,3, 1222,8
531,8, 1225,5
595,6, 1227,0
607,9, 1232,0
600,9, 1225,9
601,3, 1218,9
598,4, 1217,3
588,8, 1214,4
584,5, 1218,8
575,2, 1215,8
567,7, 1218,9
540,3, 1212,4
530,0, 1205,0
524,0, 1201,4
517,6, 1196,4
508,6, 1210,8
484,9, 1170,3
327,7, 656,9
418,3, -7,2
457,7, 102,3
478,9, 149,6
512,1, 256,4
505,2, 250,4
472,2, 218,9
473,0, 169,7
465,0, 120,8
452,1, 87,5
497,7, 153,9
522,8, 171,9
544,9, 264,5
623,9, 362,9
600,0, 372,3
601,1, 376,3
528,4, 375,7
449,4, 379,2
430,1, 382,3
441,9, 392,0
432,6, 455,4
302,3, 353,7
299,6, 358,3
199,2, 329,5
231,6, 307,6
271,3, 318,2
310,0, 502,3
395,9, 790,2
421,5, 906,9
403,9, 923,7
364,6, 914,5
398,4, 899,2
387,1, 918,2
424,1, 892,6
349,5, 398,2
352,0, 259,6
332,0, 256,5
375,9, 260,0
360,1, 258,3
327,5, 820,3
327,6, 707,2
322,4, 749,3
342,6, 712,7
333,6, 735,2
319,5, 750,7
324,3, 713,9
302,9, 736,1
309,3, 712,2
341,9, 688,1
498,2, 673,7
531,6, 672,0
679,0, 624,4
867,3, 551,8
956,0, 523,2
977,0, 519,8
1011,5, 504,8
1066,4, 467,4
1085,6, 430,0
1103,5, 408,0
1151,2, 391,6
1200,8, 350,2
1246,2, 323,3
1342,1, 262,1
1403,6, 211,9
1462,4, 164,0
1476,2, 151,2
1478,9, 142,4
1491,3, 140,9
1501,7, 141,8
1519,5, 143,2
1624,4, 126,7
1660,6, 126,3
1834,8, 97,6
1873,0, 95,9
1910,7, 88,0
1946,2, 82,3
1938,1, 83,2
1938,0, 79,5
1931,4, 69,9
1936,7, 66,6
1938,9, 57,2
1944,7, 57,1
1970,0, 54,4
2003,2, 50,6
2007,0, 49,9
2000,2, 50,6
2009,4, 35,5
2014,0, 25,3
2045,0, 39,6
2041,7, 39,1
2023,0, 43,8
2043,4, 68,0
2027,7, 71,3
2001,5, 71,9
2006,1, 137,3
2028,9, 445,7
2058,2, 737,3
2061,7, 777,3
2095,8, 976,6
2158,1, 1359,6
2277,8, 1951,6
2345,6, 2304,0
2352,5, 2350,7
2356,2, 2342,2
2349,0, 2299,7
2367,7, 2435,6
2370,1, 2463,8
2391,4, 2514,8
2392,7, 2527,3
2394,4, 2535,3
2396,0, 2541,2
2385,2, 2520,0
2372,5, 2511,5
2370,4, 2509,3
2374,2, 2510,6
2368,6, 2505,7
2372,7, 2509,8
2338,2, 2497,9
2318,5, 2527,1
2313,1, 2507,3
2219,0, 2401,0
2101,5, 2197,6
1332,4, 1410,3
1142,9, 1131,5
790,9, 917,2
739,1, 992,7
574,9, 898,1
-2,6, 494,0
67,1, 485,7
75,1, 482,5
162,7, 469,5
197,7, 459,2
189,5, 458,7
159,6, 460,8
128,8, 458,2
136,8, 488,2
166,8, 488,5
170,1, 483,2
166,5, 491,7
255,1, 511,9
222,2, 510,4
221,7, 516,9
234,8, 516,8
247,7, 574,8
265,6, 569,1
292,1, 566,7
283,3, 594,9
310,3, 592,9
344,8, 591,4
375,2, 577,1
364,3, 589,6
364,4, 588,9
379,5, 572,6
358,3, 563,0
331,3, 545,7
316,7, 532,1
322,8, 536,5
303,0, 516,1
263,2, 477,8
265,1, 478,6
226,0, 511,8
237,4, 499,2
221,2, 511,3
218,2, 534,6
142,6, 681,4
131,0, 715,3
119,1, 790,5
121,7, 839,1
152,7, 874,2
165,7, 900,4
219,5, 903,9
209,7, 900,8
212,3, 905,3
226,3, 906,0
253,0, 902,5
240,7, 888,7
283,4, 880,7
282,0, 841,0
346,7, 797,9
320,0, 780,2
330,0, 765,4
275,3, 736,8
294,0, 733,8
254,1, 710,9
210,5, 611,1
234,4, 599,7
218,9, 591,7
228,6, 589,3
157,9, 537,7
-16,2, 459,9
-87,4, 428,9
-34,7, 425,8
114,4, 465,7
115,9, 464,4
152,7, 479,5
67,2, 452,8
133,5, 464,6
87,7, 455,7
149,6, 486,4
85,4, 470,5
148,5, 496,1
72,8, 472,7
200,4, 522,9
207,8, 533,3
201,4, 533,6
195,8, 529,8
197,9, 527,8
203,5, 525,0
206,0, 527,4
198,5, 529,8
200,3, 530,6
205,2, 535,0
211,0, 537,2
462,7, 534,9
543,9, 509,6
566,7, 491,7
588,2, 501,5
773,1, 514,1
860,2, 526,8
1359,8, 558,2
1355,3, 612,8
1356,3, 584,6
1359,4, 597,0
1369,1, 573,7
1401,6, 537,7
1399,5, 535,0
1412,1, 499,4
1416,8, 503,0
1412,6, 474,3
1404,3, 412,6
1395,1, 363,1
1382,7, 292,0
1383,8, 283,2
1399,6, 284,8
1404,0, 284,3
1404,7, 281,9
1408,7, 265,9
1409,9, 265,0
1415,3, 261,6
1425,8, 248,5
1417,1, 251,4
1414,5, 250,7
1432,5, 246,7
1435,5, 253,6
1487,0, 245,6
1579,9, 235,9
1886,0, 241,8
1954,9, 249,0
2048,2, 245,4
2372,5, 201,7
2410,6, 185,7
2407,0, 136,9
2413,2, 128,4
2414,9, 127,7
2413,3, 125,1
2398,7, 145,6
2372,7, 188,7
2375,8, 195,1
2394,0, 184,3
2402,8, 174,7
2412,7, 161,0
2402,8, 173,2
2402,5, 172,2
2400,8, 153,7
2395,9, 142,4
2395,1, 150,4
2399,6, 178,4
2398,8, 180,8
2393,4, 196,9
2392,8, 185,1
2392,1, 181,9
2377,2, 194,6
2358,7, 202,9
2190,8, 194,2
1900,1, 171,2
1239,1, 130,0
1307,2, 124,3
1328,3, 117,0
845,1, 82,4
786,1, 77,1
635,8, 56,9
636,4, 193,4
596,4, 236,5
737,4, 257,1
697,5, 334,3
672,1, 310,1
666,9, 300,9
663,1, 318,3
622,1, 260,1
584,7, 215,5
553,1, 176,6
558,1, 188,2
541,0, 182,6
536,4, 173,3
511,4, 76,1
509,3, 94,1
509,1, 94,6
518,0, 106,5
533,8, 135,5
537,6, 188,6
531,0, 191,9
560,6, 172,6
564,5, 172,1
568,5, 179,6
568,0, 180,8
561,4, 204,2
555,8, 192,5
540,5, 177,7
400,7, 122,1
287,7, 40,0
264,3, 26,6
254,3, 21,1
218,8, 22,0
168,4, 18,7
176,6, 55,4
186,4, 81,3
188,0, 86,2
187,6, 114,1
39,1, 54,1
177,2, 120,3
126,6, 115,0
149,3, 111,7
106,4, 118,5
121,3, 93,8
166,7, -3,4
159,5, -2,4
194,9, -18,5
120,1, 54,3
187,9, 55,4
147,0, 88,0
192,5, 95,3
182,2, 114,4
222,2, 132,5
186,8, 144,9
242,1, 148,9
220,8, 112,8
254,3, 124,5
272,5, 219,8
261,7, 217,6
343,6, 118,1
204,8, 62,2
227,5, 40,8
348,6, 69,2
323,0, 57,6
-36,3, -103,3
-22,9, -77,5
-269,8, -159,1
-360,0, -185,0
-358,9, -194,0
83,9, 73,6
1853,3, 475,1
1875,4, 450,6
1899,2, 453,3
1896,6, 453,5
1905,9, 454,3
1914,7, 431,8
1913,7, 426,1
1916,7, 417,4
1919,5, 385,0
1920,7, 351,7
1924,9, 356,2
1879,6, 328,8
1852,2, 311,5
1549,0, 324,4
1028,9, 301,7
774,5, 271,9
652,3, 241,7
609,1, 230,3
611,3, 234,3
460,7, 185,6
451,2, 194,5
473,4, 217,1
477,1, 218,1
525,9, 265,4
549,8, 287,8
557,5, 292,5
565,5, 295,7
578,2, 297,6
562,7, 289,0
607,5, 308,4
637,8, 349,5
641,0, 360,4
613,4, 338,5
618,7, 345,3
625,3, 338,2
603,8, 335,2
623,8, 335,8
622,6, 346,1
632,9, 348,2
632,4, 350,1
637,8, 338,0
645,7, 349,7
662,4, 392,0
676,8, 358,9
680,3, 385,0
673,2, 393,5
673,5, 397,5
670,6, 395,9
665,9, 386,0
668,2, 392,5
674,3, 380,8
677,6, 384,0
695,2, 385,9
155,0, 957,8
162,3, 956,2
177,9, 950,5
180,4, 961,2
190,3, 964,9
198,7, 960,9
203,6, 961,4
217,0, 963,9
229,6, 968,9
268,7, 976,6
265,6, 942,6
286,4, 708,4
299,1, 639,6
312,7, 621,3
324,9, 585,2
316,0, 484,0
320,7, 489,0
355,1, 491,0
357,3, 491,5
357,8, 489,1
400,6, 517,5
414,8, 528,7
421,5, 533,5
441,0, 551,3
444,0, 552,1
456,7, 553,2
460,4, 553,2
462,6, 544,7
470,6, 526,8
472,3, 526,2
473,5, 525,2
475,3, 526,7
485,7, 526,8
488,3, 522,6
490,6, 521,5
491,6, 517,2
484,2, 492,3
463,4, 470,2
461,5, 472,7
463,2, 474,6
456,2, 474,3
436,5, 453,6
430,1, 449,0
431,4, 443,6
431,6, 429,3
430,0, 432,5
410,6, 378,9
421,4, 359,8
418,2, 472,8
401,7, 495,4
385,6, 540,4
378,5, 537,5
374,9, 537,7
363,4, 512,4
348,3, 471,2
342,6, 467,8
348,5, 411,0
350,8, 415,2
350,8, 401,1
346,4, 380,9
341,9, 368,0
343,5, 365,9
1663,1, 487,1
1553,7, 484,7
1552,7, 479,7
1553,1, 437,1
1551,3, 408,6
1544,8, 386,1
2236,6, 88,5
2287,2, 87,2
2247,9, 103,4
2246,9, 132,1
2252,1, 132,5
2229,4, 157,2
2211,1, 163,4
2194,1, 160,5
2005,7, 155,8
1898,1, 186,7
1497,0, 168,5
666,4, 69,3
463,7, 22,4
367,2, -4,8
356,1, -18,9
331,3, -27,5
316,0, -26,9
322,0, -30,1
253,1, -62,1
282,1, -46,9
419,7, 127,1
454,2, 154,3
536,4, 235,2
498,8, 221,2
480,8, 220,3
473,8, 209,2
487,2, 191,3
434,0, 146,7
477,0, 153,1
487,8, 168,5
459,5, 157,7
450,9, 165,6
477,9, 203,0
481,4, 211,6
538,0, 279,5
444,4, 271,8
426,1, 271,8
485,6, 342,0
365,5, 296,6
281,4, 121,1
230,3, 152,0
233,0, 139,3
243,4, 111,8
233,5, 117,9
249,0, 74,0
211,8, 84,9
167,4, 91,6
160,4, 94,1
51,6, 117,3
98,8, 32,0
105,5, 21,0
104,6, 58,9
118,0, 65,6
217,5, 55,5
184,5, 59,6
183,9, 58,9
201,8, 56,9
137,5, 45,7
150,1, 41,1
166,2, 47,1
98,2, 43,7
97,8, 142,3
-16,6, 225,1
-42,5, 137,8
-163,6, 105,0
-332,8, 79,7
-222,2, 93,0
71,0, 215,1
144,5, 350,8
247,2, 335,2
273,3, 352,1
266,2, 383,7
278,9, 388,0
250,2, 492,4
353,8, 378,5
371,1, 392,6
292,1, 384,1
299,9, 369,6
319,1, 364,4
250,2, 342,8
236,7, 362,4
310,6, 389,6
377,7, 397,1
369,0, 417,6
379,9, 421,0
363,2, 427,3
404,7, 420,1
294,6, 913,3
431,7, 891,7
438,0, 886,5
382,9, 924,7
393,9, 921,2
406,5, 912,2
378,1, 913,8
400,9, 899,7
382,1, 898,5
373,4, 893,1
363,7, 893,9
373,7, 900,9
372,3, 914,1
388,5, 916,5
586,0, 1039,2
669,7, 1102,3
715,4, 1137,2
791,6, 1201,7
875,5, 1272,1
888,8, 1349,8
897,4, 1346,5
836,2, 1340,8
788,6, 1345,2
786,0, 1347,1
794,1, 1343,2
806,8, 1498,3
841,9, 1678,2
904,5, 2118,7
906,6, 2148,5
910,8, 2180,7
910,1, 2186,7
903,8, 2211,5
891,3, 2230,2
889,4, 2235,3
885,8, 2225,2
886,3, 2223,4
833,9, 2210,3
821,8, 2251,7
795,7, 2321,3
770,7, 2357,6
765,5, 2364,9
746,0, 2445,0
744,7, 2444,3
737,3, 2437,4
740,4, 2431,2
740,0, 2444,2
722,7, 2438,1
717,9, 2432,3
716,1, 2421,8
702,0, 2398,7
660,6, 2392,4
671,7, 2359,4
674,3, 2351,9
655,1, 2377,6
640,0, 2405,4
645,5, 2396,2
642,3, 2388,8
682,0, 2343,4
689,8, 2337,9
703,6, 2328,8
715,4, 2320,2
734,7, 2300,1
737,6, 2301,1
741,3, 2311,4
736,5, 2177,3
726,6, 1921,9
720,2, 1768,6
714,4, 1486,4
710,5, 1523,8
682,7, 1317,2
477,2, 999,1
447,4, 966,0
267,8, 772,1
193,4, 667,0
235,4, 628,8
243,9, 621,1
245,3, 631,7
245,6, 620,0
174,8, 613,9
157,3, 601,7
153,1, 604,8
257,2, 626,0
1764,9, 653,5
1905,9, 616,7
2031,8, 629,0
2162,6, 643,7
2266,5, 544,8
2499,0, 220,2
2517,0, 164,3
2524,0, 173,0
2526,9, 169,4
2534,3, 143,9
2536,4, 126,7
1692,1, 199,5
174,1, 384,5
194,6, 379,6
2344,2, 2579,8
2303,8, 2621,7
2303,8, 2622,9
2312,5, 2631,6
2380,7, 2710,3
2396,2, 2730,3
2408,8, 2763,2
2399,6, 2747,4
2224,7, 2592,9
2224,7, 2592,9
334,5, 811,9
58,6, 773,8
-192,2, 721,2
-197,8, 737,1
-162,0, 744,7
-18,3, 1185,9
-28,3, 1180,8
-27,2, 1183,8
-1,0, 1179,0
26,0, 1154,2
32,8, 1148,3
-23,0, 1046,2
-43,2, 1026,3
-45,3, 998,7
-70,6, 892,5
-69,1, 877,5
175,9, 390,6
167,4, 394,9
176,1, 388,2
-223,6, 321,1
-206,0, 319,1
-192,0, 325,6
-228,0, 319,0
-186,0, 332,4
-209,2, 322,7
-75,8, 675,2
-67,3, 697,5
-63,4, 687,5
-56,8, 686,0
-61,6, 685,9
-13,7, 680,6
-6,6, 676,9
203,7, 658,3
-74,8, 528,5
7,3, 563,1
106,5, 605,5
194,9, 637,6
128,6, 604,0
192,0, 568,1
192,0, 568,1
228,5, 588,3
281,4, 596,7
281,9, 596,5
266,1, 595,4
234,5, 596,8
974,8, 847,1
1058,2, 849,6
1100,0, 854,5
1126,2, 859,5
1135,5, 866,5
1115,2, 846,7
1104,8, 825,1
1206,2, 773,7
1165,2, 868,6
1169,3, 932,2
1177,9, 925,5
1200,5, 964,6
1207,4, 981,7
1184,4, 972,2
1174,4, 958,2
1161,4, 943,3
1162,0, 938,0
1156,8, 931,8
1132,1, 904,5
1130,8, 898,6
1132,0, 898,4
1096,7, 872,5
1092,7, 870,5
1187,0, 106,9
1208,4, 113,0
1208,9, 115,1
1213,4, 117,8
1214,5, 117,7
1217,6, 116,0
1220,1, 118,4
1218,4, 116,3
1206,2, 102,5
1200,7, 79,1
1200,0, 74,4
1200,4, 74,7
0,7, 1082,5
-33,7, 1044,9
-36,5, 1044,6
-8,9, 1056,8
134,3, 1119,0
164,5, 1135,1
156,0, 1134,4
769,6, 1417,0
888,8, 1404,8
888,3, 1394,8
863,8, 1381,9
827,3, 1386,0
165,3, 1489,4
138,4, 1482,7
148,9, 1480,7
259,3, 1262,7
279,1, 1221,3
277,0, 1206,5
265,0, 1199,5
260,0, 1180,3
261,1, 1184,5
269,4, 1142,5
259,9, 1160,4
139,3, 1062,0
154,1, 1074,1
149,6, 1052,7
146,5, 1023,7
121,8, 985,7
142,6, 989,6
121,9, 962,8
121,5, 952,8
97,1, 946,4
107,7, 952,8
100,2, 943,6
113,7, 935,1
134,6, 902,4
142,0, 895,9
135,0, 878,5
119,5, 881,3
124,5, 898,5
121,3, 882,2
126,6, 899,5
127,9, 905,3
133,3, 949,3
140,9, 1065,9
139,4, 1052,3
133,5, 1027,8
132,2, 1030,9
132,2, 1015,3
122,5, 1019,8
124,6, 1004,6
121,8, 1014,7
117,8, 1001,9
117,4, 1024,4
115,0, 1009,7
113,7, 1023,0
104,7, 1011,2
105,1, 1014,1
101,4, 998,6
101,7, 1013,5
93,5, 1015,1
104,7, 1049,7
98,4, 1036,0
102,9, 1052,4
107,8, 1071,8
97,7, 1058,8
99,8, 1067,2
99,6, 1053,2
101,6, 1049,8
94,7, 1034,3
100,4, 1052,2
95,7, 1038,2
97,0, 1050,5
94,5, 1035,6
127,9, 1028,9
365,1, 1008,7
600,3, 973,2
856,8, 932,5
1005,1, 885,1
1031,8, 861,1
1137,2, 802,6
1155,2, 780,1
1158,0, 778,1
1158,2, 753,8
1165,4, 701,8
1184,2, 693,7
1204,9, 677,3
1216,5, 683,4
1243,5, 690,7
1281,4, 686,8
1320,3, 703,5
1762,5, 480,5
1718,0, 499,1
1967,3, 373,3
2110,4, 299,8
2223,9, 235,2
2411,5, 67,1
2418,3, 52,9
2424,5, 50,4
2412,5, 108,3
2433,7, 88,2
2436,0, 105,6
2407,7, 147,4
2405,9, 156,4
2476,5, 142,5
2507,5, 140,9
2526,8, 150,0
2533,6, 149,3
2544,3, 154,1
742,0, 973,7
735,2, 945,2
735,2, 945,2
740,5, 949,7
748,5, 959,5
752,8, 964,2
12,1, 1286,9
20,7, 1277,5
20,7, 1277,5
23,7, 1278,6
40,1, 1295,6
44,9, 1291,9
267,7, 1330,4
273,5, 1331,3
291,2, 1335,6
304,3, 1339,4
417,5, 1353,5
413,1, 1369,5
413,5, 1365,8
414,3, 1364,7
180,6, 1493,4
197,3, 1502,5
204,9, 1513,0
2064,4, 655,2
2109,9, 612,5
2111,8, 608,0
2113,9, 615,4
2143,3, 570,4
2563,1, 223,8
2540,6, 238,3
2539,9, 219,4
2539,0, 219,1
2535,8, 219,0
2534,6, 223,0
2526,5, 240,7
2528,4, 242,1
320,6, 326,5
322,2, 336,6
322,7, 341,7
330,1, 350,2
349,8, 378,3
329,1, 389,5
311,3, 385,1
302,9, 387,3
300,3, 400,7
300,0, 401,3
298,4, 393,1
1411,2, 334,9
1448,8, 315,6
1479,7, 319,1
1478,3, 319,2
1494,9, 314,4
1497,4, 313,4
1551,8, 301,1
232,9, 727,0
1806,1, 288,2
1824,6, 220,7
1832,1, 219,4
1836,0, 216,8
1846,8, 185,5
1849,7, 165,1
2448,9, 306,4
2458,3, 258,4
2462,0, 260,1
2463,1, 258,1
2451,2, 270,1
2529,7, 108,4
2518,4, 153,6
2519,7, 156,3
2517,7, 183,5
2499,2, 199,2
1362,1, 947,9
1216,6, 933,9
1061,3, 934,0
690,4, 918,2
-116,3, 918,5
691,8, 2595,4
690,9, 2612,3
679,9, 2618,3
684,4, 2612,3
681,3, 2607,5
684,0, 2604,5
64,7, 670,0
71,1, 685,4
90,9, 686,0
219,4, 758,4
70,7, 681,1
67,8, 669,4
85,4, 685,5
317,0, 800,3
418,5, 852,7
471,8, 883,1
471,0, 882,2
463,6, 891,5
462,6, 889,9
445,5, 883,1
453,1, 883,6
461,8, 885,8
473,8, 894,7
447,5, 856,1
467,7, 886,1
473,4, 885,5
475,1, 888,0
474,8, 887,2
475,1, 881,9
465,9, 889,9
1321,6, 1045,6
1387,8, 1061,2
1387,5, 1076,5
1382,4, 1080,4
1378,0, 1067,4
1385,3, 1067,2
1390,4, 1069,0
1418,2, 1078,6
1281,5, 1080,1
894,3, 1088,4
852,6, 1077,9
804,1, 1078,1
780,7, 1071,8
715,4, 1063,7
620,6, 1049,1
622,2, 1022,8
635,9, 1034,4
641,1, 1041,5
628,2, 1034,1
2129,5, 2631,1
2129,5, 2631,1
2147,0, 2635,5
2148,1, 2635,8
1987,8, 2382,2
1971,7, 2456,5
1799,9, 2248,7
1615,3, 2044,3
573,6, 1054,9
417,7, 907,9
376,2, 897,8
299,0, 882,2
159,0, 841,1
382,7, 934,3
388,4, 939,3
413,0, 954,2
425,9, 980,4
381,5, 982,9
349,2, 983,7
274,9, 1000,7
285,4, 1007,9
297,2, 1012,1
296,6, 1011,6
355,4, 1024,9
363,4, 1026,5
394,7, 1042,4
396,2, 1044,1
391,2, 1043,1
383,4, 1038,2
386,2, 1034,7
373,6, 1033,9
231,2, 1215,7
252,0, 1205,5
239,3, 1205,4
245,9, 1240,5
259,9, 1245,4
247,5, 1255,4
250,8, 1162,6
263,6, 1164,8
260,7, 1177,0
266,0, 1174,9
354,1, 1158,5
283,8, 1169,7
281,6, 1162,8
258,6, 1158,1
267,0, 1166,2
286,6, 1162,0
289,2, 1159,5
258,2, 1134,0
224,8, 1167,0
219,7, 1159,3
211,1, 1159,8
207,9, 1152,4
174,7, 1146,3
181,5, 1144,5
161,9, 1132,1
149,5, 1128,2
121,7, 1116,8
136,6, 1114,7
149,6, 1123,1
157,1, 1125,6
155,2, 1120,1
136,4, 1100,2
134,8, 1097,5
145,9, 1107,7
201,9, 1095,1
192,2, 1095,8
189,2, 1093,7
184,6, 1091,0
192,4, 1113,8
189,6, 1107,0
189,5, 1109,8
187,4, 1113,1
184,0, 1102,8
183,3, 1103,2
182,6, 1095,4
185,5, 1098,4
196,5, 1111,6
188,7, 1111,7
196,8, 1112,6
198,4, 1110,1
198,0, 1109,4
201,1, 1087,2
196,9, 1096,0
198,0, 1095,5
227,6, 1108,8
253,7, 1128,0
278,3, 1135,4
284,4, 1138,3
316,3, 1135,9
321,7, 1135,1
280,5, 1135,4
250,2, 1098,0
159,4, 1060,9
200,6, 1082,4
209,5, 1084,3
231,5, 1096,0
265,5, 1118,2
306,0, 1119,3
308,8, 1120,5
312,1, 1130,0
305,7, 1128,7
305,5, 1125,0
307,2, 1128,9
248,4, 1121,6
263,0, 1102,6
257,3, 983,2
237,8, 816,2
225,4, 477,7
265,8, 540,4
286,0, 576,0
358,3, 591,1
440,5, 606,9
604,8, 725,0
532,2, 668,3
521,3, 678,8
572,5, 746,0
554,2, 734,3
518,1, 702,4
528,5, 718,0
510,2, 709,8
465,8, 686,5
386,7, 642,6
393,1, 613,9
158,5, 327,4
210,0, 238,3
298,0, 316,2
277,7, 297,7
256,1, 279,3
245,8, 261,6
262,8, 277,4
239,1, 200,2
252,9, 209,9
268,6, 236,0
304,6, 293,9
423,7, 375,6
630,9, 528,0
689,1, 572,5
738,4, 609,4
815,3, 667,3
966,9, 769,0
969,6, 764,8
940,9, 729,6
936,0, 729,3
934,8, 724,3
937,3, 719,8
941,2, 721,6
954,4, 720,9
1026,5, 720,4
1130,1, 728,7
1270,0, 739,6
1625,1, 784,7
1937,9, 821,9
2019,3, 828,8
2020,8, 828,7
2019,7, 827,1
2079,0, 819,6
2089,5, 823,4
2087,0, 818,5
2090,3, 815,9
2082,6, 802,8
2042,3, 789,3
1741,3, 723,7
1716,6, 719,2
1682,5, 715,3
1657,3, 711,7
1620,2, 717,4
1623,0, 709,1
1624,0, 708,6
1626,5, 700,3
1627,1, 693,9
1630,8, 701,1
1631,9, 698,6
1632,2, 703,3
1635,1, 706,0
1644,3, 715,8
1651,0, 732,5
1660,1, 803,3
1668,7, 825,1
1746,0, 1002,7
1878,3, 1399,9
1883,3, 1407,1
1920,3, 1740,2
2029,9, 1928,4
2042,9, 2039,1
2149,6, 2165,2
2252,8, 2316,3
2483,8, 2608,7
2486,6, 2649,6
2456,3, 2647,6
2454,9, 2662,0
2451,4, 2685,4
2443,6, 2718,9
2431,9, 2704,4
2437,9, 2713,5
2441,8, 2752,7
2421,8, 2751,8
2398,6, 2735,6
2391,2, 2795,3
2377,1, 2793,7
2347,6, 2788,7
2297,1, 2712,8
2292,9, 2703,0
2261,1, 2652,3
2256,1, 2645,6
2255,9, 2644,1
2244,8, 2638,6
2231,4, 2627,6
2250,7, 2642,2
2269,5, 2647,0
2263,2, 2648,6
2286,2, 2659,7
2302,6, 2668,2
2302,8, 2696,5
2283,6, 2687,1
406,9, 533,2
386,2, 534,8
335,2, 530,4
308,5, 529,7
351,3, 536,6
413,4, 563,0
436,6, 573,7
526,9, 612,6
533,0, 620,2
525,6, 622,6
528,8, 626,6
530,5, 631,7
521,1, 633,1
531,2, 637,0
525,5, 640,1
532,8, 648,9
525,8, 647,3
543,3, 651,0
551,8, 660,5
553,2, 659,7
552,3, 657,2
540,4, 642,9
554,9, 655,9
583,9, 683,4
705,8, 757,9
858,5, 843,6
1000,4, 886,3
1789,9, 1131,2
1835,7, 1143,4
1962,1, 1180,1
1953,4, 1198,0
1949,1, 1189,0
1959,5, 1199,9
1966,6, 1190,4
1968,0, 1187,4
1968,5, 1177,6
1972,8, 1174,3
1973,0, 1164,1
1967,2, 1163,9
1935,3, 1189,8
1923,9, 1190,4
1910,0, 1178,8
1874,1, 1165,6
1438,1, 1189,5
1348,1, 1201,3
1245,7, 1215,8
1122,2, 1235,0
841,3, 1278,4
536,0, 1329,5
523,2, 1333,9
517,0, 1331,7
526,6, 1321,8
512,9, 1336,7
520,7, 1335,0
526,9, 1344,2
516,4, 1344,6
470,9, 1346,1
460,9, 1346,9
365,5, 1356,9
252,5, 1368,3
212,0, 1371,0
126,4, 1379,9
131,9, 1379,0
24,2, 1391,5
27,8, 1394,5
-9,1, 1402,6
19,9, 1400,2
59,3, 1397,1
49,0, 1406,7
47,1, 1405,9
41,1, 1407,9
97,9, 1408,1
92,0, 1408,7
85,7, 1408,7
82,1, 1428,8
51,0, 1453,7
30,3, 1456,7
19,0, 1460,8
23,6, 1463,4
16,1, 1477,6
14,0, 1490,3
50,7, 1493,1
55,4, 1496,9
57,0, 1492,3
56,9, 1486,8
22,5, 1484,3
23,0, 1482,0
15,5, 1491,3
-5,5, 1484,5
128,5, 1462,3
382,7, 1399,3
804,2, 1327,1
1208,5, 1274,3
1309,3, 1263,1
1462,4, 1241,9
1466,2, 1241,3
1491,3, 1237,7
1621,9, 1206,4
1629,7, 1199,2
1631,0, 1203,6
1627,5, 1199,0
1627,9, 1193,6
1647,6, 1175,8
1649,7, 1173,3
1652,9, 1177,7
1652,9, 1177,4
1653,3, 1177,8
1649,8, 1183,3
1650,7, 1184,8
1653,0, 1192,1
1655,7, 1189,5
1664,9, 1192,2
1669,9, 1192,1
1687,2, 1197,6
1690,0, 1198,0
1691,2, 1195,9
1692,0, 1187,8
1686,8, 1189,5
1685,9, 1189,6
1686,6, 1188,2
1687,3, 1188,7
1686,3, 1190,3
1683,1, 1194,5
1680,2, 1194,4
1676,5, 1197,2
1681,2, 1192,1
1693,4, 1173,1
1700,9, 1167,9
1701,2, 1167,1
1709,5, 1167,0
1707,9, 1163,2
1692,1, 1126,9
1677,0, 1127,4
1634,5, 1109,8
1603,9, 1101,0
1536,8, 1089,8
948,4, 738,4
843,9, 684,0
850,2, 686,1
826,8, 672,7
576,4, 543,5
519,2, 529,9
498,1, 538,1
492,7, 536,4
479,3, 529,3
476,8, 532,8
469,9, 532,1
490,6, 536,3
457,3, 521,0
514,3, 539,0
516,8, 541,5
515,1, 541,7
571,7, 571,4
556,9, 564,1
549,7, 560,0
556,6, 555,9
557,5, 547,2
561,8, 545,7
553,9, 549,6
560,0, 560,2
588,4, 566,0
580,9, 567,4
566,9, 562,8
491,0, 541,2
307,5, 506,6
353,4, 513,4
256,1, 495,6
234,3, 491,0
180,1, 485,3
176,0, 486,2
176,2, 494,6
188,9, 505,9
196,7, 515,9
195,3, 511,3
205,6, 531,0
209,9, 539,3
200,9, 536,5
213,6, 536,8
230,3, 532,1
238,4, 545,1
241,6, 546,1
265,5, 555,5
268,9, 559,0
263,9, 560,0
253,1, 563,7
267,2, 568,2
268,5, 586,6
254,5, 633,9
213,8, 668,9
137,8, 701,9
155,3, 672,8
147,5, 669,6
114,5, 675,9
84,9, 682,4
8,7, 657,8
25,2, 660,7
13,4, 656,2
22,2, 654,3
67,4, 639,2
23,9, 618,5
28,8, 618,6
23,2, 602,6
60,3, 602,7
35,9, 554,2
60,0, 534,3
87,6, 544,5
46,7, 236,7
54,7, 270,1
57,6, 279,7
101,2, 250,1
124,8, 316,3
123,6, 278,8
194,1, 373,8
276,7, 453,9
356,5, 579,6
373,0, 539,1
348,4, 507,6
376,8, 539,9
390,6, 627,2
323,3, 587,5
352,6, 598,2
264,0, 581,7
311,1, 608,3
274,6, 597,4
194,8, 564,4
244,4, 583,1
171,7, 512,0
204,5, 525,9
208,2, 518,9
244,1, 536,7
202,4, 513,0
193,5, 504,4
132,7, 463,4
123,2, 457,9
112,0, 452,6
144,8, 467,8
144,4, 484,7
152,8, 634,5
197,1, 645,2
189,5, 635,8
192,2, 634,1
208,0, 639,7
237,0, 645,1
235,5, 584,1
254,1, 611,1
181,0, 494,2
199,5, 492,6
137,8, 462,5
159,0, 467,4
120,5, 455,1
158,5, 455,3
161,3, 452,6
196,4, 457,8
138,0, 447,5
183,0, 455,3
141,3, 447,4
116,8, 443,2
145,7, 450,6
126,7, 446,1
178,3, 454,8
158,0, 457,6
117,9, 457,1
173,5, 474,2
120,1, 461,1
170,9, 474,2
140,4, 463,3
167,4, 464,7
156,3, 454,3
190,9, 461,8
138,2, 445,0
183,7, 458,8
151,3, 448,9
200,1, 466,1
141,6, 444,6
119,3, 421,0
138,2, 429,6
110,7, 418,9
168,4, 441,9
162,6, 455,2
194,3, 453,9
223,0, 484,1
356,8, 1206,6
332,5, 1258,2
298,7, 1274,1
299,8, 1301,8
248,0, 1298,6
201,4, 1293,2
129,7, 1286,0
132,2, 1283,6
89,4, 1264,6
116,9, 1265,0
134,1, 1278,9
157,9, 1283,7
157,0, 1278,9
182,5, 1296,6
183,8, 1298,2
189,0, 1293,2
189,9, 1272,8
168,9, 1214,0
157,9, 1187,3
134,1, 1165,4
133,0, 1131,7
146,3, 1142,5
158,2, 1138,7
155,2, 1140,0
211,9, 1145,2
245,7, 1146,4
252,7, 1135,0
296,7, 1100,6
362,5, 949,1
368,4, 834,3
368,2, 781,8
366,6, 781,8
333,2, 749,8
337,1, 725,4
325,4, 741,1
329,1, 738,7
350,4, 730,8
355,3, 738,7
359,3, 739,1
375,4, 759,2
383,4, 756,3
385,5, 748,4
380,5, 755,4
379,5, 749,6
375,3, 735,4
365,3, 742,4
363,8, 738,3
360,6, 737,7
361,8, 735,7
392,2, 737,2
400,1, 735,9
394,5, 727,1
389,1, 724,0
406,0, 730,0
399,5, 724,3
326,4, 731,0
342,9, 701,7
403,6, 731,8
402,4, 718,2
386,3, 697,1
399,4, 702,5
397,3, 697,1
410,3, 697,9
416,0, 694,6
401,2, 672,4
400,0, 663,9
392,6, 662,1
352,1, 648,0
363,8, 657,0
360,5, 656,9
333,3, 644,8
373,6, 658,1
390,4, 665,4
648,4, 754,9
561,1, 723,9
575,8, 729,8
723,9, 785,9
738,9, 801,8
743,9, 808,5
776,1, 820,1
768,9, 817,2
769,8, 813,7
754,8, 805,1
763,2, 797,2
765,2, 795,9
761,5, 790,9
748,1, 776,5
738,3, 776,7
734,5, 771,0
724,1, 778,6
733,6, 774,2
713,1, 759,7
706,4, 753,7
702,9, 752,9
693,3, 745,3
625,0, 729,1
425,9, 598,7
216,8, 457,6
14,7, 311,1
-27,8, 309,4
-36,0, 271,9
-39,6, 258,8
-86,6, 269,3
-67,4, 275,6
-53,7, 253,8
-66,4, 273,3
-46,4, 251,4
-32,7, 290,7
-13,2, 299,3
10,4, 341,4
32,3, 332,6
60,2, 374,7
100,3, 382,3
116,9, 400,6
156,2, 421,3
119,1, 411,0
111,2, 449,7
128,5, 449,3
141,4, 471,3
182,5, 476,2
188,5, 478,0
176,4, 472,6
223,9, 475,3
260,3, 547,9
277,8, 527,8
490,6, 814,8
468,2, 789,7
581,3, 1081,0
1181,8, 2312,7
1148,8, 2284,3
1225,3, 2420,1
1295,8, 2550,6
1206,0, 2423,3
1221,7, 2470,9
1206,1, 2461,8
1245,7, 2595,8
1254,7, 2647,6
1252,0, 2661,3
1254,6, 2670,4
1249,0, 2662,9
1233,3, 2725,9
1230,6, 2729,4
1227,2, 2724,7
1222,2, 2748,8
1226,8, 2731,1
1083,9, 2347,9
768,9, 1457,6
631,3, 1162,4
550,1, 1038,1
453,3, 896,7
330,8, 710,2
167,7, 467,8
151,2, 450,4
149,2, 442,6
182,1, 473,0
211,8, 487,3
275,8, 527,7
335,9, 558,7
366,9, 574,7
385,2, 595,4
387,6, 608,2
389,5, 611,4
394,4, 613,0
407,0, 605,4
408,5, 606,7
404,2, 608,4
430,3, 601,1
415,7, 599,4
348,1, 619,9
328,2, 661,2
309,9, 717,1
308,5, 881,9
346,1, 1089,5
302,4, 1102,5
293,9, 1094,9
287,9, 1110,5
248,6, 1093,3
166,8, 1114,3
156,7, 1109,3
155,3, 1107,7
153,0, 1106,3
159,8, 1105,9
164,6, 1106,7
188,3, 1111,8
187,4, 1100,5
187,9, 1097,3
210,1, 1102,3
226,9, 1119,1
224,5, 1116,8
228,8, 1110,7
233,7, 1110,6
233,7, 1087,9
232,5, 1085,9
231,1, 1095,0
233,0, 1106,8
238,4, 1106,5
257,8, 1107,7
258,9, 1096,1
259,6, 1097,0
264,5, 1102,1
267,9, 1105,6
269,3, 1109,5
270,4, 1109,4
270,4, 1107,1
247,5, 1107,2
264,8, 1098,5
267,1, 1103,2
280,5, 1115,7
276,8, 1107,2
282,4, 1106,0
286,0, 1081,7
298,6, 1054,1
371,1, 916,2
400,8, 852,3
401,9, 852,7
408,8, 839,2
410,2, 812,2
408,6, 801,3
396,9, 784,4
380,1, 758,1
357,2, 735,5
300,1, 677,5
282,6, 656,8
228,6, 580,4
239,3, 598,6
232,5, 608,7
249,7, 634,6
227,6, 636,3
233,1, 660,7
219,2, 614,1
197,9, 618,0
193,7, 594,1
199,6, 606,4
169,8, 632,6
167,8, 633,1
145,1, 623,1
155,5, 611,9
143,5, 611,1
92,8, 635,3
131,1, 610,1
79,5, 629,5
121,8, 621,6
116,3, 618,4
146,4, 601,2
135,8, 608,7
191,1, 618,9
185,2, 621,3
210,3, 617,4
351,4, 583,3
465,4, 553,4
533,9, 536,6
587,3, 527,8
624,7, 522,6
734,7, 520,3
840,6, 527,0
850,3, 527,6
860,6, 541,4
874,6, 545,0
864,2, 541,9
968,3, 557,6
1035,5, 580,5
1055,0, 588,0
1143,7, 627,9
1218,8, 661,9
1220,0, 663,2
1228,7, 662,7
1233,3, 663,9
1224,7, 659,6
1218,8, 671,7
1203,3, 705,4
1202,9, 701,4
1215,3, 691,2
1232,0, 686,3
1271,2, 742,1
1320,3, 824,7
1411,0, 996,4
1455,2, 1080,6
1553,5, 1269,5
1562,2, 1293,1
1572,5, 1325,8
1573,1, 1324,4
1562,7, 1316,4
1563,0, 1310,1
1561,8, 1312,6
1561,8, 1313,2
1558,6, 1318,3
1577,7, 1343,6
1579,2, 1367,0
1579,7, 1387,7
1603,1, 1413,2
1599,5, 1413,0
1598,8, 1411,6
1602,2, 1409,2
1602,0, 1408,0
1596,7, 1397,1
1599,2, 1396,6
1599,7, 1394,6
1589,3, 1391,5
1596,7, 1384,2
1597,6, 1387,8
1598,7, 1394,7
1599,9, 1394,3
1600,7, 1401,3
1605,3, 1411,0
1606,8, 1421,0
1591,4, 1432,6
1599,1, 1418,4
1582,5, 1428,2
1595,1, 1418,7
1615,7, 1411,3
1638,0, 1400,1
1626,1, 1408,6
1677,0, 1381,4
1717,9, 1338,7
1703,9, 1365,0
1698,3, 1369,3
1664,9, 1393,2
1663,6, 1397,3
1590,4, 1381,9
698,8, 935,3
601,3, 879,2
418,6, 769,0
432,0, 779,8
329,6, 714,6
310,1, 695,6
222,2, 635,4
275,3, 648,5
277,4, 664,5
251,4, 653,5
201,1, 603,7
214,7, 610,3
216,9, 615,2
251,3, 634,2
254,7, 636,6
252,7, 641,0
266,2, 641,4
269,7, 631,8
272,7, 626,9
278,3, 621,6
287,6, 619,4
304,9, 646,6
316,2, 657,3
317,7, 671,2
321,2, 673,9
326,0, 690,4
332,9, 685,3
353,6, 648,6
366,7, 526,1
331,5, 377,1
313,9, 316,4
306,2, 297,5
284,8, 253,7
283,9, 262,4
269,1, 217,7
262,0, 201,0
302,4, 262,6
335,3, 301,1
357,6, 315,8
425,7, 381,0
429,7, 339,7
476,3, 351,1
508,8, 395,9
530,6, 440,7
551,7, 468,4
591,6, 531,3
593,5, 526,1
588,1, 514,0
530,3, 568,0
588,7, 530,5
606,3, 518,9
583,1, 525,2
607,5, 514,6
595,3, 481,1
568,5, 452,6
557,1, 440,6
509,6, 406,7
515,2, 407,8
472,0, 378,5
450,6, 371,5
421,0, 358,4
423,2, 356,3
382,9, 344,1
335,7, 331,0
386,0, 357,4
358,8, 352,2
366,6, 362,1
369,2, 361,0
455,7, 353,2
468,0, 350,4
438,2, 351,8
485,9, 248,2
432,5, 267,7
411,6, 276,5
369,8, 317,9
1720,6, 481,1
1783,6, 483,4
1783,6, 484,0
1779,6, 488,8
1778,6, 489,5
1777,8, 478,2
1776,3, 468,8
1174,0, 407,8
1083,1, 403,8
1078,1, 400,0
1062,1, 388,8
1059,3, 386,9
1073,6, 398,1
803,4, 342,5
897,4, 389,5
959,4, 402,3
1088,2, 429,2
1246,0, 440,2
1344,5, 435,8
1322,8, 437,8
1328,6, 434,5
1463,1, 411,0
1493,1, 365,5
1504,6, 341,3
1501,5, 326,1
1500,8, 318,5
1501,1, 309,0
1511,6, 278,7
1511,5, 276,9
1509,9, 276,5
1509,0, 252,8
1509,1, 254,0
1501,3, 230,5
1498,3, 227,0
1495,2, 220,5
1494,7, 217,1
1495,0, 217,5
1495,4, 217,7
1489,7, 211,2
1463,2, 220,2
1396,8, 252,8
1278,1, 310,9
1251,2, 325,8
1191,8, 352,7
1169,7, 359,7
1165,9, 358,1
1170,7, 372,5
1167,1, 365,0
1180,5, 376,7
118