Listening for gaze data, press any key to exit...
584,6, 299,0
587,3, 302,3
585,2, 305,2
760,7, 545,1
746,4, 533,4
748,5, 524,8
748,3, 528,8
750,2, 527,8
748,8, 516,2
714,7, 452,9
700,0, 430,1
672,1, 396,8
688,3, 411,0
719,1, 452,4
1566,1, 2092,7
1591,1, 2061,4
1578,1, 2013,3
1549,9, 1955,0
1505,7, 1930,5
1535,7, 1964,9
1560,2, 1957,9
1556,9, 1958,8
1608,5, 1669,3
1629,5, 1487,1
1651,9, 1351,5
1655,9, 1340,8
1655,9, 1330,7
1655,5, 1317,1
1664,3, 1315,3
1666,0, 1311,9
1680,6, 1319,6
1680,0, 1314,5
1697,7, 1317,5
1688,0, 1317,9
1693,2, 1319,1
1683,4, 1318,3
1675,4, 1307,2
1610,4, 1215,3
1604,6, 1195,7
1601,0, 1183,2
1591,7, 1153,7
1530,0, 919,6
1538,3, 932,9
1539,4, 933,9
1539,5, 931,2
1537,0, 925,3
1528,4, 933,3
1528,8, 931,5
1528,0, 932,2
1526,0, 923,3
1522,1, 921,2
1526,0, 915,9
1542,5, 925,8
1545,3, 927,4
1548,9, 923,2
1472,0, 907,1
1439,7, 889,2
1260,9, 769,9
1195,1, 728,6
1098,9, 657,7
571,8, 246,0
509,8, 208,0
545,4, 246,9
559,6, 269,9
555,8, 262,5
466,3, 236,6
399,0, 396,2
343,0, 604,6
348,9, 627,0
328,4, 850,7
322,4, 906,2
304,6, 1052,1
293,0, 1045,2
283,2, 1041,2
290,4, 1043,9
291,3, 1040,8
315,4, 1069,7
344,1, 1082,5
346,1, 1080,2
383,0, 1098,4
375,7, 1089,7
454,6, 1116,2
486,2, 1111,3
494,5, 1105,0
488,8, 1071,7
476,7, 1045,9
391,6, 874,0
421,8, 886,5
405,3, 877,2
441,4, 888,9
441,0, 887,8
434,4, 881,6
453,9, 916,2
502,2, 981,0
674,9, 1236,1
742,5, 1310,7
800,2, 1421,4
863,0, 1591,7
935,3, 1815,6
985,4, 1917,5
1060,0, 2105,0
1077,3, 2088,4
1097,7, 2089,1
1096,7, 2095,7
1069,2, 2128,3
2879,4, 1541,8
2796,1, 1524,1
2800,5, 1524,6
2805,4, 1525,5
2790,6, 1520,7
1437,6, 1210,1
1545,4, 1121,8
1528,3, 1115,3
1514,6, 1109,5
1452,2, 1102,0
1462,2, 1093,7
1467,4, 1024,1
1462,7, 1017,0
1441,7, 972,5
1411,3, 921,4
1412,7, 930,8
1408,0, 921,2
1413,3, 922,2
1415,9, 921,8
1413,4, 921,6
1418,9, 925,9
1426,8, 930,7
1423,1, 936,2
1421,8, 935,4
1421,0, 934,2
1423,1, 933,0
1436,5, 932,0
1437,0, 931,8
1435,6, 931,1
1199,1, 558,5
1055,0, 286,8
1028,5, 234,7
1013,7, 217,0
987,5, 160,4
961,4, 108,5
966,3, 100,9
960,5, 82,3
975,5, 99,5
995,6, 137,1
994,2, 138,5
1009,2, 170,2
1018,5, 198,4
1025,5, 216,6
1024,2, 215,2
1027,5, 225,1
1032,0, 234,2
1022,5, 238,5
1016,4, 244,2
1011,5, 251,0
852,4, 174,3
697,1, 80,0
677,6, 62,7
686,2, 56,4
644,4, 43,7
627,6, 24,7
657,3, 86,1
700,6, 141,8
701,9, 145,7
726,3, 157,8
741,7, 190,3
744,3, 186,0
746,0, 189,9
771,3, 205,9
811,3, 213,5
811,1, 213,3
814,1, 212,0
832,2, 212,6
816,8, 225,0
808,2, 230,0
816,2, 228,9
715,3, 187,4
717,4, 155,4
698,3, 126,7
717,7, 177,7
722,9, 181,1
740,9, 196,1
744,8, 198,5
747,6, 218,5
750,9, 225,5
739,9, 214,3
738,2, 203,4
731,4, 194,6
732,1, 195,8
730,4, 192,5
721,3, 173,6
735,7, 177,2
735,7, 177,8
738,3, 179,5
748,5, 190,4
751,3, 201,1
753,8, 211,0
756,4, 224,1
740,5, 196,4
740,5, 196,6
749,2, 198,9
757,8, 205,9
770,3, 246,5
747,4, 270,4
751,3, 277,3
447,7, 329,0
444,5, 327,3
431,5, 237,4
435,4, 274,6
452,4, 282,9
448,6, 266,3
443,2, 243,5
436,4, 216,4
434,9, 206,4
460,6, 237,5
577,6, 378,5
534,8, 337,6
584,5, 339,5
590,1, 338,3
582,8, 336,4
596,0, 302,3
810,2, 327,4
804,7, 332,1
800,6, 313,7
749,7, 205,4
752,7, 212,5
748,8, 200,8
769,9, 245,6
784,2, 267,4
786,6, 269,0
823,1, 324,1
831,1, 334,6
850,5, 336,2
855,3, 329,2
854,5, 335,0
846,7, 333,7
824,3, 305,3
829,0, 315,5
846,5, 322,9
849,8, 324,1
859,1, 327,0
852,4, 321,1
870,6, 353,8
876,1, 346,8
875,4, 352,9
873,7, 360,0
875,8, 342,0
876,7, 337,1
874,8, 331,8
872,2, 331,7
869,0, 333,9
866,9, 335,1
867,7, 334,3
1104,4, 424,1
1174,1, 453,7
1186,9, 461,7
1196,3, 466,6
1214,6, 478,4
1214,3, 479,2
1216,3, 479,8
1214,1, 477,7
1211,9, 465,5
1202,8, 435,1
1204,0, 427,4
1203,3, 428,6
1195,5, 417,7
1189,1, 401,7
1177,7, 407,3
1181,3, 416,9
1174,5, 401,4
1138,8, 327,6
1098,7, 291,6
1047,8, 253,8
911,0, 185,9
839,8, 152,0
820,3, 144,9
807,9, 141,8
767,8, 114,1
774,7, 114,4
784,8, 129,9
795,2, 146,7
796,1, 155,5
804,5, 163,2
822,1, 192,2
828,1, 208,6
830,4, 210,1
857,7, 232,3
873,4, 251,1
873,7, 254,5
889,7, 329,6
892,3, 325,7
891,2, 291,0
910,2, 280,1
1075,8, 251,1
1076,8, 251,0
2111,3, 412,7
2186,9, 436,4
2265,1, 457,4
2259,0, 450,0
2268,3, 454,0
2349,4, 475,8
2361,3, 481,8
2347,3, 464,8
2377,6, 450,2
2422,9, 434,8
2564,2, 332,5
2651,3, 234,4
2635,1, 238,3
2666,7, 202,9
2763,9, 99,3
2764,8, 98,4
2781,8, 88,6
2774,7, 91,1
2762,7, 89,8
2814,5, 60,7
2797,3, 70,2
2731,7, 109,8
2651,6, 122,4
2644,7, 161,6
2622,1, 169,8
2609,1, 196,4
2601,2, 196,9
2619,7, 177,9
2602,5, 186,1
2616,2, 173,7
2624,4, 160,9
2641,2, 134,4
2636,2, 138,8
2598,9, 159,8
2592,4, 170,6
2598,2, 164,3
2603,7, 162,9
2589,0, 177,9
2570,0, 203,2
2630,2, 177,4
2730,6, 119,2
2680,0, 139,3
2669,0, 142,4
2702,7, 127,3
2689,8, 133,7
2655,0, 155,7
2659,3, 163,7
2666,5, 166,7
2665,1, 163,1
2665,6, 164,8
2669,3, 178,2
2633,2, 202,2
2615,3, 231,8
2614,1, 219,8
2584,9, 200,2
2583,7, 199,2
2606,9, 202,4
2616,0, 202,9
2611,7, 199,2
2608,4, 196,1
2617,1, 175,8
2617,7, 174,9
2619,6, 176,9
2620,9, 182,6
2620,6, 194,2
2621,5, 194,1
2629,1, 184,6
2608,3, 197,1
2617,3, 196,7
2617,2, 194,5
2618,8, 183,9
2614,5, 186,9
2596,0, 162,6
2364,2, 325,4
2397,3, 291,9
2218,6, 451,5
2038,1, 613,8
1963,2, 683,1
1441,8, 1162,8
1459,4, 1147,8
1440,7, 1165,4
1426,0, 1170,6
1411,1, 1167,0
1412,3, 1167,6
1413,5, 1164,6
1418,1, 1170,9
1426,2, 1191,0
1421,9, 1176,4
1418,1, 1168,8
1411,4, 1128,2
1420,1, 1138,2
1420,7, 1144,7
1409,4, 1135,8
1411,1, 1138,9
1414,9, 1151,8
1405,8, 1122,6
1411,1, 1152,6
1342,1, 966,3
1301,6, 797,1
1291,9, 761,3
1286,0, 739,6
1285,7, 729,1
1283,8, 714,9
1283,4, 694,7
1282,8, 698,5
1284,2, 698,5
1286,9, 689,6
1287,3, 685,5
1287,0, 685,8
1280,0, 689,0
1280,7, 689,3
1282,8, 693,3
1285,6, 693,7
1283,2, 689,6
1291,5, 686,1
1292,2, 682,9
1290,6, 679,4
1253,7, 662,7
1246,9, 669,3
1249,1, 670,2
1270,9, 694,9
1287,7, 720,1
1295,2, 730,9
1299,1, 747,2
1321,9, 811,4
1323,3, 849,8
1339,3, 1056,3
1346,0, 1082,9
1360,0, 1643,0
1377,0, 2077,7
1383,4, 2237,5
1362,5, 2369,1
1353,4, 2484,8
1337,7, 2501,8
1316,0, 2506,8
1294,4, 2521,6
1296,0, 2522,3
1317,9, 2519,7
1367,7, 2504,8
1432,7, 2488,7
1492,3, 2475,9
1479,4, 2479,7
1559,6, 2461,5
1769,5, 2385,8
1837,4, 2327,2
1907,0, 2292,0
1930,8, 2271,9
1936,5, 2270,2
1943,0, 2265,2
1923,3, 2237,8
1930,5, 2240,9
1953,5, 2228,9
2022,6, 2265,0
2068,7, 2339,9
2059,9, 2355,4
2081,0, 2364,8
2099,0, 2382,3
2161,0, 2476,8
2200,2, 2466,4
2211,0, 2511,8
2257,8, 2561,1
2293,4, 2634,4
2318,5, 2582,6
2323,9, 2591,8
2333,5, 2605,1
2332,6, 2608,4
2335,6, 2608,7
2346,3, 2629,4
2344,6, 2633,0
2342,7, 2589,2
2332,5, 2578,5
2304,4, 2540,7
2123,8, 2187,5
1842,4, 1633,2
1797,4, 1545,5
1721,2, 1394,5
1634,5, 1213,4
1573,2, 1091,6
1515,8, 971,6
1519,0, 972,9
1484,8, 954,0
1421,9, 938,4
1296,4, 930,3
1147,1, 945,3
551,0, 1032,6
492,0, 1045,6
481,7, 1049,8
87,9, 1115,2
84,9, 1121,1
141,7, 1144,2
126,5, 1131,1
148,9, 1144,2
150,6, 1146,1
144,2, 1134,8
154,5, 1135,0
190,8, 1133,3
225,9, 1136,9
216,9, 1133,8
98,1, 1042,7
-0,8, 938,8
-25,3, 915,7
-33,1, 911,4
-10,4, 918,8
0,9, 923,3
11,0, 934,2
27,9, 950,2
30,4, 951,8
64,8, 963,2
68,9, 966,1
101,1, 971,3
100,4, 972,1
117,1, 982,1
98,9, 991,7
117,3, 998,7
106,6, 997,5
125,5, 1000,0
103,8, 1010,7
116,5, 1012,2
131,2, 1031,9
77,8, 1008,7
89,0, 1007,2
74,2, 999,3
91,2, 998,5
100,8, 994,2
58,1, 978,6
68,6, 992,0
452,0, 1122,2
592,9, 1168,5
821,6, 1239,9
828,0, 1242,2
934,6, 1277,9
1023,9, 1308,0
1017,6, 1301,6
1000,3, 1289,3
1011,0, 1242,4
1014,4, 1261,6
1028,6, 1257,4
1054,3, 1264,2
1100,2, 1286,4
1165,8, 1305,1
1205,1, 1320,0
1240,4, 1324,9
1326,2, 1345,8
1478,6, 1373,1
1523,9, 1386,5
1527,5, 1387,8
1527,5, 1387,1
1543,4, 1386,0
1546,6, 1395,4
1548,7, 1399,7
1547,8, 1404,4
1545,5, 1406,5
1545,4, 1408,7
1548,7, 1408,1
1562,6, 1408,1
1561,8, 1407,8
1630,3, 1405,5
1948,1, 1395,0
2245,2, 1382,1
2624,2, 1341,8
2667,4, 1337,7
2800,5, 1330,0
2837,3, 1328,6
2890,0, 1328,8
2845,9, 1336,5
2847,2, 1341,9
2891,2, 1337,9
2801,9, 1345,8
2849,5, 1342,7
2819,2, 1332,9
2821,5, 1350,7
2819,0, 1354,1
2792,0, 1355,2
2786,6, 1352,3
2813,2, 1350,4
2835,3, 1342,0
2823,2, 1337,5
2730,5, 1336,8
2305,8, 1215,1
1811,1, 1093,6
1712,0, 1078,9
1424,5, 1011,8
1374,2, 998,7
1454,8, 1015,5
1177,8, 966,2
1181,6, 966,5
1205,9, 975,3
1205,7, 975,3
2013,8, 2053,5
2054,0, 2115,7
2056,0, 2119,7
2087,9, 2182,1
2161,3, 2327,1
2181,9, 2350,8
2273,0, 2503,4
2268,4, 2510,1
2273,3, 2519,0
2276,5, 2524,1
2298,4, 2543,9
2283,0, 2526,0
2256,2, 2492,3
2256,1, 2491,1
2251,8, 2504,6
2252,0, 2537,8
2257,4, 2524,0
2261,6, 2530,7
2264,5, 2529,5
2282,7, 2462,7
2287,3, 2495,3
2301,8, 2501,8
2303,4, 2491,8
2295,9, 2455,1
2297,5, 2456,3
2149,9, 2151,3
1720,1, 1437,3
1630,6, 1250,9
1531,1, 1082,3
1506,4, 1037,2
1509,7, 1049,4
1516,6, 1045,4
1532,2, 1074,6
1531,2, 1073,3
1525,7, 1065,8
1522,1, 1047,6
1521,4, 1055,2
1516,3, 1035,8
1513,6, 1036,8
1508,6, 1041,8
1507,9, 1046,2
1508,3, 1048,3
1508,1, 1052,1
1499,5, 1066,8
1496,9, 1069,0
1485,3, 1049,7
1437,2, 1065,3
1412,2, 1080,3
1046,5, 1089,4
881,7, 1097,9
736,7, 1106,3
53,4, 1148,0
47,8, 1147,9
30,9, 1126,5
38,7, 1128,2
57,8, 1141,8
76,1, 1151,9
96,1, 1158,4
120,8, 1161,8
140,3, 1170,0
174,4, 1175,7
166,4, 1173,3
165,0, 1168,0
169,6, 1166,1
158,7, 1156,3
179,9, 1157,7
184,1, 1158,1
162,5, 1154,3
167,6, 1154,9
171,8, 1150,6
192,5, 1154,0
197,5, 1151,5
211,0, 1151,0
161,3, 1115,2
137,8, 1098,3
100,7, 1075,6
104,9, 1073,6
96,7, 1058,8
74,8, 1046,0
108,3, 1049,2
84,6, 1043,2
113,3, 1042,4
122,4, 1033,8
156,2, 1005,4
192,7, 984,4
181,5, 999,7
259,1, 940,9
232,7, 977,0
271,5, 939,3
298,5, 945,2
345,2, 855,0
335,9, 862,9
317,5, 889,4
305,6, 904,1
314,1, 877,4
300,4, 918,4
301,8, 917,4
282,9, 970,2
283,1, 975,3
272,7, 980,1
294,2, 1068,2
265,6, 1101,2
272,3, 1100,9
189,9, 1092,9
113,1, 1068,1
138,9, 1071,7
148,0, 1055,9
211,9, 979,4
268,6, 985,8
298,5, 1007,4
483,3, 973,5
736,4, 950,1
1127,1, 917,3
1877,2, 851,7
3017,8, 792,4
3088,2, 711,8
3071,5, 736,1
3059,5, 753,0
3057,6, 753,7
3042,2, 763,3
3040,5, 765,9
2959,2, 795,0
2956,8, 799,3
2932,1, 816,3
2938,1, 813,9
2920,8, 819,2
2919,6, 819,9
2910,8, 798,2
2917,5, 790,3
2937,0, 787,1
2954,0, 772,6
2984,3, 754,7
3141,3, 656,9
3203,7, 599,0
3383,8, 384,3
3545,6, 259,1
3654,5, 69,5
3748,1, 72,7
3688,2, 54,5
3596,6, 118,2
3604,4, 125,5
3504,4, 235,7
3505,6, 287,9
3440,5, 327,0
3391,3, 368,4
3377,0, 392,4
3304,3, 336,2
3297,7, 341,1
2991,0, 584,9
3018,8, 564,4
2967,2, 604,4
2971,7, 599,9
2975,3, 592,9
2975,7, 590,4
2973,4, 592,7
2922,0, 524,1
2965,6, 539,1
2961,9, 551,5
2977,2, 558,1
3087,1, 603,2
3091,0, 602,0
3106,5, 607,0
3115,0, 594,8
3117,1, 589,2
3065,3, 544,1
2971,6, 522,8
2970,5, 517,6
2966,3, 517,2
3034,3, 528,8
3102,3, 511,6
3101,2, 510,4
3121,7, 513,5
3084,1, 521,5
3106,2, 521,3
3161,4, 512,4
3120,6, 510,8
3178,7, 499,0
3147,1, 503,6
2999,1, 447,1
3008,3, 479,5
2389,2, 591,2
2313,9, 603,7
2148,5, 619,7
2017,7, 611,5
1803,0, 593,5
1671,4, 521,3
1665,2, 503,9
1649,6, 452,1
1622,7, 365,4
1593,5, 330,8
1576,8, 332,8
452,0, 44,1
-580,6, -279,7
-580,6, -279,7
-431,0, -217,1
-376,0, -193,3
-366,3, -192,8
-366,8, -199,5
-368,8, -194,9
-372,8, -189,9
-416,3, -204,9
-425,6, -219,2
-419,2, -210,5
-430,2, -218,6
-441,6, -228,4
-427,7, -222,8
-428,0, -213,7
-430,7, -215,1
-429,6, -222,0
-377,9, -210,2
-354,9, -203,8
566,4, -62,5
1003,8, -18,1
1303,9, 30,9
1314,4, 30,9
1265,4, 15,6
3441,9, 86,9
3444,3, 67,0
3446,4, 66,3
3453,8, 61,1
3482,1, 52,1
3499,8, 36,4
3537,7, -21,5
3558,2, -50,4
3571,9, -73,9
2833,0, 55,2
2845,0, 33,1
2845,4, -7,4
2845,8, -11,6
2810,2, 32,3
2792,7, 37,3
2793,5, 96,9
2761,0, 125,0
2754,6, 144,6
2741,7, 151,7
2761,0, 156,1
2796,2, 133,4
2803,2, 125,9
2880,2, 74,5
2903,5, 57,1
2906,9, 39,5
2778,3, 189,3
2898,0, 59,3
2848,9, 113,6
2828,7, 130,1
2855,7, 96,0
2855,6, 96,1
2926,6, 23,6
2854,6, -8,8
3239,9, 79,4
3416,7, 124,4
3412,7, 134,8
3415,4, 133,9
3434,7, 119,9
3426,9, 122,7
3374,7, 139,2
3376,7, 134,7
3390,6, 129,1
3400,4, 130,1
3392,6, 104,9
3381,1, 116,1
3378,1, 126,0
3382,8, 108,1
3371,7, 103,7
3378,8, 102,1
3385,0, 100,7
2438,8, 94,2
2263,1, 98,4
2172,1, 107,2
2217,4, 102,2
2084,8, 68,1
1974,3, 30,8
1957,9, 6,8
1957,1, -9,6
1949,7, -3,6
1951,4, -31,7
1904,5, -7,7
1901,7, -11,7
1899,1, -28,8
1866,7, -51,1
1720,6, -70,9
880,4, 8,6
-7,8, -54,4
6,2, -72,5
8,8, -59,4
-52,6, 135,2
-80,7, 90,6
-14,8, 155,5
26,5, 212,3
0,7, 182,9
100,8, 278,1
127,1, 293,7
199,6, 355,3
210,5, 365,0
217,7, 370,7
217,7, 370,1
241,2, 372,8
252,1, 369,6
293,0, 360,9
320,9, 410,3
364,6, 466,7
391,2, 488,6
406,0, 505,6
407,2, 506,8
406,4, 506,9
414,3, 513,4
396,8, 493,6
383,4, 473,4
378,8, 465,7
376,5, 461,4
396,5, 478,7
398,2, 528,5
401,7, 574,6
477,3, 698,3
704,8, 1048,5
715,3, 1064,3
708,3, 1054,9
661,7, 1077,0
653,7, 1079,9
651,8, 1077,8
626,2, 1072,1
606,2, 1070,5
557,1, 1065,8
565,0, 1066,8
566,9, 1063,3
545,5, 1062,2
437,7, 1026,4
408,8, 1010,5
384,2, 993,8
371,2, 997,1
399,9, 1008,2
404,7, 1008,3
378,4, 998,1
348,3, 969,3
337,0, 969,2
336,6, 972,5
312,3, 960,3
298,4, 951,3
302,6, 953,0
248,6, 986,0
256,7, 977,9
261,5, 974,3
285,2, 957,2
267,5, 960,7
250,9, 956,5
260,1, 958,8
289,0, 987,6
322,5, 1005,3
357,4, 1035,7
356,4, 1027,1
372,3, 1035,1
370,2, 1034,4
383,2, 1041,0
378,9, 1041,9
347,2, 1022,7
249,2, 956,7
222,5, 955,7
211,9, 959,2
162,8, 996,3
152,4, 1044,8
155,7, 1038,4
131,2, 1103,7
129,9, 1101,8
176,1, 1221,5
152,1, 1199,6
153,9, 1199,0
169,6, 1226,5
126,7, 1177,7
147,5, 1191,7
150,8, 1195,0
161,7, 1208,3
168,4, 1214,6
220,2, 1275,0
211,6, 1271,2
191,8, 1273,9
189,8, 1272,5
170,2, 1276,6
164,5, 1270,9
145,1, 1290,4
111,1, 1252,3
134,2, 1271,6
123,8, 1260,7
172,7, 1293,6
169,2, 1282,6
173,9, 1281,0
164,8, 1258,7
152,2, 1257,1
165,1, 1279,6
160,2, 1272,9
162,5, 1280,1
156,4, 1266,8
179,2, 1197,7
458,0, 923,1
560,4, 838,0
607,7, 807,2
708,7, 715,0
899,6, 496,8
876,0, 467,8
862,9, 453,5
937,8, 439,3
1058,0, 407,0
1250,6, 409,8
1358,2, 414,7
1983,2, 489,7
2242,4, 520,5
3033,2, 613,5
2996,5, 558,4
2998,2, 569,7
2996,5, 582,5
2997,3, 581,5
2897,8, 590,9
2350,7, 575,2
2002,0, 554,6
2181,7, 584,0
1171,1, 552,6
474,0, 503,6
402,9, 498,6
248,0, 493,3
231,5, 488,0
295,6, 500,0
248,0, 506,7
261,5, 572,5
277,6, 586,3
282,0, 589,7
292,3, 604,0
336,4, 634,5
327,9, 629,7
348,8, 633,3
333,2, 618,1
345,3, 629,5
222,2, 539,4
236,4, 539,8
233,7, 533,6
225,2, 525,2
217,9, 494,0
234,5, 484,1
248,3, 503,2
235,8, 509,9
245,2, 554,7
541,2, 1103,5
567,5, 1157,2
578,8, 1176,7
592,2, 1187,3
601,1, 1195,6
610,2, 1203,4
600,7, 1204,9
600,8, 1200,7
590,2, 1197,1
535,6, 1188,5
501,4, 1179,4
435,8, 1162,3
332,1, 1145,6
255,6, 1138,8
203,3, 1141,5
89,7, 1139,6
59,3, 1147,5
6,6, 1153,0
-15,9, 1144,3
-7,4, 1141,6
-10,9, 1145,9
24,1, 1161,3
38,1, 1166,7
64,0, 1152,9
18,7, 1153,6
15,1, 1147,8
14,6, 1146,7
27,9, 1142,5
27,7, 1144,6
109,1, 1126,9
93,6, 1132,7
743,2, 908,0
712,9, 918,1
679,8, 926,7
758,3, 899,5
761,8, 897,3
757,4, 893,6
777,0, 890,7
784,3, 891,9
793,7, 896,7
794,1, 897,6
795,0, 901,3
792,4, 901,6
778,6, 902,2
774,3, 890,1
785,0, 886,3
764,4, 870,3
776,3, 873,3
775,8, 871,3
287,3, 691,1
473,8, 765,7
386,8, 733,2
350,8, 721,4
280,0, 699,6
217,9, 682,9
136,2, 658,9
130,7, 657,0
150,3, 666,1
182,6, 680,3
233,7, 702,4
232,0, 706,1
208,8, 704,2
76,7, 675,4
74,9, 663,6
65,5, 656,1
64,9, 655,2
61,9, 652,7
55,7, 648,5
54,0, 650,4
56,1, 652,5
63,4, 653,4
60,6, 647,3
50,5, 624,4
59,9, 626,4
52,6, 618,0
66,1, 645,4
77,8, 667,9
92,9, 670,4
97,9, 665,0
89,4, 661,7
128,5, 707,6
174,7, 758,5
219,9, 748,1
215,0, 750,0
413,2, 724,2
608,8, 705,0
865,7, 694,8
1165,3, 665,8
1369,7, 630,4
1565,9, 590,1
1810,6, 558,5
2046,4, 523,3
3260,7, 414,0
3260,8, 409,8
3260,8, 409,8
3339,1, 389,9
3471,3, 314,3
3536,6, 285,1
3582,7, 252,9
3641,0, 229,9
3644,3, 215,8
3644,1, 214,6
3648,5, 188,1
3579,2, 265,3
3364,3, 480,4
3234,0, 569,0
3206,8, 593,3
3167,3, 620,9
3117,6, 651,7
3064,4, 675,6
3023,0, 693,0
3025,6, 696,4
3022,8, 692,4
3015,7, 673,5
3014,4, 567,8
3019,0, 549,0
3023,3, 558,4
3038,0, 552,1
3040,4, 548,9
3034,1, 551,4
3027,6, 553,9
3033,0, 558,3
3033,4, 559,3
3036,8, 553,2
3037,5, 551,7
3043,6, 545,0
3046,1, 541,5
3047,9, 539,6
3047,1, 540,4
3067,0, 619,7
3057,9, 630,2
3070,7, 634,2
3077,9, 648,2
3069,2, 665,4
3053,2, 690,4
3049,8, 697,4
3039,7, 703,0
3014,0, 707,0
3013,3, 711,2
2934,6, 715,1
2922,0, 727,0
2923,4, 728,1
2922,7, 752,5
2923,0, 756,8
2928,0, 782,2
2927,5, 779,7
2921,8, 779,8
2929,5, 797,8
2920,6, 778,9
2907,2, 754,4
2907,0, 754,7
2465,1, 872,8
2371,9, 899,6
2247,5, 930,0
2195,8, 956,8
2174,0, 1068,8
2180,5, 1099,9
2221,6, 1310,1
2199,1, 1228,4
2230,4, 1338,6
2247,9, 1552,7
2249,0, 1542,2
2296,8, 2037,2
2343,7, 2376,2
2358,8, 2408,4
2392,4, 2433,7
2397,9, 2441,1
2410,0, 2460,4
2410,0, 2463,3
2410,2, 2456,3
2402,8, 2453,9
2366,5, 2532,5
2347,5, 2546,7
2342,1, 2482,9
2328,6, 2525,3
2330,4, 2576,9
2332,0, 2584,8
2337,6, 2595,6
2357,9, 2638,0
2077,0, 2240,2
1388,8, 1414,6
483,0, 568,7
115,3, 299,2
81,3, 300,0
85,7, 291,1
79,3, 289,5
-20,4, 205,8
-32,9, 174,5
-84,6, 132,9
-140,6, 57,3
-296,3, -91,3
-300,8, -121,7
-317,0, -149,9
-339,7, -182,6
-352,6, -77,0
-342,4, 0,1
-185,7, 316,0
-101,7, 457,2
1,6, 449,0
-3,6, 439,2
-47,7, 422,2
5,7, 428,3
-10,7, 423,0
-42,0, 413,3
70,5, 480,3
88,2, 502,2
206,7, 577,7
230,2, 619,6
323,2, 663,1
330,0, 669,4
382,3, 683,6
295,3, 649,7
344,3, 671,0
276,6, 628,9
329,7, 651,5
253,8, 609,8
292,8, 627,6
216,2, 589,9
114,3, 512,8
123,6, 515,8
115,2, 507,4
174,4, 528,6
413,7, 513,7
751,5, 491,1
732,9, 495,5
805,8, 489,8
1600,2, 380,5
1749,3, 327,7
1930,0, 242,2
2068,8, 186,0
2090,5, 180,4
2337,6, 65,3
2495,1, -8,1
2520,5, -23,5
2503,2, -1,8
2498,5, 0,8
2531,6, -27,9
2596,6, -33,5
2599,8, -61,4
2607,3, -57,6
2624,3, -73,3
2634,7, -92,1
2639,6, -101,7
2660,6, -168,5
2662,1, -149,1
2683,8, -187,2
2676,6, -215,8
2687,2, -211,7
2759,1, -204,9
2866,6, -175,4
3192,1, -58,4
3192,6, -53,0
3539,8, 114,4
3545,0, 135,5
3644,4, 71,5
3612,2, 92,6
3466,3, 199,1
3533,1, 120,8
3537,6, 114,6
3505,4, 147,5
3471,9, 187,3
3437,6, 234,6
3421,5, 255,1
3325,2, 328,6
3320,8, 330,2
3306,3, 338,9
3290,1, 343,8
3276,6, 364,6
3271,6, 370,9
3254,4, 387,2
3246,5, 391,2
3236,8, 395,4
3204,1, 416,2
3197,0, 417,5
3197,9, 418,9
3170,1, 473,9
3167,6, 470,4
3170,3, 455,4
3170,1, 452,0
3161,3, 451,2
3153,4, 463,4
3154,1, 468,6
3157,7, 470,6
3152,6, 473,0
3152,3, 477,2
3150,2, 482,9
3149,5, 482,3
3150,3, 479,5
3152,9, 473,0
3146,7, 463,4
3146,2, 462,8
3146,0, 463,6
3113,4, 476,7
2628,8, 477,1
2459,2, 475,4
2340,6, 481,6
1916,5, 467,6
1696,5, 453,2
1381,0, 429,7
1298,8, 413,5
1010,4, 365,7
418,8, 222,6
268,4, 185,8
336,7, 211,3
211,3, 180,6
211,7, 181,2
86,6, 132,3
93,1, 130,4
209,8, 275,0
370,1, 421,5
359,4, 418,9
353,1, 419,8
378,3, 386,6
381,6, 375,7
370,1, 358,2
372,7, 349,9
366,7, 347,7
349,5, 320,1
318,7, 293,0
307,5, 284,2
310,2, 289,6
297,3, 282,0
319,4, 293,1
307,9, 283,7
271,5, 281,7
247,5, 296,2
191,2, 315,4
225,5, 289,0
237,9, 292,1
206,8, 287,9
198,2, 276,3
209,3, 253,0
165,7, 261,8
250,2, 262,5
234,0, 259,5
196,8, 250,5
142,2, 242,7
171,3, 246,1
144,3, 238,4
173,9, 241,4
137,5, 225,1
168,4, 227,8
108,6, 207,0
144,4, 241,0
192,5, 261,3
197,4, 262,9
199,1, 261,3
137,5, 254,3
54,0, 224,4
-94,7, 100,6
-85,7, 107,7
-22,7, 189,9
-28,1, 174,8
-7,8, 178,4
-112,9, 42,9
142,6, 158,8
450,5, 298,7
593,8, 351,9
788,3, 398,2
989,8, 469,1
2978,7, 958,6
2976,2, 958,0
2976,2, 958,0
3006,4, 939,9
3062,4, 805,8
3106,7, 686,6
3140,4, 554,2
3144,2, 540,1
3168,3, 441,6
3159,9, 445,2
3146,3, 466,8
3125,5, 483,6
3109,0, 485,2
3088,6, 518,3
3095,2, 512,6
3041,9, 557,3
2993,2, 599,4
2983,4, 599,8
2988,0, 573,6
2996,5, 552,4
3011,4, 527,6
3005,7, 527,2
3005,1, 518,0
2991,7, 511,2
2982,9, 502,6
2971,4, 492,8
3009,6, 508,4
3092,5, 473,8
3152,4, 470,5
3160,7, 456,8
3108,2, 460,0
3139,5, 445,1
3196,0, 430,1
3181,1, 430,5
3198,8, 407,8
3082,6, 408,0
3145,9, 404,4
3096,3, 399,3
3158,1, 391,0
3109,6, 392,7
3167,0, 389,0
3114,6, 390,6
3144,6, 396,6
3134,6, 408,5
3059,2, 426,1
3042,6, 442,7
3036,9, 451,0
3023,3, 448,4
3019,8, 451,6
3025,5, 446,8
3020,6, 449,0
3028,4, 442,7
3028,7, 421,9
3029,4, 419,9
3042,2, 416,3
3037,6, 416,4
3044,9, 422,5
3043,8, 424,5
3040,2, 424,8
3035,7, 375,0
3036,8, 385,7
2856,0, 407,4
2101,9, 504,7
2059,1, 455,8
1896,5, 495,3
1020,4, 511,6
920,4, 501,7
796,2, 495,5
707,9, 474,5
655,9, 458,2
613,8, 459,2
563,6, 450,8
573,1, 475,6
573,1, 474,9
558,3, 425,7
556,7, 417,8
559,2, 429,4
560,3, 433,7
559,5, 419,8
560,8, 421,3
628,6, 445,3
632,2, 446,6
1034,6, 789,4
1225,5, 1012,8
1328,3, 1123,4
1453,0, 1261,6
1518,9, 1460,0
1474,6, 1319,1
1574,9, 1467,7
1625,4, 1569,6
1747,8, 1832,7
1831,7, 1890,2
1817,2, 1899,5
1880,8, 1996,4
1915,8, 2053,1
2055,5, 2289,4
2125,0, 2409,9
2147,8, 2451,3
2149,3, 2482,1
2160,2, 2481,5
2195,1, 2521,6
2200,9, 2529,9
2207,8, 2557,5
2212,3, 2558,4
2232,2, 2591,7
2235,1, 2606,3
2249,2, 2683,0
2251,8, 2702,1
2246,1, 2725,7
2028,0, 2358,3
151,9, 48,2
1,2, 3,0
-41,5, -6,8
-40,8, -9,6
-71,9, -21,4
-52,2, -37,1
-48,5, -35,1
-103,8, -33,1
-151,4, -81,8
-121,5, -31,1
-82,2, 40,0
-81,9, 43,2
-81,9, 43,2
-243,8, -24,9
-208,2, 15,4
-202,2, 23,2
-199,5, 26,7
-196,8, 34,3
-262,6, -39,8
-218,0, -48,0
-198,0, 11,7
-124,5, 134,8
-12,4, 366,6
186,1, 828,4
202,8, 920,5
184,0, 1111,5
158,6, 1164,3
193,0, 1179,2
180,1, 1210,4
173,3, 1215,5
179,7, 1204,4
187,4, 1226,2
224,0, 1235,4
268,1, 1241,1
301,0, 1241,7
267,9, 1236,2
198,7, 1256,1
165,2, 1263,5
111,8, 1271,8
80,1, 1277,5
91,2, 1279,9
90,0, 1293,7
127,5, 1307,6
144,1, 1323,8
140,3, 1325,0
148,0, 1327,6
171,4, 1334,2
196,3, 1338,6
195,9, 1331,8
184,7, 1325,6
178,2, 1319,3
183,2, 1323,8
185,6, 1322,8
186,8, 1326,1
182,6, 1320,6
175,4, 1325,2
138,8, 1339,0
140,0, 1335,0
155,7, 1338,5
150,7, 1327,9
155,5, 1328,9
152,4, 1322,5
139,4, 1318,9
124,7, 1263,7
111,0, 984,9
106,2, 942,8
111,7, 944,3
92,7, 905,2
96,7, 901,9
85,4, 868,0
32,2, 846,5
43,2, 850,9
45,4, 852,0
50,2, 858,0
48,3, 855,7
75,2, 880,2
130,7, 909,2
128,0, 891,9
146,1, 904,5
150,9, 901,0
157,7, 907,1
189,0, 918,6
186,8, 896,4
200,2, 919,0
195,4, 902,7
198,2, 899,0
193,3, 882,7
201,1, 888,4
204,7, 886,5
211,5, 891,1
211,8, 884,8
226,3, 892,3
228,1, 885,9
227,5, 882,2
243,6, 881,4
253,5, 875,4
256,0, 874,3
258,0, 871,2
258,5, 862,6
258,4, 841,3
252,4, 832,0
220,6, 726,8
198,1, 587,9
161,1, 524,3
100,1, 449,8
119,2, 461,2
110,1, 427,2
145,8, 428,4
242,6, 464,3
255,5, 475,8
252,8, 474,8
238,1, 476,6
244,5, 494,2
242,4, 485,1
273,7, 539,5
302,7, 541,9
288,1, 546,6
278,4, 548,7
305,3, 543,6
306,9, 535,7
318,8, 533,4
319,7, 535,5
328,7, 531,3
340,5, 525,8
331,2, 529,6
344,2, 514,2
324,7, 510,0
404,3, 426,4
668,5, 458,9
758,6, 441,4
804,8, 459,4
901,4, 457,0
1023,4, 471,1
3037,6, 311,4
3061,6, 180,3
3061,6, 180,3
3076,4, 174,2
3104,4, 175,9
3108,3, 176,2
3120,4, 203,5
3122,1, 204,6
3124,9, 212,9
3454,2, 183,7
3248,0, 362,6
3245,4, 375,8
3237,8, 367,0
3232,9, 375,9
3207,4, 386,9
3214,2, 376,2
3225,8, 373,3
3227,4, 377,5
3229,7, 387,3
3221,5, 393,3
3270,2, 363,9
3252,1, 363,6
3252,1, 363,6
1912,3, 408,0
1850,2, 399,6
1810,0, 394,5
1817,5, 393,2
1823,3, 369,4
1817,8, 347,0
1813,2, 336,3
1803,8, 317,6
1798,0, 306,4
1794,7, 302,4
1698,8, 296,0
1500,7, 260,5
-15,7, -6,0
-64,7, -25,7
-61,5, -30,2
-47,2, -12,8
-44,4, 2,8
-14,3, 46,3
74,5, 158,4
106,7, 180,5
119,9, 185,5
124,1, 207,6
95,5, 316,1
103,4, 325,0
123,6, 342,1
124,1, 344,9
170,1, 70,6
165,0, 164,8
200,6, 73,3
191,2, 111,4
209,6, 135,3
208,8, 179,2
223,2, 177,4
220,9, 200,3
224,5, 210,8
227,4, 247,0
275,2, 210,3
268,2, 219,1
297,6, 197,0
259,4, 272,6
292,9, 266,5
303,8, 270,5
318,0, 310,3
387,6, 253,6
367,1, 284,1
409,2, 231,9
348,3, 328,0
367,1, 265,8
330,4, 308,4
317,0, 261,8
277,3, 277,1
249,6, 255,2
208,2, 234,8
205,4, 211,9
212,0, 230,8
531,9, 296,5
597,7, 279,4
1273,8, 474,5
2004,7, 511,1
2066,8, 526,3
2098,0, 529,0
2076,7, 507,5
2109,7, 521,8
2129,6, 494,9
2169,4, 398,1
2169,3, 395,2
2263,1, 97,7
2146,1, 73,7
2185,0, 84,0
2197,4, 64,7
2179,4, 67,0
2163,7, 68,6
2092,7, 49,2
2093,1, 53,9
2098,4, 72,7
2088,8, 78,7
2086,5, 83,5
2078,9, 103,8
2081,5, 103,7
2084,3, 94,7
2075,9, 122,9
2082,2, 128,9
2082,7, 128,7
2086,0, 125,1
2086,7, 113,8
2090,3, 110,8
2091,0, 107,0
2095,5, 110,3
2101,2, 120,1
2099,7, 117,2
2099,4, 114,7
2097,5, 114,4
2097,8, 117,0
2091,4, 116,7
2094,6, 117,6
2107,4, 122,4
2177,3, 131,5
2252,6, 121,7
2522,1, 90,6
2682,3, 68,6
2892,8, 32,5
2962,7, 24,7
3327,0, -15,8
3285,5, 47,9
3460,1, 69,9
3448,1, 79,9
3568,3, 6,9
3515,8, 40,9
3546,0, 16,3
3559,7, 6,5
3575,4, -1,7
3591,7, 0,7
3592,8, 9,1
3585,7, 15,3
3477,3, 82,0
3236,2, 144,2
3089,2, 159,3
3189,4, 128,4
3113,7, 150,9
3084,9, 163,6
2971,0, 205,0
2954,3, 218,5
2915,5, 230,7
2797,3, 261,0
2796,8, 270,6
2792,9, 291,7
2789,5, 293,1
2753,7, 313,9
2727,3, 325,2
2705,7, 334,2
2698,9, 335,4
2650,1, 358,6
2649,5, 359,2
2642,8, 358,2
2642,4, 359,9
2634,5, 360,7
2632,8, 355,7
2624,5, 343,5
2614,8, 340,6
2436,1, 431,6
2433,3, 432,3
2404,1, 447,9
2397,9, 452,0
2386,7, 462,7
2388,2, 466,0
2388,8, 466,9
2388,7, 467,7
2388,3, 466,8
2384,2, 461,2
2381,8, 457,4
2349,6, 447,6
2209,7, 422,3
1780,2, 353,6
1618,0, 331,4
565,4, 271,9
36,1, 197,1
-6,3, 104,2
-31,2, 78,6
-31,2, 78,6
-291,9, -50,1
-291,9, -50,1
-174,8, 54,9
-188,8, 43,7
47,4, 177,7
-81,5, 92,4
-94,7, 69,5
-104,7, 102,8
-89,5, 106,9
-77,7, 110,3
-139,2, 114,7
-11,1, 169,0
-25,0, 167,9
23,3, 201,7
65,9, 214,0
77,2, 214,0
62,5, 225,6
43,5, 228,9
44,9, 229,5
49,3, 215,9
66,1, 241,0
66,1, 225,3
81,6, 234,9
51,1, 220,5
233,7, 282,8
307,3, 309,3
220,3, 276,3
354,4, 353,5
344,1, 348,4
286,3, 318,5
95,5, 210,5
83,2, 183,4
168,2, 211,0
139,2, 193,9
130,3, 154,9
60,4, 139,5
47,7, 127,8
144,9, 113,3
2791,9, 67,9
2795,2, 162,5
2803,5, 154,6
2813,4, 147,7
2818,4, 144,5
2822,9, 142,4
2827,2, 141,3
2833,0, 141,3
2832,7, 140,2
2836,3, 137,1
2838,3, 133,3
2848,7, 135,7
2887,9, 124,7
2898,0, 117,3
2888,1, 117,4
2914,7, 112,3
2832,4, 142,6
2778,8, 179,1
2688,7, 284,5
2611,6, 294,1
2595,9, 293,0
2612,4, 279,4
2615,4, 265,4
2677,8, 249,5
2645,5, 233,9
2674,3, 173,4
2730,9, 172,3
2740,6, 149,7
2749,2, 135,9
2975,2, 57,0
3176,0, 34,4
3155,4, 306,6
3159,3, 354,6
3149,8, 353,8
3156,9, 352,9
3146,3, 344,3
3139,6, 346,0
3211,5, 292,7
3196,8, 235,3
3205,2, 255,4
3194,5, 186,7
3193,9, 182,1
3193,9, 180,8
3231,8, 283,6
3240,3, 280,2
3250,2, 278,8
3226,8, 259,6
3243,4, 273,9
3102,9, 276,7
2502,6, 369,2
703,3, 378,1
632,3, 371,4
585,9, 350,1
578,4, 351,4
557,5, 351,1
550,7, 352,9
546,9, 392,4
546,4, 385,9
552,3, 369,7
553,7, 376,0
546,5, 398,5
541,3, 398,9
538,9, 399,9
538,5, 400,6
544,7, 400,1
549,7, 404,2
548,6, 389,6
547,0, 391,7
544,4, 394,6
535,2, 419,7
525,5, 462,5
515,9, 493,3
524,8, 447,1
537,8, 405,3
530,0, 398,4
525,4, 355,6
519,6, 334,1
528,1, 302,8
531,8, 279,9
529,0, 278,9
428,8, 245,0
340,7, 305,9
274,6, 349,9
237,1, 259,8
157,1, 55,2
154,3, 53,4
163,9, 42,1
161,9, 38,6
154,6, 39,4
155,1, 36,9
140,6, 8,6
143,2, -8,5
154,3, -11,5
172,6, -19,6
159,1, -26,9
164,6, -25,1
137,5, -66,9
111,9, -38,8
82,5, -43,9
97,5, 38,0
58,8, 39,7
94,4, 48,8
196,7, 73,0
203,9, 68,0
196,1, 34,9
-0,2, -38,0
97,2, -30,3
16,1, -58,3
94,5, -51,3
2,2, -70,3
57,2, -52,0
-41,3, -89,0
28,6, -60,6
-54,8, -101,5
37,9, -57,5
-99,0, -39,6
58,4, -9,9
177,0, 3,7
586,1, 14,2
898,3, 6,2
925,0, -28,0
940,6, -14,9
952,7, -0,1
980,2, -19,0
988,7, -11,0
991,6, -15,2
998,8, -14,9
1018,4, 3,0
1035,9, 10,7
1035,9, 6,5
1050,4, 2,4
1023,6, 33,2
1626,7, 261,8
1708,8, 249,1
1908,5, 237,2
1922,1, 244,5
1934,6, 245,1
1943,7, 243,8
1949,6, 257,0
1987,8, 245,7
2034,1, 227,3
2037,9, 224,8
2043,9, 216,0
2098,9, 160,5
2114,9, 149,2
2123,9, 129,0
2124,5, 123,2
2116,6, 128,4
2143,5, 142,7
2070,1, 172,2
2015,3, 196,8
1931,7, 233,6
1928,9, 236,5
1907,7, 254,7
1918,4, 258,3
1926,2, 263,4
1945,3, 272,7
1963,3, 298,5
2169,0, 1204,2
2248,8, 1673,5
2285,0, 1861,5
2275,3, 1805,4
2303,4, 2009,7
2319,4, 2128,4
2335,9, 2345,2
2347,8, 2482,0
2337,5, 2532,1
2351,1, 2536,2
2357,8, 2541,8
2373,0, 2552,5
2379,6, 2566,3
2379,7, 2565,5
2387,9, 2589,3
2394,7, 2612,0
2395,6, 2607,6
2388,8, 2607,2
2382,5, 2621,8
2329,0, 2599,2
2327,9, 2524,9
2335,5, 2447,4
2416,4, 2130,1
2790,0, 1069,8
3135,2, 480,5
3301,5, 253,2
3474,8, 34,7
3541,6, -16,8
3557,5, -2,9
3550,9, 12,2
3526,7, 40,1
3491,6, 74,4
3466,9, 91,2
3386,1, 166,3
3367,0, 198,8
3360,7, 206,4
3347,5, 217,5
3340,2, 202,2
3298,2, 109,3
3095,2, 162,7
2813,9, 220,1
2594,1, 275,3
2528,6, 304,1
2489,9, 325,0
2158,6, 427,1
2152,6, 425,9
2158,5, 387,4
2155,9, 370,6
2162,8, 337,5
2162,9, 297,8
2136,1, 295,9
2127,5, 295,1
1988,8, 280,2
1697,1, 241,9
1599,7, 224,4
1133,7, 152,0
965,1, 126,5
948,3, 123,1
407,1, 35,7
285,4, 12,1
282,2, 8,2
252,0, 1,8
178,0, -46,9
93,7, -89,6
41,1, -118,5
-36,2, -205,1
-1,6, -183,9
-15,1, -205,9
-31,1, -231,8
-31,1, -231,8
-31,1, -231,8
-5,7, -181,7
119,0, 46,5
175,0, 98,3
270,0, 200,6
302,9, 212,6
392,0, 311,4
356,4, 265,4
331,7, 266,5
346,9, 366,1
343,4, 366,7
302,8, 351,4
27,5, 234,1
76,3, 299,4
113,2, 343,5
133,2, 347,7
157,5, 372,7
316,9, 404,7
378,9, 408,9
356,7, 398,7
412,5, 395,8
394,3, 392,3
395,6, 391,4
323,7, 363,8
423,2, 272,9
428,6, 276,8
305,5, 260,2
287,6, 281,0
199,2, 230,6
207,8, 215,4
131,7, 165,0
168,0, 203,8
257,1, 132,2
439,9, 64,7
643,4, 79,8
726,7, 85,6
869,1, 110,2
956,3, 133,8
1292,4, 243,1
1884,1, 171,9
2181,6, 158,4
2259,6, 165,2
2349,8, 183,9
2400,0, 192,1
2414,6, 195,6
2431,9, 226,1
2435,5, 258,9
2438,0, 259,9
2441,9, 263,9
2462,3, 275,5
2496,6, 287,7
2522,6, 289,0
2548,8, 348,4
2698,0, 617,1
2746,1, 703,9
2805,5, 825,0
2838,8, 891,3
2978,4, 1159,8
3081,8, 1272,6
3244,8, 1423,4
3268,8, 1445,6
3260,0, 1445,5
3287,6, 1479,4
3361,3, 1560,5
3367,1, 1563,5
3367,8, 1563,2
3389,7, 1556,9
3531,5, 1512,3
3474,0, 1501,2
3457,5, 1498,4
3433,1, 1495,3
3423,0, 1496,3
3356,4, 1483,9
3343,4, 1492,0
3358,9, 1487,8
3355,7, 1488,9
3375,1, 1497,5
3379,5, 1490,2
3434,2, 1469,2
3431,5, 1469,2
3438,9, 1478,0
3426,8, 1484,1
3417,8, 1492,0
3412,4, 1492,2
3387,4, 1500,5
3370,0, 1497,0
3357,9, 1495,4
3356,2, 1512,6
3356,3, 1508,4
3349,3, 1512,8
3319,6, 1496,8
3315,1, 1495,0
3320,2, 1491,9
3322,3, 1493,1
3329,5, 1495,1
3343,5, 1502,0
3411,6, 1492,4
3408,4, 1496,2
3408,6, 1493,9
3428,0, 1485,3
3426,7, 1480,6
3373,6, 1477,4
3384,2, 1478,1
3385,4, 1476,1
3367,7, 1479,8
3327,1, 1491,1
3330,4, 1488,9
3347,9, 1494,2
3333,1, 1492,0
3320,1, 1495,2
3329,1, 1488,6
3317,3, 1491,2
3325,5, 1484,2
3324,8, 1481,1
3326,6, 1458,4
3326,5, 1448,6
3329,9, 1445,9
3328,5, 1440,1
3334,1, 1448,0
3378,4, 1451,0
3361,5, 1458,4
3344,7, 1452,5
3356,7, 1467,1
3361,8, 1469,7
3352,4, 1457,9
3368,0, 1478,9
3376,7, 1468,6
3377,5, 1478,3
3373,0, 1473,8
3354,5, 1456,9
3359,4, 1455,0
3345,1, 1446,7
3351,2, 1440,8
3353,5, 1451,8
3333,0, 1431,3
3370,0, 1440,8
3377,8, 1446,8
3366,7, 1445,3
3368,6, 1454,6
3377,0, 1462,5
3368,3, 1453,8
3376,7, 1473,2
3371,4, 1463,6
3367,3, 1458,0
3344,3, 1437,4
3337,4, 1424,3
3056,6, 1263,1
2879,8, 1150,3
2521,3, 907,7
2309,8, 756,4
1748,7, 385,4
1632,3, 321,7
1521,0, 292,2
890,1, 102,2
621,9, 32,3
476,3, 15,6
447,1, 16,6
436,5, 12,2
430,1, 20,7
379,4, -16,0
231,3, -81,7
262,3, -11,1
248,2, -77,6
208,2, -65,4
108,8, -29,2
66,1, -37,9
-32,3, -39,4
-173,0, -63,0
-212,7, -57,0
-208,3, -52,6
-156,5, -45,5
-101,4, -52,2
-95,4, -42,4
-99,1, -36,3
-91,5, -31,2
-94,2, 19,6
-62,5, 54,5
-75,6, 66,6
-88,2, 43,4
-79,6, 53,5
-75,6, 62,5
-84,3, 65,2
-88,0, 63,3
-87,9, 62,0
-87,9, 62,0
-128,5, 15,5
-163,0, -24,1
-149,8, -8,6
-146,2, -1,8
-55,9, 88,4
-32,3, 127,7
58,5, 217,2
140,5, 298,7
23,7, 260,0
86,4, 288,2
81,6, 286,9
173,7, 330,7
293,7, 335,3
347,4, 326,0
460,8, 255,8
569,2, 223,7
802,9, 87,1
1249,5, 292,9
1297,9, 312,0
1313,7, 296,9
1321,9, 289,5
1309,1, 234,6
1308,8, 224,2
1308,4, 219,4
1323,9, 207,5
1321,0, 185,6
1322,9, 172,4
1319,1, 168,2
1317,5, 158,8
1320,1, 161,2
1444,5, 260,6
1603,6, 361,8
1583,0, 1759,5
2071,1, 1778,0
2090,9, 1826,8
2165,5, 2042,6
2214,5, 2162,9
2236,0, 2223,2
2254,0, 2273,4
2320,8, 2518,0
2314,2, 2513,6
2316,2, 2521,8
2318,7, 2531,9
2323,4, 2554,9
2333,3, 2555,9
2332,0, 2555,2
2333,1, 2560,5
2325,8, 2512,0
2321,4, 2480,6
2325,9, 2495,5
2329,4, 2500,4
2341,8, 2548,1
2343,5, 2548,5
2371,7, 2434,3
2534,9, 1850,8
2670,9, 1512,1
2803,4, 1309,9
2964,9, 1065,8
3173,9, 808,3
3170,8, 777,6
3168,6, 776,2
3177,1, 779,4
3182,4, 776,7
3171,6, 770,1
3164,6, 768,3
3124,2, 749,9
3150,1, 750,0
3185,0, 746,3
3301,1, 735,3
3267,1, 738,5
3313,7, 734,7
3412,2, 735,3
3412,0, 735,5
3409,3, 738,5
3374,5, 767,6
3435,4, 788,9
3422,7, 789,2
3377,2, 799,1
3376,7, 810,5
3372,6, 814,3
3346,0, 828,1
3311,3, 852,7
3284,4, 858,8
3281,1, 883,6
3192,9, 907,9
3211,2, 906,1
3114,5, 936,1
2948,2, 967,5
2737,0, 995,8
2402,5, 1029,5
2267,2, 1043,3
2128,6, 1055,8
1924,0, 1079,2
1832,0, 1090,0
1782,7, 1095,1
1774,4, 1091,9
1742,6, 1090,2
1708,1, 1076,1
1640,2, 1055,9
-81,0, 762,3
-169,8, 723,8
-162,4, 721,5
-104,0, 732,8
-126,9, 732,2
-135,9, 731,3
-136,7, 733,0
-100,7, 741,6
-93,6, 742,6
-102,2, 737,9
-130,3, 726,9
-212,6, 696,5
-273,3, 673,0
-300,7, 656,4
-314,2, 647,4
-315,0, 644,5
-375,3, 547,1
-375,0, 553,6
-372,2, 537,7
-356,0, 483,7
22,1, 842,1
129,3, 1030,3
144,8, 1055,1
189,7, 1094,2
187,0, 1100,3
218,2, 1129,8
245,4, 1140,1
207,0, 1139,2
205,4, 1142,1
173,6, 1149,8
182,7, 1145,9
175,8, 1145,3
213,0, 1145,2
204,1, 1147,9
217,5, 1145,1
222,0, 1140,5
245,2, 1144,3
199,1, 1149,5
204,6, 1154,0
219,1, 1152,2
188,6, 1151,2
195,0, 1144,8
200,1, 1141,1
153,3, 1135,9
185,4, 1128,2
164,8, 1130,5
180,9, 1132,7
178,5, 1132,7
162,4, 1137,6
149,8, 1140,4
146,6, 1139,2
148,2, 1140,1
173,6, 1137,0
199,4, 1141,9
182,9, 1139,2
192,2, 1124,6
162,4, 1133,8
190,5, 1128,1
170,1, 1127,7
131,5, 1136,5
157,3, 1129,4
99,3, 1116,5
124,2, 1116,3
116,5, 1110,9
262,6, 1042,9
269,0, 1044,1
733,3, 918,1
809,9, 902,3
1070,2, 835,5
1254,0, 768,9
1343,7, 738,2
1395,1, 715,3
1543,2, 677,9
1988,8, 582,3
2345,2, 534,7
2381,7, 534,3
2397,5, 540,1
2428,8, 526,9
2475,5, 527,7
2502,8, 533,6
2602,3, 567,1
2587,9, 554,5
2598,9, 558,2
2616,3, 529,8
2611,4, 531,6
2724,4, 569,6
3375,5, 890,2
3393,9, 897,5
3372,1, 887,6
3440,1, 921,4
3410,4, 918,1
3390,5, 922,5
3361,3, 934,4
3328,7, 952,1
3321,8, 954,8
3306,1, 960,3
3257,3, 976,6
3247,6, 975,5
3251,9, 873,7
3248,2, 899,4
3289,7, 770,8
3245,5, 615,3
3189,6, 628,0
3169,8, 629,7
3155,1, 629,7
3103,4, 662,7
3037,0, 680,9
3054,3, 678,8
3034,6, 673,5
3044,4, 666,4
3049,7, 648,2
3049,6, 632,2
3040,5, 608,3
3040,8, 611,8
3004,5, 537,1
2954,1, 445,3
2943,3, 458,1
2926,0, 476,8
2874,8, 411,3
2865,2, 386,2
2861,0, 372,4
2866,5, 341,4
2866,2, 341,6
2843,6, 355,4
2825,0, 366,6
2519,7, 654,2
2350,4, 586,2
2272,7, 612,4
2115,4, 625,2
2160,7, 570,8
2144,0, 416,2
2195,8, 275,6
2207,7, 210,3
2011,9, 180,5
1898,7, 173,7
1462,8, 190,9
876,7, 237,2
642,6, 254,7
516,1, 389,4
563,1, 435,4
574,7, 469,2
689,3, 536,5
573,1, 516,0
525,0, 494,5
532,3, 480,9
473,1, 411,1
408,3, 366,0
382,6, 339,1
20,3, 464,3
-186,4, 426,3
-225,5, 439,1
-177,2, 463,2
-270,6, 416,5
-451,3, 326,9
-145,2, 408,5
-197,0, 438,8
11,6, 504,0
16,3, 535,1
146,7, 594,9
160,9, 598,0
239,8, 645,0
201,4, 682,8
221,2, 704,3
240,1, 708,0
194,5, 692,2
268,7, 706,6
275,2, 699,4
342,9, 700,9
310,8, 697,9
389,7, 701,7
295,4, 647,2
300,5, 635,4
219,3, 591,7
275,0, 606,2
235,2, 582,1
155,0, 549,1
218,9, 579,4
134,5, 550,7
193,0, 574,0
196,3, 554,2
255,9, 577,3
186,9, 531,5
242,8, 552,8
177,0, 518,0
240,3, 551,3
180,8, 522,2
242,3, 548,3
155,8, 480,3
276,8, 554,0
286,2, 410,1
411,8, 420,5
641,2, 377,1
694,1, 355,4
741,0, 328,9
1145,5, 229,6
1169,0, 220,8
1267,2, 147,1
1303,1, 111,2
1300,2, 87,0
1274,6, -12,4
1315,3, -28,3
1301,4, -58,8
1293,8, -67,6
1258,9, -98,1
1257,3, -83,0
1228,4, 56,8
1222,2, 73,8
1220,3, 43,6
1217,4, 101,9
1212,3, 106,7
1209,7, 108,1
1209,5, 109,7
1218,9, 106,7
1231,8, 115,1
1277,0, 116,7
2387,6, 203,4
3221,9, 240,0
3339,1, 120,6
3347,3, 106,9
3397,9, 40,4
3368,4, 60,4
3384,1, 43,2
3351,2, 85,1
3384,4, 51,5
3270,5, 224,2
2944,2, 881,0
2691,6, 1425,3
2577,2, 1682,4
2484,9, 1930,5
2456,8, 1992,5
2445,4, 2004,6
2293,6, 2351,6
2277,0, 2377,2
2276,9, 2415,5
2276,2, 2514,3
2266,8, 2517,1
2269,6, 2518,0
2282,9, 2540,8
2282,4, 2539,4
2278,0, 2521,2
2346,1, 2524,4
2342,0, 2527,2
2353,7, 2536,2
2367,6, 2542,8
2364,8, 2539,7
2364,3, 2539,5
2359,4, 2537,6
2364,8, 2556,5
2363,2, 2559,5
2364,1, 2551,2
2367,0, 2553,4
2357,6, 2513,3
2357,3, 1878,5
2342,5, 1891,3
2513,4, 1238,1
2705,9, 938,5
2901,8, 761,0
2938,2, 719,5
2893,5, 764,2
2978,7, 731,7
3021,7, 700,1
3041,0, 706,6
3175,3, 628,5
3189,6, 616,1
3249,7, 590,9
3262,7, 591,8
3265,3, 590,5
3247,3, 598,6
3166,8, 651,4
3173,4, 651,3
3131,1, 658,8
3162,3, 650,0
3121,7, 679,4
3094,3, 692,7
3118,7, 665,8
3120,3, 662,6
3079,7, 678,8
3058,5, 667,0
3067,2, 655,3
2887,7, 705,6
2212,3, 898,4
2217,9, 897,2
2308,5, 868,4
2163,4, 909,2
2085,9, 929,5
2087,2, 925,2
2087,7, 921,9
2087,1, 918,7
2080,1, 917,1
2033,4, 915,7
2046,5, 913,0
1991,4, 907,0
488,3, 836,7
110,6, 792,6
94,6, 795,9
93,0, 797,6
101,1, 799,8
99,5, 799,9
121,6, 795,0
122,9, 795,4
120,3, 797,3
112,8, 805,4
112,9, 805,8
110,0, 807,4
117,2, 811,0
120,1, 814,0
123,1, 813,8
133,3, 811,1
127,2, 811,3
127,4, 810,9
134,3, 816,4
132,0, 831,0
157,0, 843,1
154,3, 838,5
156,4, 838,1
202,5, 927,9
65,6, 1001,2
114,5, 979,4
46,0, 1009,5
72,7, 1013,1
76,5, 1010,8
118,5, 1019,6
74,8, 1006,6
39,2, 962,1
66,3, 964,0
37,1, 920,0
80,0, 928,2
57,2, 903,2
6,2, 871,7
47,1, 884,0
-10,4, 850,5
11,0, 858,0
16,1, 846,8
45,4, 858,2
-7,0, 824,8
27,1, 838,2
-26,7, 815,5
12,8, 829,3
-27,9, 815,6
20,9, 833,9
-7,7, 824,6
-68,5, 799,7
-37,5, 807,0
-48,6, 799,6
18,9, 818,6
6,5, 821,6
-46,0, 817,9
7,1, 830,7
-31,6, 821,5
12,7, 832,5
15,2, 843,3
55,2, 871,0
-11,5, 942,4
35,0, 964,5
7,8, 979,5
53,7, 974,6
21,7, 981,8
61,7, 983,4
85,5, 959,5
150,8, 983,9
203,8, 1010,0
288,7, 1027,7
638,5, 1103,3
830,4, 1139,0
845,1, 1141,8
869,1, 1142,9
874,7, 1143,1
891,6, 1142,9
898,5, 1144,0
938,4, 1137,4
1019,5, 1123,6
3168,1, 1452,0
3157,8, 1449,4
3138,0, 1464,5
3117,0, 1470,8
3115,6, 1473,7
3108,7, 1479,4
3169,4, 1481,7
3374,7, 1481,5
3471,5, 1473,8
3485,9, 1473,4
3524,7, 1471,3
3524,8, 1474,0
3543,8, 1481,0
3544,1, 1485,9
3542,9, 1495,3
3530,1, 1498,1
3521,7, 1499,8
3493,4, 1504,7
3493,5, 1513,8
3489,1, 1514,8
3487,8, 1516,3
3483,6, 1520,0
3475,5, 1514,2
3465,0, 1507,1
3454,7, 1504,4
3454,5, 1504,1
3516,3, 1520,9
3463,4, 1502,9
3463,3, 1434,6
3418,4, 1283,9
3413,3, 1262,4
3386,7, 1401,2
3361,6, 1509,7
3347,9, 1486,0
3338,6, 1489,3
3367,0, 1513,0
3380,3, 1520,5
3402,4, 1522,0
3417,4, 1523,3
3460,7, 1528,5
3474,3, 1529,7
3509,5, 1526,2
3506,9, 1525,5
3502,4, 1523,9
3441,9, 1514,1
3431,0, 1515,9
3431,4, 1518,9
3419,8, 1529,1
3410,7, 1528,1
3388,1, 1514,5
3387,2, 1517,4
3206,4, 1510,5
3219,9, 1510,2
3219,6, 1508,7
3197,3, 1519,7
3202,9, 1518,2
3204,9, 1516,4
3206,0, 1515,7
3209,5, 1515,2
3211,0, 1515,2
3209,8, 1516,1
3215,4, 1505,1
3204,7, 1496,8
3209,3, 1507,4
3206,5, 1431,9
3203,8, 1438,3
3204,1, 1471,5
3200,2, 1497,7
3192,2, 1506,9
3198,5, 1507,8
3204,3, 1507,3
3203,5, 1504,5
3210,9, 1506,6
3209,3, 1507,7
3208,2, 1509,3
3190,0, 1513,0
3154,2, 1501,7
2939,6, 1447,4
2677,6, 1389,9
1966,4, 1236,6
1911,5, 1225,5
1808,4, 1202,4
1806,3, 1197,9
1803,2, 1195,5
1766,9, 1162,7
1752,5, 1160,6
1730,2, 1160,8
1717,2, 1155,8
1687,5, 1154,8
1498,4, 1138,5
926,6, 1134,3
472,3, 1131,8
379,2, 1127,0
346,1, 1124,9
179,5, 1122,3
117,0, 1116,2
121,0, 1121,8
120,7, 1122,6
116,7, 1117,2
106,3, 1120,6
85,3, 1125,6
85,8, 1127,7
99,6, 1126,4
96,4, 1127,6
76,6, 1133,9
63,0, 1142,2
45,0, 1160,6
29,7, 1167,5
23,3, 1168,4
7,3, 1199,5
11,4, 1206,9
46,7, 1213,8
77,5, 1218,8
85,3, 1218,4
86,7, 1216,2
102,3, 1217,5
109,1, 1208,3
129,5, 1197,4
137,6, 1191,4
144,8, 1189,8
149,9, 1189,3
167,2, 1181,9
160,4, 1167,2
162,5, 1167,4
162,1, 1154,2
163,9, 1150,7
163,5, 1147,0
165,1, 1124,2
157,8, 1121,7
154,6, 1118,6
142,4, 1110,7
132,1, 1102,2
133,9, 1100,1
144,1, 1098,1
172,1, 1091,4
166,9, 1094,5
182,0, 1095,0
228,6, 1096,3
237,6, 1096,6
245,3, 1098,7
243,2, 1097,1
200,3, 1107,7
194,9, 1114,8
199,8, 1113,9
225,2, 1115,0
234,8, 1117,4
244,4, 1117,4
232,7, 1115,3
236,3, 1114,8
251,6, 1111,8
284,4, 1036,5
3436,6, 1505,7
3356,6, 1506,2
3312,3, 1515,4
3344,1, 1511,5
3339,9, 1518,5
3356,8, 1536,1
3350,3, 1534,7
3400,0, 1541,5
3391,5, 1542,4
3395,2, 1535,6
3398,3, 1534,2
3383,6, 1534,9
3358,9, 1533,1
3359,4, 1532,4
3347,3, 1548,6
3350,0, 1544,7
3354,1, 1530,7
3352,0, 1534,5
2520,8, 1103,8
2732,1, 1352,8
2581,4, 1217,8
2795,0, 1438,6
2302,6, 1512,4
1927,7, 1519,3
1889,3, 1520,1
1955,4, 1540,1
1961,1, 1541,9
1960,5, 1539,6
1906,8, 1474,9
1889,8, 1470,5
1832,7, 1468,3
1795,7, 1466,8
1789,3, 1468,5
1781,3, 1467,6
1810,0, 1446,5
1807,6, 1438,1
1799,5, 1416,2
1799,8, 1389,8
1807,3, 1395,2
1793,5, 1389,2
1771,0, 1424,5
1756,8, 1446,7
1741,0, 1444,9
1729,2, 1447,2
1729,1, 1445,4
1723,1, 1432,7
1739,1, 1429,4
1750,3, 1428,0
1734,0, 1416,6
1723,3, 1418,9
1726,9, 1424,9
1724,8, 1424,7
1704,8, 1408,0
1718,2, 1419,4
1715,6, 1425,0
1723,2, 1437,1
1727,9, 1450,5
1729,0, 1448,4
1749,6, 1440,5
1767,0, 1425,8
1773,6, 1417,6
1767,2, 1424,2
1767,2, 1424,0
1782,1, 1424,9
1792,8, 1426,0
1792,0, 1425,0
1764,3, 1416,3
1746,0, 1409,4
1730,1, 1407,8
1673,6, 1374,7
1605,4, 1362,0
1081,8, 1214,9
945,7, 1171,9
539,5, 1059,0
295,7, 984,6
122,8, 935,8
8,4, 903,6
-12,2, 885,7
-52,1, 869,5
-67,6, 872,5
-60,4, 879,9
-45,3, 888,3
27,8, 912,7
20,4, 916,8
26,9, 919,5
49,5, 927,2
79,3, 935,8
94,0, 940,8
79,9, 932,2
86,7, 931,7
70,3, 901,9
173,7, 868,9
564,0, 881,5
782,5, 876,5
1002,9, 890,5
1032,4, 898,2
1196,9, 932,4
1338,7, 963,6
1345,1, 961,4
1700,8, 999,6
1678,5, 1023,2
1683,7, 1018,7
1675,5, 1019,7
1631,3, 1028,3
1593,0, 1034,6
1266,4, 1003,6
1153,0, 998,8
721,7, 975,3
177,4, 945,9
129,5, 939,2
123,0, 927,7
95,6, 931,9
102,5, 915,9
112,8, 930,2
146,1, 959,3
213,5, 980,7
199,9, 984,7
208,5, 991,2
151,8, 973,7
134,6, 966,6
92,5, 951,3
89,3, 950,4
79,6, 950,6
80,6, 952,9
53,3, 946,7
50,4, 945,4
36,4, 937,7
40,4, 929,6
3,9, 911,3
15,3, 914,9
-58,6, 894,2
-52,6, 891,5
-63,3, 886,5
-121,3, 851,7
-107,5, 856,5
-121,7, 860,3
-101,5, 853,8
-117,1, 849,5
-147,8, 841,4
-123,6, 848,6
210,8, 1017,6
289,6, 1051,4
372,6, 1088,5
464,9, 1127,9
633,5, 1027,8
676,0, 896,6
944,3, 660,0
1077,1, 586,1
1163,6, 546,6
1502,6, 481,2
1538,3, 504,2
1631,2, 516,7
1786,5, 491,4
1909,8, 460,5
2060,2, 303,6
2033,8, 368,4
2051,4, 318,5
2076,1, 241,8
2161,6, 115,5
2161,0, 116,2
2158,0, 102,5
2169,2, 102,0
2343,3, 90,2
2475,6, 69,2
2543,6, 73,2
2709,2, 82,2
2817,6, 91,0
2853,0, 96,3
2912,6, 99,8
2937,6, 110,4
2966,2, 122,6
2978,9, 142,9
2983,4, 136,4
2985,0, 153,3
2967,3, 185,1
2971,3, 162,1
2937,4, 192,1
2934,3, 190,8
2939,8, 207,8
2931,5, 216,5
2939,1, 223,8
2945,7, 233,4
2948,4, 234,1
2940,7, 239,0
2915,2, 247,5
2916,4, 249,4
2932,8, 252,1
2922,1, 254,7
2932,3, 255,2
2897,4, 266,7
2911,2, 263,3
2880,5, 268,2
2909,5, 261,3
2890,8, 270,3
2865,4, 279,3
2864,3, 275,3
3151,2, 161,0
3471,1, 66,9
3339,9, 113,3
3291,0, 137,6
3372,0, 92,9
3323,3, 76,3
3360,9, 42,7
3242,6, 73,4
3329,2, 46,1
3200,1, 242,6
3251,5, 215,3
3240,2, 251,7
3125,6, 321,1
3139,1, 315,3
3149,8, 323,6
3145,1, 342,3
3171,2, 374,5
3150,9, 427,7
3134,5, 419,1
3130,5, 417,9
3123,5, 424,0
3115,8, 418,2
3111,3, 418,5
3108,7, 422,6
3119,5, 436,3
3112,7, 445,1
3127,8, 401,3
3105,6, 437,5
3101,7, 447,7
3137,8, 426,8
3100,1, 433,4
2999,6, 375,8
2707,3, 413,4
2515,5, 435,3
2312,2, 441,8
2179,4, 469,8
2175,2, 448,3
2173,0, 414,2
2149,7, 342,5
2099,1, 289,4
2103,3, 293,3
1120,3, 95,1
863,0, 57,7
642,4, 85,5
787,8, 63,5
165,8, 134,6
148,5, 95,7
133,8, 66,1
134,9, 92,1
129,1, 86,7
55,7, 52,5
32,9, 47,7
14,8, 54,7
-0,5, 51,1
-2,2, 74,1
52,4, 172,5
151,1, 261,1
264,3, 327,9
307,4, 322,5
655,5, 274,9
746,2, 243,5
775,2, 237,7
782,1, 228,9
810,8, 226,1
856,4, 206,3
856,2, 184,2
838,1, 173,5
815,2, 137,3
800,3, 112,2
803,6, 114,1
755,8, 57,8
790,6, 91,1
814,0, 113,1
808,5, 111,9
782,3, 83,3
812,8, 126,8
842,8, 147,5
827,7, 143,5
845,2, 150,4
858,6, 154,6
856,5, 154,6
854,6, 155,5
842,5, 156,8
831,6, 155,1
795,4, 127,7
773,2, 90,3
735,4, 91,7
578,4, 59,8
387,0, 60,0
359,1, 84,6
274,9, 64,0
173,4, 74,5
222,7, 106,8
197,0, 157,8
359,4, 305,8
354,7, 303,4
341,3, 316,3
343,8, 318,8
346,4, 320,0
351,3, 314,1
351,2, 315,0
343,6, 326,2
341,2, 310,3
343,2, 312,7
343,3, 306,7
443,5, 290,6
613,8, 347,8
729,3, 370,5
1324,9, 495,2
1528,4, 527,1
1456,0, 515,3
1481,0, 533,1
1526,9, 530,9
1652,2, 497,4
1784,7, 473,2
1811,1, 477,4
1909,2, 477,4
1906,3, 488,2
1901,1, 490,4
1959,9, 487,3
1992,4, 480,9
1996,5, 478,9
2000,4, 470,3
2008,6, 466,6
2017,1, 459,8
2019,3, 457,1
2028,1, 452,5
2212,3, 401,1
3769,4, 487,7
3714,2, 527,4
3650,1, 580,0
3635,0, 591,4
3620,2, 598,0
3594,4, 610,1
3534,3, 634,3
3508,5, 634,1
3488,0, 644,5
3466,0, 648,9
3468,5, 645,4
3471,8, 648,9
3473,2, 645,6
3495,3, 641,0
3497,0, 642,7
3507,1, 639,9
3505,0, 641,0
3599,3, 610,4
3607,1, 582,4
3596,2, 575,0
3578,3, 581,3
3510,7, 612,2
3459,4, 633,6
3451,4, 637,3
3398,5, 662,5
3380,7, 668,2
3311,9, 699,9
3285,2, 719,5
3121,5, 839,0
3091,5, 841,9
3087,9, 849,4
3066,4, 867,8
3058,9, 872,6
3011,3, 898,2
3005,1, 899,4
2987,8, 898,1
2962,6, 873,7
2965,3, 884,2
2388,8, 1544,9
2392,5, 1609,6
2389,9, 1760,0
2343,2, 1988,0
2330,4, 2063,2
2353,6, 2299,8
2347,9, 2637,5
2309,6, 2584,2
2325,4, 2637,2
2339,3, 2685,6
2340,0, 2673,6
2341,6, 2679,6
2342,8, 2660,5
2340,5, 2657,9
2337,5, 2656,4
2333,3, 2637,0
2325,0, 2625,8
2323,5, 2622,1
2330,0, 2630,3
2332,5, 2635,8
2335,4, 2649,0
2339,3, 2663,9
2336,9, 2648,1
2328,0, 2672,8
2266,6, 2635,1
2205,1, 2599,5
1306,2, 1510,1
693,3, 853,2
566,7, 726,3
442,3, 635,7
364,7, 586,4
336,5, 571,7
85,2, 422,5
140,8, 450,2
89,6, 433,3
92,1, 427,0
76,9, 397,2
0,1, 339,7
-13,7, 331,9
-44,2, 311,9
-203,7, 205,3
-214,5, 193,9
-232,4, 180,9
-235,8, 177,2
-239,0, 172,4
-345,2, 67,2
-342,0, 53,2
-355,7, 37,3
-344,8, 211,5
-127,8, 604,6
36,0, 757,8
121,0, 812,8
102,4, 808,8
95,5, 803,0
108,3, 806,7
52,5, 819,6
104,6, 823,5
115,3, 840,9
178,1, 864,4
159,0, 861,6
186,8, 870,5
139,4, 861,7
176,5, 871,3
132,7, 861,8
167,0, 868,9
124,0, 856,7
78,5, 870,5
89,2, 873,3
82,7, 883,4
128,6, 891,2
112,7, 890,7
79,4, 882,6
128,6, 904,0
53,8, 880,4
63,4, 881,7
68,4, 883,1
95,4, 885,7
49,9, 861,7
80,2, 864,8
52,1, 850,6
77,3, 835,1
37,0, 813,5
63,0, 820,4
38,0, 792,9
17,4, 752,0
47,2, 758,9
20,5, 736,1
67,4, 740,8
43,6, 719,6
-6,1, 698,9
43,3, 713,5
2,7, 703,9
49,2, 712,9
52,4, 707,4
96,4, 715,4
45,2, 702,5
93,4, 713,4
62,2, 707,9
60,9, 672,5
155,5, 667,6
271,9, 665,9
530,7, 654,4
1385,7, 527,8
1385,7, 527,8
2280,9, 557,5
2510,5, 536,4
2656,7, 545,9
2789,3, 568,6
2845,5, 577,0
2938,7, 584,7
2907,2, 584,1
2837,1, 533,4
2709,2, 449,5
2564,0, 403,3
2530,8, 394,5
2494,2, 391,2
2446,6, 391,7
2511,9, 337,9
2479,8, 345,6
2515,0, 244,3
2533,0, 187,3
2518,1, 0,8
2533,9, -31,8
2535,9, -52,5
2517,7, -15,5
2550,0, -12,2
2538,5, 1,1
2552,4, -8,2
2552,8, -7,6
2542,3, 6,3
2558,8, -7,4
2563,9, -26,3
2542,6, 1,9
2557,9, -4,7
2559,3, -6,1
2568,1, -16,4
2566,8, -2,6
2532,7, 38,2
2546,4, 22,2
2528,9, 46,6
2602,5, 40,1
2711,1, 24,0
2711,1, 24,0
2403,2, 119,6
3077,4, 480,6
3090,7, 493,7
3090,7, 493,7
3123,2, 367,6
3132,4, 343,9
3137,9, 340,1
3138,2, 338,8
3105,7, 449,7
3100,6, 450,4
3070,2, 459,7
3066,2, 460,9
2848,1, 624,6
2738,7, 850,8
2716,8, 869,1
2477,1, 1360,4
2271,6, 1779,8
2271,9, 1770,6
2219,7, 1864,3
2211,6, 1853,7
2203,6, 1851,6
2087,4, 2014,3
2079,2, 2094,0
2096,2, 2149,4
2141,5, 2231,8
2136,5, 2235,4
2179,3, 2333,0
2226,7, 2422,9
2239,3, 2452,5
2266,7, 2505,7
2292,0, 2556,8
2303,8, 2589,0
2335,7, 2607,1
2328,1, 2611,9
2326,0, 2608,9
2323,1, 2601,7
2322,1, 2597,7
2313,4, 2597,1
2314,8, 2595,0
2305,7, 2590,4
2194,0, 2445,3
1941,5, 2099,4
1115,7, 1095,2
540,6, 440,9
251,8, 295,8
-63,7, 128,1
-63,1, 135,9
-62,7, 142,1
-89,2, 142,2
-249,7, 70,4
-258,3, 70,7
-258,5, 67,1
-259,4, 64,9
-306,8, 9,4
-311,2, 2,0
-328,9, -18,6
-289,2, -90,2
-348,6, -209,5
-340,0, -241,3
-340,0, -241,3
-340,0, -241,3
-340,0, -241,3
-363,6, -246,8
-391,5, -257,8
-378,4, -271,1
-372,7, -276,9
-372,7, -276,9
-256,6, -263,4
961,1, 87,5
2683,1, 1124,4
2655,2, 1155,7
2655,2, 1155,7
2679,5, 1164,7
2254,4, 643,6
2505,0, 902,8
1907,5, 2079,7
2096,2, 2109,9
2146,6, 2187,5
2167,0, 2210,9
2286,1, 2555,9
2403,8, 2658,3
2440,3, 2682,2
2421,1, 2640,1
2420,5, 2642,5
2417,4, 2666,1
2444,6, 2695,7
2461,6, 2720,4
2432,2, 2652,6
2431,3, 2645,8
2358,6, 2509,8
2381,7, 2389,2
3726,3, 338,7
3605,6, 419,4
3551,1, 473,7
3538,6, 484,6
3559,6, 509,4
3481,3, 530,6
3413,1, 605,8
3403,2, 611,5
3322,6, 666,6
3185,1, 710,9
3190,6, 718,5
3179,0, 730,7
3115,5, 757,1
3121,4, 756,7
3112,6, 771,6
3154,9, 760,4
3193,2, 738,4
3192,6, 740,6
3200,0, 730,2
3166,8, 746,9
3178,8, 771,4
3174,1, 769,4
3151,8, 778,5
3170,3, 776,9
3165,5, 780,4
3158,2, 781,7
3154,9, 797,1
3134,6, 800,1
3136,0, 805,5
3126,4, 807,8
3101,0, 809,6
3020,5, 833,5
3055,3, 824,9
2902,7, 842,4
2391,2, 930,6
2111,7, 987,2
1983,9, 1007,2
1750,1, 1048,2
1909,2, 1017,7
1819,5, 1031,4
1628,8, 1061,3
1601,9, 1074,7
1603,8, 1071,9
1614,7, 1051,6
1578,9, 1050,7
-12,5, 663,2
7,7, 709,8
-93,6, 683,5
-140,8, 653,2
-228,6, 622,7
-172,9, 648,2
-140,3, 663,6
-246,6, 615,5
-252,6, 610,5
-385,6, 537,3
-443,9, 500,7
-474,1, 481,3
-515,7, 457,2
-476,6, 480,8
-337,7, 525,3
-274,0, 562,0
-190,6, 600,0
-19,7, 690,9
152,6, 787,4
310,6, 872,0
343,4, 887,6
360,4, 896,2
357,9, 891,2
359,6, 891,6
368,9, 896,5
376,9, 902,4
379,4, 903,5
382,9, 904,6
381,5, 905,3
373,8, 908,2
367,6, 913,9
359,9, 925,8
359,3, 937,9
364,2, 945,4
385,3, 954,0
390,4, 953,4
382,6, 938,6
378,0, 927,8
374,4, 920,7
363,6, 916,0
351,1, 914,2
301,4, 903,4
261,5, 887,7
250,3, 884,7
237,3, 888,3
229,2, 886,8
226,1, 878,8
225,2, 881,0
212,7, 852,4
201,7, 821,4
183,5, 801,7
173,6, 788,1
160,4, 776,3
159,0, 774,2
149,1, 748,5
142,9, 753,0
224,3, 667,0
280,8, 646,4
419,9, 614,7
1047,8, 447,2
1188,9, 409,5
1247,0, 398,2
1353,6, 362,6
1810,3, 197,4
1936,9, 143,2
1940,6, 140,4
1962,6, 108,2
1964,6, 119,3
1958,1, 115,3
1955,1, 96,2
1951,3, 89,5
1950,5, 86,6
1946,3, 91,7
1942,8, 95,5
1958,3, 84,5
1951,0, 84,0
1955,8, 85,1
1965,7, 82,5
1977,7, 73,9
1980,4, 44,8
1976,2, 46,9
1992,5, 27,0
1996,3, 12,4
1997,8, 24,3
1998,3, 25,6
2004,5, 23,4
2008,3, 29,8
2013,0, 31,1
2016,9, 31,3
2018,8, 29,8
2021,1, 29,6
2022,1, 29,7
2021,2, 29,4
2022,7, 32,7
2022,3, 29,3
2020,7, 25,6
2011,2, 25,4
2013,2, 25,1
2016,6, 27,8
2020,8, 31,4
2021,5, 31,5
2030,0, 34,6
2033,4, 34,8
2182,2, 43,7
2670,0, 68,7
2892,9, 60,7
2956,1, 65,1
2978,2, 108,4
2994,2, 109,4
3051,5, 98,0
3031,4, 103,9
3017,9, 106,8
2980,1, 122,9
2975,6, 117,4
2960,3, 130,8
2969,2, 124,8
2964,4, 136,4
2927,3, 134,3
2927,9, 134,2
2931,3, 137,1
2931,6, 97,6
2926,6, 89,7
2922,2, 118,2
2945,9, 137,4
2928,1, 151,5
3356,1, 9,4
3439,0, 61,6
3549,4, 53,7
3565,3, 50,5
3340,2, 161,5
3354,6, 260,8
3350,6, 261,1
3359,7, 232,8
3367,1, 345,9
3354,1, 373,4
3347,6, 375,8
3369,9, 357,7
3324,8, 354,7
3324,8, 354,7
1931,7, 522,5
1760,8, 538,6
1715,2, 526,3
1490,3, 493,2
1225,7, 366,9
1070,7, 243,2
1001,5, 228,2
947,3, 189,7
911,0, 166,2
910,7, 168,5
888,4, 160,9
866,9, 153,8
834,5, 127,9
764,9, 120,9
797,0, 108,9
455,8, 62,0
400,5, 53,4
-115,5, -5,9
-113,2, -4,4
-65,2, 30,8
-58,3, 43,3
-56,0, 49,8
52,1, 182,3
70,3, 191,8
91,3, 204,5
82,0, 202,8
121,4, 214,2
117,2, 214,7
133,7, 224,9
148,7, 218,6
330,1, 230,8
461,6, 241,4
495,4, 260,0
555,6, 296,8
612,7, 332,8
569,2, 295,5
606,4, 314,8
561,4, 266,7
565,6, 306,7
614,8, 346,1
607,9, 344,4
604,9, 335,2
624,5, 332,6
639,9, 317,7
641,3, 305,3
619,9, 287,7
610,9, 283,4
622,7, 274,8
619,6, 277,2
619,8, 283,1
645,4, 295,1
648,0, 328,2
661,4, 332,5
665,6, 341,4
646,2, 347,5
625,3, 366,5
572,0, 368,8
410,3, 341,4
349,6, 344,9
332,8, 359,5
296,2, 344,5
265,2, 369,0
271,1, 350,9
268,3, 369,6
248,6, 402,3
265,2, 399,1
267,3, 407,5
277,4, 437,5
289,6, 443,6
293,2, 441,0
330,0, 442,2
352,1, 465,3
321,9, 482,8
328,1, 483,6
351,7, 477,6
329,3, 487,7
317,9, 495,7
326,0, 497,3
313,8, 502,1
339,4, 502,5
321,9, 505,2
331,7, 507,3
341,6, 508,8
325,7, 516,2
336,8, 515,9
343,5, 515,8
319,1, 511,1
326,6, 510,0
319,5, 507,5
336,2, 506,4
340,7, 504,7
329,3, 497,8
345,6, 491,6
350,8, 484,8
313,1, 506,2
318,9, 516,3
319,6, 557,6
320,8, 615,6
316,6, 639,1
400,9, 899,0
407,1, 941,9
334,7, 949,2
343,2, 949,5
344,5, 941,4
314,9, 925,5
329,5, 909,5
330,9, 910,8
250,2, 842,8
238,4, 798,4
238,0, 799,6
205,6, 791,5
192,6, 790,6
182,3, 776,3
187,3, 778,1
244,1, 793,4
263,9, 826,4
318,8, 834,9
314,6, 844,5
364,3, 846,0
364,3, 851,5
399,6, 855,8
364,6, 858,6
359,7, 858,1
373,6, 853,4
335,1, 856,2
338,9, 854,3
344,3, 853,3
318,0, 858,5
339,4, 855,7
335,5, 859,3
339,0, 861,1
349,0, 861,5
324,9, 869,0
340,6, 867,9
330,0, 870,9
337,9, 869,2
341,7, 872,7
379,4, 870,8
435,9, 876,0
548,1, 907,1
648,5, 932,4
1086,2, 1039,5
1254,7, 1068,2
1305,5, 1076,3
1383,1, 1091,5
1540,5, 1101,0
1562,0, 1038,4
1568,1, 1030,6
1575,6, 1034,3
1593,6, 1020,3
1597,6, 1018,8
1611,3, 1024,0
2273,5, 1434,6
2242,4, 1431,6
2225,2, 1438,0
2217,0, 1440,5
2221,5, 1440,3
2228,9, 1438,1
2240,3, 1439,0
2291,4, 1448,1
2292,7, 1451,8
2290,2, 1451,0
2294,9, 1455,6
2290,3, 1463,3
2282,4, 1459,1
2286,2, 1501,3
2340,4, 2417,2
2335,2, 2446,4
2324,1, 2488,2
2314,8, 2517,8
2311,9, 2539,9
2315,1, 2591,7
2332,1, 2612,6
2323,9, 2605,8
2331,1, 2626,6
2335,5, 2621,3
2334,2, 2609,6
2329,1, 2604,8
2330,8, 2610,4
2331,8, 2609,6
2329,9, 2601,2
2334,9, 2576,0
2341,3, 2553,8
2343,7, 2551,9
2347,3, 2550,0
2404,9, 2566,5
2399,2, 2523,9
2383,1, 2519,4
2391,2, 2557,5
2402,5, 2564,3
2410,8, 2568,1
2600,4, 2150,8
2635,7, 2117,9
2919,9, 1692,3
3095,8, 1483,8
3124,6, 1455,0
3219,2, 1340,3
3229,0, 1332,1
3253,7, 1309,3
3265,0, 1297,4
3253,5, 1295,9
3256,7, 1296,6
3236,9, 1295,6
3220,5, 1291,8
3219,5, 1293,5
3201,3, 1290,2
3171,3, 1287,3
3320,3, 1279,2
3214,1, 1288,8
3277,0, 1278,1
3353,9, 1267,0
3277,5, 1259,0
3265,7, 1258,9
3241,2, 1258,8
3241,2, 1264,2
3168,3, 1242,2
3167,6, 1240,8
3070,9, 1244,2
3067,9, 1247,1
2750,5, 1277,8
2540,2, 1294,1
2309,2, 1315,7
2312,4, 1315,5
2339,3, 1326,1
2333,5, 1324,7
2317,5, 1313,8
2322,2, 1323,8
29,7, 1303,6
61,1, 1322,6
60,7, 1321,7
60,3, 1321,0
58,2, 1321,3
48,5, 1323,1
8,4, 1334,9
-156,5, 1387,7
-143,3, 1396,3
-148,1, 1404,8
-140,2, 1415,1
-166,4, 1415,8
-193,5, 1414,2
-246,5, 1403,4
-244,1, 1403,0
-262,0, 1401,5
-284,2, 1406,7
-276,7, 1405,1
-266,5, 1410,0
-229,4, 1411,3
-186,2, 1417,2
-82,6, 1426,4
27,5, 1434,9
96,5, 1438,0
96,7, 1428,7
100,9, 1429,0
99,5, 1419,1
108,3, 1414,6
91,0, 1392,0
88,4, 1388,2
93,2, 1386,0
91,2, 1385,0
98,8, 1383,6
107,6, 1390,4
112,8, 1392,2
119,7, 1395,4
117,0, 1396,0
116,9, 1396,2
113,9, 1394,4
109,5, 1388,4
101,2, 1385,6
96,2, 1384,0
103,7, 1382,1
105,6, 1382,1
109,0, 1371,7
112,1, 1368,2
115,8, 1359,4
133,6, 1347,0
136,1, 1342,4
136,8, 1340,3
137,1, 1322,6
134,1, 1320,4
142,5, 1296,6
133,8, 1268,6
131,2, 1271,7
138,1, 1210,4
134,6, 1222,8
110,7, 1194,7
119,0, 1177,2
129,9, 1183,4
144,1, 1183,3
172,0, 1187,6
166,8, 1189,2
145,1, 1184,0
121,1, 1173,8
104,5, 1165,5
88,2, 1147,0
85,0, 1146,9
80,9, 1143,3
103,5, 1126,6
354,4, 1050,4
879,0, 945,5
720,8, 973,1
2515,7, 243,4
2507,6, 271,6
2504,5, 291,8
2506,2, 293,5
2055,6, 325,9
2164,7, 328,0
2204,4, 329,3
2426,4, 327,7
2420,5, 317,1
2446,6, 298,3
2453,6, 291,0
2462,0, 284,6
2506,2, 312,2
2540,2, 387,9
2572,2, 891,7
2576,9, 994,0
2576,8, 1028,9
2569,5, 1126,8
2543,2, 1132,4
2545,7, 1132,8
2558,2, 1134,4
2543,7, 1138,0
2541,3, 1143,9
2536,4, 1141,7
2539,0, 1141,2
2540,0, 1136,7
2540,6, 1126,7
2539,6, 1117,6
2537,4, 1108,1
2657,1, 950,3
2662,5, 946,0
2782,6, 805,8
2793,9, 789,8
2812,5, 768,2
2815,1, 773,9
2809,9, 775,2
2788,0, 784,6
2770,4, 797,4
2764,5, 798,5
2764,6, 797,3
2741,4, 795,8
2743,2, 793,1
2749,0, 784,9
2746,4, 788,1
2739,4, 790,6
2742,4, 795,8
2747,7, 792,9
2751,3, 790,2
2753,8, 788,4
2770,6, 774,8
2767,3, 777,6
2767,7, 776,6
2778,6, 768,6
2783,8, 768,1
2962,6, 718,4
3176,3, 663,2
3261,2, 640,3
3150,3, 667,3
3302,8, 629,9
3352,0, 634,7
3370,4, 608,0
3389,4, 595,1
3440,0, 553,9
3446,1, 549,8
3442,1, 546,7
3441,9, 546,5
3395,4, 532,7
3360,2, 529,7
3079,9, 673,6
2752,6, 679,3
2508,1, 691,4
2357,5, 677,2
1898,5, 628,5
1998,6, 648,3
1745,7, 599,5
1365,2, 530,9
1318,4, 515,6
1285,4, 507,4
1249,8, 491,0
1180,4, 467,3
1005,0, 404,4
1162,9, 463,3
691,6, 370,6
318,3, 357,3
-17,3, 326,1
-156,9, 349,2
-21,9, 429,0
52,3, 477,8
254,7, 568,8
314,1, 569,8
382,9, 609,0
395,6, 587,1
387,7, 627,3
388,5, 620,0
392,2, 620,9
303,8, 557,6
398,5, 582,7
382,7, 572,2
359,5, 530,2
302,0, 514,4
407,4, 494,8
424,5, 501,5
395,7, 485,8
383,0, 452,7
255,3, 384,6
233,7, 339,4
363,6, 365,9
368,3, 366,4
363,1, 356,0
336,8, 335,5
311,2, 344,0
292,6, 358,5
290,0, 363,5
284,1, 362,7
283,6, 361,7
278,0, 359,5
253,3, 336,2
251,9, 332,0
256,0, 338,9
261,6, 338,6
262,2, 341,7
265,4, 345,1
264,2, 358,7
270,7, 365,6
271,5, 396,5
270,7, 398,1
271,0, 408,2
271,4, 414,5
289,2, 424,4
251,2, 405,5
243,9, 398,1
176,3, 364,0
233,8, 393,5
185,4, 362,1
226,9, 367,0
138,8, 325,1
288,0, 331,2
411,3, 217,8
540,1, 226,2
610,0, 228,7
877,8, 238,3
926,2, 237,5
899,7, 231,2
1009,2, 191,5
1242,7, 142,2
1232,5, 88,0
1244,0, 51,8
1249,5, 41,0
1236,2, 18,4
1263,6, 45,6
1256,4, 40,3
1254,9, 43,1
1257,4, 53,8
1286,8, 70,9
1557,1, 237,6
1557,1, 237,6
1859,1, 1666,0
2015,7, 2406,9
2079,7, 2376,5
2135,7, 2309,9
2149,4, 2307,2
2115,3, 2245,8
2148,7, 2268,2
2145,2, 2292,9
2103,0, 2251,3
2104,7, 2221,1
2098,1, 2233,5
2098,2, 2248,4
2125,0, 2255,2
2186,6, 2296,7
2217,7, 2320,0
3326,7, 698,9
3308,2, 724,2
3346,5, 698,0
3338,4, 703,5
3347,7, 698,8
3346,6, 709,6
3342,9, 711,7
3311,8, 716,7
3297,4, 718,1
3298,2, 717,3
3275,3, 717,9
3275,1, 717,5
3256,9, 739,4
3132,6, 819,9
3088,1, 859,6
3032,4, 886,2
2973,7, 892,4
2967,6, 904,0
2918,8, 957,7
2929,0, 967,2
2934,6, 980,1
2921,9, 988,5
2879,4, 1040,9
2865,3, 1027,8
2865,8, 1070,2
2854,7, 1041,5
2848,6, 1053,1
2871,9, 1026,8
2876,2, 992,9
2890,3, 1000,1
2879,8, 996,6
2839,7, 997,7
2847,5, 1018,6
2847,9, 1024,5
2836,3, 1011,1
2837,3, 997,2
2840,5, 980,5
2860,9, 960,4
2847,0, 963,7
2857,3, 958,1
2882,8, 924,0
2879,4, 905,1
2876,9, 911,7
2812,0, 898,2
2763,2, 905,5
2270,2, 963,7
1887,9, 992,2
1874,6, 995,6
1767,4, 998,4
1671,9, 988,2
1688,9, 988,1
1679,3, 981,3
1668,9, 991,4
1659,5, 987,4
1647,0, 974,1
1633,9, 996,6
1635,4, 992,7
1636,2, 990,7
137,1, 1126,0
-183,9, 1170,9
-155,5, 1177,1
-138,1, 1181,4
-123,5, 1184,1
-122,9, 1184,0
-121,6, 1183,6
-124,8, 1179,5
-101,3, 1187,0
-84,0, 1200,3
-87,1, 1198,1
-72,8, 1192,2
-58,9, 1183,0
-57,7, 1187,1
-31,7, 1178,1
-20,8, 1174,1
-12,2, 1172,1
5,6, 1157,1
5,7, 1155,6
5,6, 1155,4
1,8, 1145,9
-3,3, 1141,1
18,0, 1141,2
30,4, 1136,2
33,6, 1134,7
43,6, 1131,1
53,3, 1129,3
62,5, 1127,5
104,4, 1118,2
145,0, 1106,4
148,2, 1095,6
140,0, 1076,4
142,8, 1060,2
141,4, 1042,5
152,4, 992,4
142,4, 999,5
20,2, 1007,7
23,5, 1012,4
23,5, 1008,0
41,7, 1012,3
41,8, 1012,1
32,6, 999,9
30,4, 990,8
27,4, 987,2
9,3, 973,1
-4,7, 968,2
-5,6, 967,5
18,7, 977,8
32,2, 977,7
46,8, 997,9
56,0, 1016,4
52,4, 1010,8
52,7, 991,3
56,4, 990,3
86,0, 1005,9
84,7, 999,0
114,1, 1018,1
249,2, 964,5
361,4, 906,1
752,8, 759,8
1144,2, 708,7
1203,9, 698,9
1322,6, 660,1
1328,9, 663,8
1389,2, 645,8
1392,9, 628,4
1402,4, 628,7
1384,2, 605,5
1374,9, 595,5
1374,0, 592,7
1400,3, 573,8
1397,3, 564,6
1387,9, 550,4
1373,8, 531,3
1388,0, 549,3
1398,3, 562,0
1404,8, 565,6
1416,5, 578,2
1419,4, 581,0
1422,5, 583,8
1428,4, 616,7
1438,2, 673,5
1488,5, 856,5
1505,0, 926,7
1518,6, 983,9
1525,2, 1004,7
1562,1, 1147,3
1557,9, 1139,1
1560,1, 1138,5
1559,4, 1131,7
1558,5, 1125,3
1557,9, 1121,6
1558,8, 1118,5
1723,7, 1251,2
1835,9, 1353,5
1895,2, 1399,3
1914,7, 1424,0
1934,2, 1443,4
1938,2, 1437,5
1931,4, 1419,3
1914,9, 1409,4
1913,6, 1426,0
1916,2, 1429,6
1921,6, 1442,1
1944,0, 1471,2
1935,5, 1469,0
1863,3, 1443,1
1857,2, 1440,4
1844,4, 1438,8
1834,0, 1441,2
1827,0, 1432,5
1819,8, 1428,2
1814,7, 1425,0
1818,3, 1423,5
1819,2, 1421,6
1634,4, 1227,1
1452,2, 1041,8
1241,8, 864,0
1026,6, 743,1
603,9, 626,5
487,8, 572,5
476,2, 576,7
423,9, 610,9
427,5, 613,3
423,6, 635,1
374,9, 617,3
226,4, 570,0
223,6, 557,1
184,6, 552,9
96,8, 536,3
70,4, 532,6
59,4, 532,7
-97,0, 513,9
-93,0, 515,9
-73,7, 522,3
-74,8, 518,7
70,6, 637,5
165,5, 676,9
175,7, 687,8
210,4, 722,5
221,4, 725,6
230,2, 730,8
230,2, 720,0
234,5, 705,2
234,5, 707,7
236,2, 706,1
239,1, 710,7
248,1, 698,3
250,4, 691,7
900,2, 1100,9
1049,4, 1181,5
1135,1, 1223,5
1180,8, 1235,3
1278,9, 1267,0
1409,5, 1309,9
1422,5, 1313,3
1443,4, 1316,0
1446,1, 1307,1
1470,2, 1313,3
1463,8, 1310,7
1442,2, 1296,2
1435,2, 1291,4
1430,3, 1289,1
1431,8, 1281,3
1638,7, 1408,5
1647,9, 1415,0
1655,6, 1419,4
1670,7, 1430,9
1671,6, 1424,0
1688,5, 1416,9
1686,2, 1412,1
1682,3, 1419,2
1680,1, 1418,8
1679,1, 1417,1
1674,9, 1419,7
1672,3, 1421,3
1663,2, 1424,8
1661,1, 1425,1
1651,0, 1424,5
1669,0, 1425,6
1693,7, 1425,3
1716,4, 1427,0
1721,6, 1427,9
1723,9, 1428,0
1731,2, 1430,3
1731,3, 1429,2
1730,6, 1428,9
1728,1, 1427,4
1730,3, 1427,1
1735,2, 1410,1
1734,4, 1398,7
1723,1, 1386,0
1707,7, 1406,6
1717,7, 1408,8
1741,2, 1423,2
1742,6, 1427,8
1765,0, 1462,2
1798,1, 1519,5
1844,0, 1597,0
2036,9, 2043,0
2201,0, 2420,6
2191,9, 2404,9
2245,2, 2544,8
2237,4, 2535,6
2242,0, 2549,9
2260,9, 2570,2
2260,1, 2568,1
2262,0, 2566,2
2254,9, 2556,9
2282,8, 2567,0
2282,8, 2565,2
2281,1, 2543,6
2289,0, 2521,1
2304,6, 2536,5
2338,5, 2557,8
2333,5, 2535,9
2336,2, 2547,4
2350,8, 2545,5
2351,0, 2523,6
2336,9, 2507,7
2339,7, 2522,8
2326,5, 2510,5
2340,5, 2537,2
2344,5, 2544,0
2347,5, 2537,2
2347,2, 2535,4
2317,0, 2562,8
2566,5, 2174,1
2585,8, 2147,6
2947,7, 1805,2
3039,2, 1722,0
3075,9, 1682,5
3125,3, 1637,3
3186,3, 1530,3
3304,7, 1437,9
3301,9, 1365,5
3438,2, 1336,6
3465,3, 1327,8
3492,8, 1321,4
3498,6, 1318,9
3487,0, 1323,4
3461,7, 1323,1
3428,8, 1320,8
3386,9, 1301,7
3386,9, 1301,7
1884,5, 1227,8
1563,7, 1199,7
1469,8, 1204,2
1470,8, 1221,8
1426,3, 1227,9
1403,3, 1237,6
1377,5, 1238,0
1367,6, 1233,2
1345,5, 1240,4
1328,3, 1226,4
1298,3, 1230,1
576,1, 1210,9
419,6, 1203,0
381,7, 1199,5
371,7, 1196,7
433,3, 1196,0
259,0, 1181,5
229,0, 1190,8
172,6, 1176,3
135,7, 1166,8
113,2, 1164,3
80,1, 1155,1
69,0, 1145,7
62,8, 1142,3
62,5, 1142,1
120,9, 1154,6
165,5, 1169,4
170,8, 1170,4
186,8, 1175,4
193,1, 1180,0
189,5, 1184,4
189,2, 1183,9
171,5, 1141,9
152,0, 1110,8
150,3, 1086,0
139,4, 1049,7
159,1, 1024,6
199,9, 1019,4
168,4, 1013,1
220,2, 1021,2
226,1, 1022,4
222,4, 1034,6
237,0, 1029,9
243,9, 1040,7
238,5, 1043,7
239,6, 1041,9
237,3, 1045,0
238,7, 1043,0
240,1, 1047,9
236,0, 1046,1
251,6, 1048,3
269,0, 1049,7
278,6, 1047,7
277,0, 1043,5
277,8, 1038,7
280,2, 1042,9
285,6, 1043,8
290,3, 1051,0
311,7, 1062,0
306,6, 1060,5
235,5, 1039,7
233,4, 1034,6
252,0, 1035,5
259,7, 1034,9
259,6, 1034,3
262,5, 1032,5
248,4, 1025,5
247,6, 1024,1
248,7, 1023,7
244,4, 1022,9
238,1, 1023,1
236,1, 1024,1
235,4, 1027,5
240,7, 1031,9
232,7, 1029,9
233,1, 1029,6
236,0, 1031,9
225,3, 1045,3
226,3, 1044,4
251,4, 1048,7
252,7, 1051,1
249,6, 1048,7
256,2, 1045,5
267,5, 1046,4
260,9, 1043,2
301,9, 1016,7
310,0, 1007,5
416,1, 978,4
615,1, 911,8
755,8, 897,4
1244,9, 790,7
2915,7, 335,0
2918,8, 352,1
2918,4, 381,3
2920,1, 379,4
2920,7, 390,7
2922,4, 389,6
2922,9, 390,4
2936,9, 406,8
2938,2, 408,6
2943,0, 410,0
2942,9, 410,0
2943,3, 408,0
2943,1, 408,2
2937,7, 410,1
2932,7, 412,0
2934,6, 411,8
2931,9, 427,1
3160,4, 329,2
3314,1, 257,1
3493,7, 175,2
3435,7, 205,8
3462,6, 130,9
3468,5, 114,5
3443,1, 147,6
3467,9, 101,9
3491,7, 65,8
3505,1, 45,6
3123,7, 411,3
3123,9, 413,4
3122,1, 390,3
3148,9, 315,6
3132,7, 353,3
3161,2, 287,0
3275,7, 113,0
3239,8, 118,5
3065,6, 270,8
2934,0, 310,0
2925,3, 357,6
2902,2, 346,8
2925,2, 357,6
2907,7, 382,3
2904,6, 388,0
2920,6, 426,3
2925,2, 432,9
2891,9, 346,1
2886,8, 332,7
2883,8, 306,2
2982,7, 417,7
2947,5, 391,1
2924,8, 382,4
2926,7, 369,0
2924,4, 375,7
2918,8, 360,5
2912,8, 350,0
2912,2, 348,3
2668,4, 494,0
2431,5, 533,6
2257,3, 542,6
2097,5, 576,0
2008,0, 581,6
2025,9, 573,1
1918,1, 586,3
1695,0, 535,9
1615,2, 393,8
1586,6, 308,3
1580,3, 320,4
1579,2, 334,5
1571,9, 220,3
1570,4, 211,4
1562,8, 194,7
1558,5, 184,2
1555,1, 177,6
1554,2, 155,1
1553,4, 139,6
1553,9, 141,7
1552,5, 138,4
1557,2, 110,8
1556,6, 112,3
1554,6, 113,5
1552,6, 94,0
1551,0, 82,2
1550,6, 79,5
1539,0, 57,8
1525,0, 34,0
423,0, -2,6
151,7, 40,6
37,7, 48,7
32,9, 50,1
26,7, 55,5
-145,5, -38,7
-147,8, -46,4
-143,2, -47,3
-128,1, -57,8
-108,3, -45,0
-119,9, -52,9
-110,9, -76,5
-125,7, -74,8
-125,1, -70,4
-96,6, -69,2
-105,6, 25,8
-97,1, 59,3
-90,8, 55,4
-96,9, 43,4
-97,4, 42,3
-100,0, 40,7
378,7, -75,9
449,2, -23,7
3599,7, 369,5
3509,0, 471,2
3514,4, 458,1
3498,4, 474,5
3441,9, 547,0
3512,4, 467,5
3512,2, 483,6
3500,5, 496,1
3434,0, 609,4
3389,8, 688,1
3275,9, 924,5
3143,7, 1244,5
3099,5, 1355,6
2544,5, 2380,9
2491,2, 2445,6
2465,5, 2448,0
2352,1, 2496,8
2396,4, 2564,0
2384,8, 2547,0
2378,5, 2531,6
2387,3, 2546,0
2386,4, 2606,9
2354,5, 2593,1
2347,1, 2608,7
2288,9, 2593,9
2287,6, 2594,2
2285,7, 2594,0
2289,0, 2590,5
2284,9, 2582,8
2272,9, 2591,5
2300,0, 2610,9
2290,2, 2609,6
2277,7, 2604,0
2267,5, 2584,4
2272,9, 2584,2
3169,4, -113,0
3168,1, -109,5
3160,5, -106,8
3177,3, -114,4
3333,6, -129,5
3351,9, -102,1
3370,3, -48,3
3379,0, -41,4
3379,9, -23,6
3395,5, 51,8
3396,7, 50,4
3130,0, 393,4
3116,4, 405,4
3000,3, 529,5
2950,3, 575,1
2933,0, 572,0
2694,3, 502,6
2497,6, 510,0
2399,5, 508,6
1910,7, 522,2
1714,6, 531,1
1551,2, 260,7
1236,3, 295,4
939,1, 397,9
939,1, 397,9
642,3, 539,3
604,0, 553,7
566,6, 569,4
554,0, 550,7
318,1, 280,8
327,5, 281,2
330,3, 271,6
353,0, 281,8
423,8, 329,2
455,4, 368,3
450,6, 395,1
347,4, 419,9
306,4, 433,1
296,7, 417,5
302,2, 429,6
303,1, 420,1
315,7, 420,8
308,4, 417,2
238,8, 379,2
240,2, 362,6
222,8, 354,8
215,2, 351,4
244,9, 339,2
359,8, 345,2
279,0, 317,4
263,9, 280,4
169,1, 215,5
134,6, 174,0
139,6, 169,4
139,4, 205,5
145,1, 218,3
165,0, 244,9
165,7, 232,6
155,3, 207,2
141,2, 195,0
137,3, 187,7
139,5, 190,8
145,7, 200,6
157,4, 211,9
179,3, 233,9
176,6, 235,2
195,4, 254,1
197,5, 261,3
199,3, 266,7
204,8, 279,1
209,8, 292,8
184,0, 265,8
167,9, 243,7
153,5, 229,9
151,6, 233,6
152,1, 232,0
136,8, 180,1
158,9, 170,6
139,8, 158,3
38,0, 171,9
-4,4, 177,4
182,7, 231,0
353,8, 277,2
2302,0, 2515,9
2302,0, 2515,9
2305,6, 2516,0
2308,2, 2516,6
2304,3, 2521,1
3709,4, 556,4
3646,7, 523,8
3608,8, 545,5
3593,4, 551,1
3568,5, 558,2
3545,6, 575,4
3586,1, 556,5
3471,5, 621,3
3305,3, 716,6
3264,4, 741,4
3249,7, 751,0
3254,5, 748,1
3251,1, 748,2
3133,6, 812,9
3128,7, 815,7
3111,2, 816,6
3081,6, 825,7
3092,3, 827,3
3090,8, 834,5
3090,3, 837,6
3090,3, 839,1
3087,8, 840,9
3084,3, 844,9
3085,7, 844,6
3087,7, 843,8
3089,9, 843,2
3095,7, 839,3
3092,8, 833,2
3087,8, 834,8
3088,0, 836,9
3090,7, 839,2
3094,8, 844,4
3095,8, 845,1
3099,1, 850,2
3098,4, 854,9
3097,7, 861,4
3097,5, 862,6
3097,2, 862,0
3096,4, 859,6
3059,9, 859,2
3015,4, 871,9
2953,1, 909,9
2909,4, 932,9
2810,0, 992,2
2700,4, 1066,2
2704,1, 1063,1
2702,7, 1050,9
2694,0, 1052,8
2649,5, 1068,5
2657,7, 1065,2
2689,9, 1062,4
2716,6, 1044,5
2739,2, 1036,5
2659,0, 1017,4
2669,9, 1014,0
2466,8, 1036,2
2163,7, 1090,5
1968,2, 1134,7
1866,5, 1156,5
1814,5, 1167,3
1767,0, 1179,9
1769,4, 1175,2
1757,7, 1172,8
1718,6, 1155,1
1002,7, 1038,2
-73,8, 708,5
-141,5, 613,9
-196,0, 536,3
-322,9, 442,3
-300,0, 457,9
-370,0, 393,0
-402,9, 361,7
-379,1, 359,4
-372,9, 354,8
-361,2, 359,4
-366,9, 328,4
-369,0, 328,4
-335,5, 320,0
-332,6, 317,0
-32,8, 521,8
166,7, 640,2
265,5, 712,4
282,8, 730,9
303,9, 760,0
277,4, 754,6
275,0, 750,6
270,1, 747,6
271,3, 743,3
274,2, 750,0
276,8, 749,4
284,5, 754,1
319,3, 773,0
340,8, 781,0
357,7, 788,8
387,7, 796,2
396,8, 798,7
399,5, 800,6
406,5, 805,0
408,1, 804,7
411,3, 800,1
410,3, 801,4
410,9, 801,5
412,1, 803,4
417,6, 808,5
429,7, 814,6
428,9, 816,6
430,3, 818,9
439,4, 824,5
436,1, 821,7
435,3, 815,5
431,4, 811,4
429,9, 809,8
430,0, 807,1
431,3, 804,6
431,3, 804,7
430,7, 804,0
428,0, 807,8
426,7, 809,0
426,5, 813,3
425,1, 812,5
427,4, 818,5
424,8, 820,6
427,2, 823,4
426,6, 823,7
425,9, 822,6
426,8, 824,0
459,4, 763,9
455,6, 771,8
473,1, 749,2
456,6, 785,4
476,1, 747,1
445,5, 812,1
445,4, 819,6
372,6, 855,2
367,2, 855,3
366,0, 851,6
412,6, 818,0
1078,6, 674,1
1755,2, 426,1
1806,3, 432,1
1850,3, 434,9
1854,4, 426,5
1880,0, 397,8
1895,7, 363,5
1909,7, 324,1
1912,8, 301,3
1935,4, 207,8
1937,6, 199,0
1939,3, 188,8
1954,1, 117,8
1956,6, 110,9
1960,5, 106,0
1961,9, 103,1
1961,8, 78,8
1959,9, 69,6
1953,4, 34,5
1954,6, 34,0
1958,9, 31,4
1970,9, 23,8
1975,1, 24,6
1984,4, 26,2
1980,5, 11,4
1983,8, 11,6
1985,9, 5,6
1986,5, 7,2
1987,3, 5,2
1980,3, 13,8
1980,7, 19,0
1984,5, 15,5
2030,4, 9,7
2071,9, 8,9
2336,3, -26,1
2842,7, -77,8
2832,2, -77,7
2802,8, -80,3
2821,3, -88,5
2853,3, -98,1
2886,1, -97,1
2938,8, -89,3
2929,3, -91,1
3035,3, -100,2
3045,5, -139,8
3007,9, -142,2
3012,0, -139,1
2957,8, -114,5
2907,3, 17,4
2899,6, 38,2
2894,8, 46,9
2884,2, 58,2
2876,1, 62,5
2875,5, 63,5
2985,4, -17,5
3079,0, -86,2
3119,2, -116,2
2501,7, 21,0
2280,8, 45,6
2011,7, 44,7
1873,3, 47,8
1525,8, 34,8
1255,6, 38,4
1046,8, 37,5
853,7, 33,5
656,6, 50,4
533,7, 61,5
396,0, 71,0
406,3, 67,4
276,2, 20,5
67,3, -26,9
25,9, -57,2
18,0, -60,9
29,7, -55,0
19,7, -41,8
27,8, -36,5
32,2, -33,1
62,3, -2,5
-3,9, -79,3
-21,0, -104,0
-39,7, -104,8
-21,0, -43,9
-7,0, -4,5
-69,6, -75,3
-108,0, -109,4
-119,2, -119,1
358,3, 348,8
384,4, 374,9
350,9, 335,6
345,1, 324,2
328,8, 279,2
318,6, 274,1
308,5, 265,1
301,8, 255,5
303,1, 254,3
309,6, 257,1
116,3, 149,3
220,0, 228,6
118,9, 155,6
196,7, 200,7
111,0, 141,9
190,8, 194,7
94,2, 133,2
174,0, 192,1
98,0, 138,1
226,3, 232,8
260,6, 255,3
217,8, 226,1
241,0, 229,8
137,8, 164,3
180,4, 175,8
290,2, 229,7
202,3, 184,3
270,3, 258,9
84,4, 131,0
175,5, 201,3
103,4, 141,7
183,5, 196,5
104,1, 139,6
188,1, 197,1
123,7, 153,2
163,7, 173,7
71,6, 113,1
130,9, 135,2
128,2, 129,6
127,3, 133,3
133,5, 134,4
80,8, 103,1
215,1, 194,9
111,6, 131,2
139,8, 145,9
171,8, 163,5
261,1, 198,1
148,3, 97,8
-10,5, 24,8
64,4, 63,6
-0,5, 27,1
-44,4, 6,7
2259,6, 2363,5
2266,7, 2405,9
2252,7, 2403,4
2247,5, 2399,6
2251,4, 2399,1
2252,1, 2398,7
1855,0, 598,1
3386,5, 709,7
3418,4, 647,2
3424,3, 645,4
3433,9, 644,4
3429,3, 649,4
3424,5, 652,4
3417,7, 655,8
3412,6, 657,2
3380,3, 670,3
3361,0, 668,0
3334,1, 667,9
3313,9, 676,9
3273,7, 680,7
3293,5, 645,9
3296,0, 644,3
2768,9, 668,3
2623,8, 680,7
2584,3, 681,9
2426,2, 689,0
2430,5, 681,2
2439,4, 674,8
2447,3, 668,8
2456,5, 665,1
2502,1, 652,6
2510,7, 649,8
2509,4, 648,9
2517,7, 637,6
2530,4, 635,1
2522,8, 646,1
2524,4, 644,2
2485,1, 658,1
2288,2, 715,2
2173,1, 747,6
2137,4, 758,9
2102,0, 769,7
1985,3, 800,1
1852,1, 838,7
1854,6, 839,1
1856,1, 832,9
1853,6, 825,5
1854,2, 822,1
1853,8, 822,1
1855,4, 803,1
1855,5, 799,9
1855,0, 798,8
1857,2, 792,9
1859,5, 785,0
1865,1, 778,8
1864,9, 778,6
1862,4, 780,6
1858,3, 782,0
1853,2, 783,1
1856,8, 775,8
1852,6, 782,6
1854,2, 776,7
1849,4, 774,6
1848,6, 772,5
1845,1, 770,1
1841,2, 772,9
1846,2, 775,0
1845,3, 774,0
1842,1, 764,6
1842,2, 763,6
1839,8, 765,4
1837,7, 755,6
1835,8, 748,8
1810,1, 757,8
1720,0, 788,6
1673,4, 793,2
1401,9, 832,0
1146,5, 881,3
988,8, 907,2
730,4, 954,9
554,5, 993,7
303,4, 1041,9
181,5, 1040,2
12,2, 1057,5
50,5, 1049,7
67,3, 1046,4
-39,4, 1069,2
-43,0, 1072,6
-42,7, 1073,4
-44,7, 1061,0
-48,1, 1059,3
-12,5, 1066,8
9,0, 1066,8
20,6, 1075,5
50,3, 1067,8
51,8, 1070,9
69,2, 1081,9
126,4, 1088,6
126,4, 1095,9
101,7, 1024,6
-3,2, 820,5
15,1, 784,3
-56,9, 706,9
-32,5, 719,8
47,8, 718,2
-25,7, 674,5
12,7, 686,6
7,4, 687,5
137,5, 742,9
86,4, 734,2
128,3, 746,1
96,6, 722,9
159,4, 742,5
138,0, 744,3
94,1, 740,6
155,2, 755,9
57,0, 764,3
65,5, 780,5
59,7, 812,9
98,6, 838,0
11,7, 828,7
52,8, 838,0
13,2, 821,5
4,1, 811,7
41,6, 774,7
25,4, 764,8
40,1, 766,5
-8,4, 751,3
-3,2, 714,8
23,3, 721,9
2,8, 696,2
64,3, 708,0
81,0, 700,2
3,3, 563,6
38,1, 577,5
50,0, 552,2
33,5, 552,6
20,3, 543,6
52,7, 550,0
181,5, 600,9
168,6, 599,5
440,9, 755,9
454,4, 763,0
650,7, 900,7
987,5, 1107,2
1188,8, 1224,7
1574,4, 1460,3
1585,2, 1467,3
1588,1, 1469,2
1635,6, 1482,5
1625,1, 1486,6
1624,2, 1488,7
1623,0, 1491,3
1628,2, 1503,7
1632,3, 1527,8
1699,6, 1491,0
1687,5, 1492,8
1742,9, 1444,0
1756,0, 1439,1
1795,1, 1411,8
1802,8, 1411,0
1801,1, 1412,9
1828,5, 1415,6
1823,2, 1413,0
1812,3, 1413,7
1768,6, 1422,8
1749,2, 1426,2
1742,8, 1427,8
1719,6, 1432,0
1723,6, 1430,2
1721,6, 1429,8
1726,5, 1427,7
1729,2, 1418,1
1748,6, 1425,3
1753,1, 1431,2
1747,4, 1423,6
1740,9, 1423,1
1744,9, 1439,0
1745,2, 1447,4
1744,9, 1449,1
1756,3, 1427,6
1756,5, 1428,1
1753,5, 1429,3
1746,5, 1431,5
1741,3, 1432,4
1744,7, 1430,8
1751,2, 1428,4
1754,3, 1422,7
1755,5, 1420,3
1755,3, 1419,2
1738,7, 1414,8
1683,1, 1400,9
1759,7, 1336,3
1879,4, 1215,5
2029,2, 1065,4
2351,1, 770,6
2483,8, 652,3
2628,1, 546,3
2743,5, 477,9
2753,1, 474,8
2771,8, 457,6
2779,8, 459,8
2796,7, 453,6
2815,7, 450,6
2837,3, 453,5
2820,1, 454,3
2825,0, 461,1
2835,2, 459,8
2830,2, 448,3
2831,9, 464,9
2831,1, 474,4
2828,2, 486,3
2827,5, 497,0
2823,2, 516,0
2824,2, 515,1
2833,7, 512,6
2840,6, 517,3
2842,0, 517,9
2845,6, 518,3
2845,7, 520,1
2846,0, 518,4
2848,1, 514,8
2850,3, 516,2
2847,5, 519,5
2823,2, 519,5
2749,2, 540,6
2472,5, 475,5
2515,7, 486,4
2572,5, 501,2
2439,0, 467,4
2440,5, 446,3
2439,1, 462,0
2440,1, 459,5
2443,0, 470,2
2456,5, 452,2
2460,2, 454,9
2460,4, 445,3
2465,3, 441,9
2466,4, 440,3
2469,5, 437,0
2470,7, 432,1
2462,6, 419,1
2459,7, 409,2
2472,9, 407,9
2462,2, 400,7
2465,5, 401,2
2469,3, 404,1
2414,9, 395,1
2428,3, 395,5
1893,8, 401,1
1739,0, 428,7
1285,4, 509,5
-52,2, 256,5
37,7, 253,4
29,7, 230,0
32,4, 240,8
58,6, 267,2
57,9, 267,0
-33,0, 192,3
-16,0, 202,7
-50,8, 165,2
-46,8, 184,8
50,1, 238,2
49,0, 258,2
82,5, 365,3
167,7, 480,8
239,2, 549,7
343,8, 693,2
317,2, 753,6
331,2, 760,7
363,6, 759,8
337,3, 767,8
376,1, 775,8
384,9, 775,5
360,5, 749,7
348,8, 742,4
383,1, 730,5
387,0, 718,7
353,2, 713,8
346,4, 705,6
326,2, 697,5
351,7, 695,2
360,9, 669,3
411,7, 685,1
360,7, 674,7
392,4, 672,4
328,8, 661,7
371,5, 658,8
344,8, 649,1
238,4, 607,4
259,1, 608,7
244,6, 600,6
291,6, 596,7
255,0, 575,2
199,1, 557,0
244,2, 554,5
168,9, 526,5
203,7, 529,5
212,5, 525,5
252,2, 518,9
204,7, 511,5
239,2, 507,4
178,0, 497,9
229,2, 503,6
188,8, 510,1
242,1, 536,3
197,2, 541,7
233,9, 665,6
227,9, 665,1
212,6, 653,5
224,2, 665,3
199,0, 651,7
195,6, 651,7
228,0, 659,3
174,6, 659,1
197,1, 663,6
204,1, 665,8
220,6, 656,7
162,1, 653,7
169,6, 649,4
145,3, 645,7
169,5, 643,6
124,0, 622,3
148,0, 620,9
130,5, 614,6
84,3, 607,1
97,5, 608,3
103,6, 615,8
138,6, 600,3
160,6, 595,7
278,4, 550,9
790,0, 573,0
677,2, 585,2
881,0, 593,2
1094,1, 615,5
1813,6, 622,0
2235,8, 612,5
2173,0, 642,6
2581,4, 641,7
2603,6, 655,1
2894,9, 715,8
3039,3, 750,0
3038,3, 757,1
3043,5, 757,7
3085,0, 760,2
3175,7, 746,4
3134,3, 735,2
3189,6, 735,8
3191,9, 743,2
3164,6, 747,3
3128,7, 781,8
3175,1, 822,1
3432,5, 961,9
3470,8, 982,0
3498,8, 1027,6
3515,0, 1049,6
3501,5, 1068,8
3484,6, 1055,4
3497,0, 1064,9
3505,4, 1046,6
3508,2, 1071,4
3461,9, 1056,3
3451,9, 1064,4
3445,9, 1063,0
3444,0, 1073,1
3449,6, 1071,6
3453,9, 1086,5
3403,3, 1069,2
3412,0, 1069,4
3328,8, 1081,4
3325,7, 1080,4
2988,1, 1050,5
2927,4, 1086,1
2861,7, 1094,3
2679,3, 1098,1
2507,2, 1091,9
2309,7, 1080,6
2229,1, 1091,3
2252,1, 1068,0
2278,3, 1036,5
2285,4, 1033,1
2290,7, 1038,2
2295,1, 1037,2
2305,0, 1026,8
2303,9, 1027,6
2307,3, 1026,7
2309,5, 1024,8
2310,2, 1027,5
2313,5, 1027,6
2320,4, 1021,6
2338,2, 1000,7
2349,8, 960,5
2340,1, 978,8
2341,6, 976,5
2282,4, 1010,1
2256,6, 1020,2
2250,3, 1045,1
2132,3, 1093,3
1923,7, 1172,5
1935,2, 1167,7
1860,5, 1193,1
1848,9, 1198,1
1834,1, 1209,7
1773,3, 1253,1
1762,5, 1261,9
1763,0, 1253,7
1752,6, 1251,2
1756,0, 1249,1
1754,2, 1248,5
1759,4, 1249,6
1759,4, 1249,7
1758,9, 1247,3
1765,5, 1248,3
1767,3, 1251,6
1759,6, 1249,6
1762,0, 1248,1
1760,0, 1254,2
1763,1, 1253,3
1763,7, 1253,7
1764,9, 1248,8
1766,1, 1247,1
1766,3, 1246,7
1763,2, 1242,6
1751,6, 1244,3
1754,2, 1240,8
1750,9, 1238,5
1748,0, 1231,1
1675,4, 1239,6
1569,6, 1237,9
1075,1, 1216,3
899,4, 1209,2
875,2, 1208,0
677,6, 1208,5
661,3, 1207,2
645,2, 1203,1
641,4, 1209,9
636,1, 1206,9
612,1, 1197,5
581,0, 1185,5
256,3, 1074,7
315,5, 1091,1
170,9, 1035,8
-40,5, 962,6
-168,1, 918,3
-82,2, 943,3
-99,2, 936,7
-99,5, 936,2
-180,6, 909,8
-192,0, 905,9
-204,2, 902,8
-195,3, 912,7
-196,6, 903,0
-194,0, 903,1
-176,6, 916,4
-157,5, 916,9
-103,0, 933,2
-69,9, 939,4
-28,5, 952,1
27,5, 964,9
-4,9, 968,2
45,3, 980,5
11,8, 978,2
-16,3, 969,4
12,4, 976,3
3,9, 966,8
69,7, 985,4
43,0, 983,0
-13,5, 973,0
41,6, 999,4
24,9, 1126,0
51,9, 1126,1
52,4, 1151,9
96,0, 1174,8
64,4, 1184,6
106,1, 1189,3
23,7, 1177,8
65,0, 1182,6
42,4, 1181,6
76,1, 1183,3
15,7, 1180,1
-77,1, 1144,0
-69,5, 1141,5
-72,2, 1132,6
-18,2, 1124,8
-30,5, 1107,7
-86,5, 1096,2
-40,2, 1097,3
-62,4, 1102,5
-14,5, 1113,3
-29,9, 1107,3
-6,0, 1111,3
-56,2, 1098,8
-11,0, 1101,2
12,0, 1085,8
127,7, 1073,2
257,3, 1033,0
235,4, 1049,0
351,3, 1047,6
432,7, 1042,0
615,6, 1041,2
783,0, 1053,2
1000,7, 1067,7
1080,4, 1086,8
1819,1, 1194,8
1790,4, 1390,0
1770,3, 1400,7
1759,0, 1411,0
1751,4, 1422,6
1750,6, 1423,1
1749,9, 1430,0
1749,8, 1429,0
1746,2, 1433,4
1746,7, 1434,3
1741,7, 1444,2
1736,0, 1452,1
1731,8, 1448,4
1723,9, 1437,7
1748,0, 1441,4