Listening for gaze data, press any key to exit...
689,4, 461,7
692,5, 423,3
689,6, 423,6
691,5, 433,0
693,1, 456,1
683,7, 454,6
680,6, 462,5
681,8, 478,4
675,1, 461,6
670,7, 470,4
668,9, 458,5
658,5, 458,5
657,9, 441,5
654,9, 448,4
658,6, 436,0
666,2, 479,0
667,4, 461,1
670,8, 461,6
649,3, 472,3
626,1, 462,7
600,3, 478,2
597,5, 480,1
619,5, 512,4
614,7, 523,5
626,5, 541,3
639,5, 552,6
652,1, 559,0
672,9, 578,7
690,5, 583,6
686,2, 584,1
682,5, 590,1
677,5, 596,7
672,7, 582,1
667,2, 565,1
657,4, 546,9
653,2, 557,4
642,0, 548,3
631,8, 540,2
629,0, 535,4
621,6, 527,0
605,4, 509,1
585,2, 497,2
588,4, 499,5
584,7, 497,1
591,7, 502,1
593,4, 507,2
589,9, 504,1
580,8, 486,0
589,4, 504,3
583,4, 488,3
588,7, 481,5
570,2, 487,0
575,5, 494,9
569,1, 483,7
550,9, 495,1
563,8, 484,3
564,9, 482,2
564,1, 453,4
561,6, 445,0
564,4, 471,3
566,5, 462,9
585,4, 491,0
582,2, 474,6
579,4, 455,8
518,0, 458,3
499,6, 458,5
506,6, 462,4
561,7, 470,2
576,1, 514,8
579,6, 522,7
623,0, 520,8
613,6, 542,0
624,1, 547,1
644,0, 555,4
628,6, 562,8
630,9, 562,5
674,0, 641,6
675,5, 632,7
705,0, 642,2
772,5, 709,7
784,5, 707,5
799,3, 701,7
836,7, 707,3
856,5, 708,0
886,4, 707,4
910,8, 707,2
922,5, 708,9
919,6, 704,7
910,6, 700,1
892,3, 690,4
878,7, 678,6
832,1, 637,1
806,4, 598,4
798,3, 590,9
803,8, 598,8
770,1, 563,8
743,0, 536,6
742,3, 538,6
739,6, 534,2
723,7, 512,7
730,8, 525,0
726,2, 517,0
727,6, 522,8
691,5, 535,9
667,4, 539,1
578,1, 494,0
504,3, 478,4
461,9, 447,8
406,4, 362,1
401,4, 359,6
400,8, 369,5
392,1, 366,7
349,2, 353,3
340,6, 347,1
478,0, 462,6
479,0, 450,8
472,1, 521,1
439,6, 626,9
438,8, 647,5
418,0, 675,1
405,1, 710,2
406,3, 709,0
391,3, 674,9
399,6, 689,7
394,8, 679,1
390,0, 668,7
396,7, 671,4
433,9, 662,6
430,5, 685,1
479,5, 581,7
483,0, 499,6
476,5, 488,4
495,4, 501,3
499,9, 469,3
516,4, 501,8
539,9, 509,6
552,6, 515,3
578,6, 576,5
573,6, 554,5
575,9, 561,0
575,8, 546,3
585,5, 542,4
571,0, 507,4
567,4, 523,9
561,2, 481,8
568,9, 516,3
564,6, 540,9
568,6, 552,3
556,9, 572,0
566,9, 673,6
563,9, 671,9
556,2, 663,9
501,4, 626,1
521,8, 640,2
529,3, 635,6
531,5, 618,6
543,2, 621,0
534,0, 556,8
543,4, 627,8
536,5, 601,5
532,3, 591,8
516,3, 571,5
519,8, 583,2
519,5, 570,5
537,4, 560,8
568,5, 546,3
540,7, 504,3
550,8, 541,8
550,9, 528,7
550,7, 527,3
555,7, 524,3
561,9, 528,4
566,0, 572,6
568,0, 571,1
594,8, 580,7
622,1, 628,3
624,4, 636,7
617,1, 618,1
621,6, 612,7
627,0, 619,4
632,7, 622,4
630,5, 618,7
609,2, 569,0
609,0, 570,4
628,8, 616,7
638,8, 640,0
638,1, 634,6
638,9, 630,5
633,3, 633,6
634,5, 630,1
634,4, 619,0
621,9, 601,5
631,6, 580,8
635,7, 591,5
644,1, 603,9
652,3, 623,5
644,3, 611,9
641,0, 609,8
624,1, 593,7
585,3, 563,3
561,7, 557,6
540,5, 543,8
524,1, 529,1
537,2, 526,6
538,8, 528,9
542,8, 552,5
567,4, 578,3
559,6, 574,8
573,1, 623,6
576,5, 632,4
577,4, 637,8
578,9, 658,7
572,1, 628,7
578,0, 664,8
566,7, 636,6
565,7, 628,8
554,5, 593,6
560,5, 608,2
549,2, 568,9
423,1, 679,8
236,1, 790,7
207,1, 824,8
-163,6, 1492,0
-215,3, 1593,1
-267,3, 1702,2
-36,4, 1706,9
-81,2, 1708,1
239,3, 1708,7
296,5, 1693,2
322,2, 1630,0
349,8, 1547,4
316,8, 1649,8
339,1, 1506,1
315,5, 1501,2
317,5, 1497,6
318,8, 1496,8
322,0, 1494,1
318,4, 1493,6
292,8, 1493,4
277,2, 1493,7
629,8, 693,6
608,6, 611,8
615,7, 619,6
597,4, 600,0
573,1, 520,6
541,9, 502,2
529,7, 472,4
522,8, 487,3
528,8, 496,7
535,5, 482,4
544,5, 473,1
560,7, 518,6
565,8, 519,5
591,8, 554,3
591,2, 561,3
475,0, 573,6
494,8, 541,5
500,4, 544,1
501,3, 543,9
500,1, 541,3
500,4, 552,0
510,6, 594,9
492,5, 582,4
470,4, 536,9
463,3, 536,5
464,9, 560,0
434,8, 519,9
455,3, 559,6
456,8, 561,2
457,4, 557,2
448,5, 538,2
452,3, 550,4
447,2, 540,2
429,9, 506,6
408,6, 476,5
429,8, 516,8
418,3, 479,1
440,2, 523,1
454,5, 545,2
446,6, 526,9
454,3, 535,6
440,4, 492,7
444,3, 508,5
455,3, 551,2
441,6, 514,6
278,6, 404,5
208,1, 349,5
36,7, 202,5
22,4, 197,1
22,4, 197,1
569,3, 431,1
565,6, 420,7
558,7, 403,6
558,5, 404,6
579,2, 432,8
585,5, 431,8
661,8, 536,5
670,5, 517,8
672,9, 522,3
677,9, 526,6
678,8, 526,6
659,4, 539,3
537,0, 567,2
495,0, 582,3
407,0, 705,4
393,8, 715,5
400,7, 783,7
393,3, 783,8
383,4, 789,3
382,2, 782,7
432,0, 783,8
424,7, 781,7
415,8, 777,2
415,4, 776,2
417,5, 787,9
419,5, 788,4
448,4, 777,0
429,5, 789,5
426,9, 792,0
426,7, 796,6
437,1, 812,4
406,0, 790,4
406,6, 795,9
415,2, 810,3
424,4, 810,5
475,4, 836,3
878,1, 1104,1
839,6, 1062,6
1004,7, 1198,3
1325,1, 1467,4
1525,2, 1654,8
1679,4, 1808,8
1761,2, 1895,0
1847,9, 2041,6
1793,3, 1950,6
1863,1, 2071,6
1870,5, 2084,1
1912,8, 2142,8
1914,0, 2141,3
1920,0, 2140,4
1918,1, 2142,4
1910,9, 2155,4
1913,1, 2155,4
1946,2, 2215,1
1958,4, 2250,1
2062,8, 2397,7
2162,3, 2523,2
2247,3, 2628,9
2093,8, 2400,6
2051,9, 2335,3
2065,4, 2351,7
2137,5, 2449,4
2111,3, 2405,1
2263,1, 2654,3
2312,6, 2688,7
2272,1, 2673,4
2270,6, 2703,4
2277,0, 2717,6
2276,6, 2721,3
2306,3, 2743,2
2290,8, 2721,0
2293,0, 2716,8
2248,1, 2681,7
2215,9, 2648,0
1762,8, 2156,8
625,3, 1210,3
-51,6, 743,8
37,2, 784,2
34,2, 770,7
4,4, 765,1
-19,8, 770,7
-32,5, 772,7
-29,5, 772,9
-24,2, 779,6
-50,0, 758,2
-43,1, 765,0
-85,5, 739,4
-207,2, 670,5
-206,9, 663,0
-213,5, 642,3
-233,0, 632,1
-256,0, 631,5
-329,1, 593,1
-397,0, 574,4
-404,2, 574,3
-411,6, 573,4
-430,3, 549,7
-425,0, 551,3
-323,1, 607,1
-194,8, 682,0
-33,2, 808,6
39,8, 861,6
60,5, 877,4
240,3, 1005,0
215,5, 1015,0
214,7, 1016,5
274,5, 1018,6
253,3, 1019,6
224,9, 1019,3
280,2, 1016,4
257,1, 1017,6
281,6, 1017,3
277,4, 1018,0
323,1, 1018,1
340,8, 1016,8
327,3, 1016,8
326,0, 1014,5
338,3, 1014,1
307,5, 1016,6
316,3, 1015,6
300,2, 1017,7
328,5, 1013,1
329,7, 1014,0
295,4, 1013,7
325,5, 1015,2
341,6, 1014,5
298,8, 1015,6
301,7, 1015,0
319,9, 1013,0
362,0, 1010,2
423,5, 879,5
437,7, 510,1
437,8, 502,6
420,5, 482,2
386,7, 466,5
359,6, 438,1
383,6, 437,6
358,9, 410,6
354,9, 408,0
372,1, 418,6
392,9, 423,8
294,9, 352,6
407,9, 412,8
392,9, 402,4
383,1, 392,8
410,2, 400,7
446,3, 409,4
448,8, 411,0
444,1, 402,8
445,0, 402,6
323,8, 756,8
340,0, 716,9
311,9, 689,6
323,3, 699,7
290,3, 668,7
249,7, 641,4
251,2, 642,9
252,0, 643,3
21,7, 862,9
119,0, 889,7
68,8, 874,5
106,4, 876,5
64,9, 865,5
24,8, 854,1
68,2, 869,5
17,9, 894,8
47,2, 906,0
40,7, 972,3
75,5, 981,1
36,5, 1003,9
70,6, 1007,1
47,2, 1014,4
61,4, 1017,1
43,5, 1016,9
56,2, 1014,8
34,5, 1016,4
-19,5, 1006,8
10,7, 1009,3
123,7, 894,2
125,3, 882,1
145,7, 857,5
181,4, 724,5
168,5, 712,2
166,5, 720,1
163,5, 711,0
142,1, 705,1
107,3, 691,5
117,2, 740,0
226,3, 734,7
177,5, 728,5
223,1, 734,7
260,1, 700,7
275,7, 726,9
837,1, 658,0
927,6, 641,8
1041,7, 628,6
1385,3, 587,0
1497,6, 568,9
1494,2, 567,8
1687,7, 536,5
1690,2, 535,9
1731,6, 517,0
1768,6, 492,8
1767,1, 501,5
1770,4, 521,7
1770,0, 522,7
1772,9, 526,2
1774,3, 526,4
1775,5, 524,8
1777,7, 517,8
1777,5, 515,9
1784,9, 485,8
1786,8, 477,7
1788,5, 471,6
1793,5, 469,6
1793,4, 469,1
1799,2, 476,1
1799,5, 472,4
1804,0, 457,4
1812,8, 454,0
1813,1, 452,3
1812,7, 447,7
1814,2, 446,3
1815,3, 442,4
1817,6, 426,3
1818,8, 423,8
1819,5, 426,6
1818,2, 429,8
1813,5, 428,3
1804,8, 420,8
582,6, 229,9
501,8, 159,0
326,6, 136,8
317,3, 134,4
300,1, 131,9
351,2, 206,1
475,0, 259,4
471,4, 259,5
432,2, 250,5
452,3, 277,9
279,7, 225,3
296,8, 253,2
190,0, 213,6
9,0, 174,9
198,3, 213,3
246,5, 692,9
248,9, 674,7
285,2, 688,4
284,1, 653,9
282,8, 662,6
274,9, 672,5
299,0, 723,4
275,1, 639,5
261,1, 533,3
245,4, 481,9
281,8, 439,9
290,1, 289,7
339,5, 366,7
395,8, 386,5
481,8, 426,3
485,0, 453,9
492,6, 459,2
493,3, 436,7
444,9, 431,8
456,2, 417,0
271,2, 457,9
292,2, 465,0
1725,6, 509,9
1721,6, 497,1
1720,1, 498,9
1717,8, 500,5
1720,8, 497,1
1718,3, 483,7
1715,1, 450,8
1716,5, 438,4
1716,9, 438,5
1719,6, 413,1
1671,0, 408,2
1618,4, 419,2
1529,5, 494,0
1081,0, 831,2
660,7, 1090,0
576,3, 1142,1
452,4, 1185,7
67,8, 1263,7
76,9, 1273,4
102,2, 1273,9
60,9, 1277,5
33,6, 1286,7
21,8, 1300,6
-28,9, 1314,7
-20,2, 1318,3
12,0, 1315,4
68,2, 1319,0
70,0, 1322,8
67,4, 1324,5
88,0, 1324,0
58,7, 1328,3
61,1, 1320,2
66,0, 1314,5
85,3, 1302,5
85,0, 1301,0
52,3, 1311,4
62,6, 1307,3
74,5, 1304,5
31,2, 1319,4
38,5, 1318,1
54,2, 1312,5
25,8, 1323,4
73,0, 1305,7
61,6, 1310,4
64,7, 1303,3
68,0, 1300,9
35,2, 1318,5
38,4, 1317,9
34,3, 1321,0
37,6, 1321,8
53,2, 1320,1
53,5, 1279,4
50,7, 1171,9
49,8, 1103,6
73,8, 813,0
93,6, 784,7
99,1, 733,2
70,8, 721,6
79,3, 722,7
80,1, 719,1
147,3, 728,9
273,7, 771,3
293,2, 823,9
310,6, 814,4
328,8, 833,6
337,2, 842,8
354,5, 847,8
346,0, 848,2
379,9, 879,7
426,6, 893,0
401,9, 890,9
426,9, 896,1
439,1, 896,5
405,3, 896,5
417,7, 898,6
450,1, 888,8
431,7, 884,3
464,6, 882,0
451,5, 923,4
448,4, 982,2
440,9, 1039,2
404,4, 1149,9
427,6, 1196,4
440,9, 1197,7
419,1, 1174,5
419,1, 1182,7
382,3, 1198,5
320,6, 1145,7
284,3, 1140,5
195,9, 1120,9
178,5, 1151,3
190,6, 1161,1
217,7, 1169,1
227,6, 1169,9
230,8, 1169,8
189,8, 1188,7
214,4, 1156,9
189,0, 1162,8
201,0, 1022,3
187,9, 986,2
158,3, 932,6
168,6, 926,1
175,4, 920,7
169,2, 923,7
169,5, 921,8
187,3, 929,3
205,8, 925,1
199,9, 925,7
171,2, 924,7
185,8, 913,5
188,1, 909,0
151,3, 912,3
146,6, 906,0
142,9, 904,4
140,3, 898,2
113,0, 894,0
99,6, 895,7
89,2, 896,2
99,5, 889,1
77,1, 892,7
62,8, 888,4
68,4, 884,1
35,7, 897,4
92,7, 872,2
124,5, 859,1
296,1, 785,5
670,7, 653,6
691,7, 644,9
717,6, 632,7
779,6, 602,2
759,3, 598,5
745,8, 583,7
660,8, 586,1
684,8, 579,6
587,4, 531,1
502,6, 523,7
468,5, 517,5
420,7, 509,9
418,8, 476,3
397,8, 460,7
362,0, 452,3
271,6, 392,2
202,0, 338,6
202,1, 360,0
293,6, 459,0
266,7, 419,5
297,6, 528,2
301,2, 497,3
295,6, 502,1
279,7, 490,0
242,4, 513,2
256,7, 562,2
223,2, 598,2
254,9, 632,0
283,7, 683,6
330,4, 664,2
289,8, 659,5
302,2, 640,7
284,1, 578,5
252,1, 584,4
246,0, 572,8
239,3, 559,8
241,9, 579,7
245,3, 583,8
255,7, 594,7
332,4, 608,2
398,8, 635,9
385,1, 682,8
401,5, 683,6
439,5, 662,5
412,4, 675,1
398,3, 683,4
406,3, 680,6
388,6, 671,2
412,5, 661,1
402,6, 660,2
406,4, 657,7
416,5, 651,7
377,6, 660,2
400,2, 653,1
406,0, 650,4
369,6, 657,6
387,2, 653,0
411,2, 1281,4
646,3, 1309,0
569,7, 1300,4
544,5, 1300,8
543,5, 1300,7
500,3, 1288,3
464,1, 1278,4
410,3, 1268,5
335,8, 1257,0
338,3, 1255,1
340,7, 1255,7
344,4, 1258,1
330,8, 1244,9
328,8, 1248,4
305,8, 1253,0
287,3, 1255,5
280,2, 1254,5
241,1, 1247,9
249,6, 1249,7
207,4, 1223,9
214,7, 1231,4
368,5, 1235,8
600,7, 1227,7
633,6, 1220,7
800,0, 1189,6
1631,4, 1049,8
1875,1, 999,5
1879,9, 997,5
1706,3, 1034,6
1919,4, 981,3
1918,2, 982,0
1923,7, 979,4
1927,3, 984,5
1933,9, 986,8
1936,5, 986,2
1938,8, 982,7
1943,0, 967,5
1945,4, 960,7
1954,9, 944,6
1965,5, 936,4
1964,3, 933,0
1933,4, 902,2
1923,1, 908,8
1615,0, 943,7
1311,1, 995,8
592,4, 1119,7
312,7, 1170,1
299,7, 1173,5
304,4, 1174,5
299,7, 1185,9
204,8, 1198,8
200,5, 1209,4
230,8, 1220,9
234,7, 1224,1
240,2, 1239,5
224,8, 1237,1
226,5, 1238,4
226,0, 1239,3
223,1, 1234,5
244,7, 1230,9
257,0, 1236,0
259,9, 1238,6
256,8, 1237,8
256,5, 1238,2
254,5, 1240,2
255,9, 1245,2
257,1, 1243,4
258,6, 1242,6
236,8, 1248,6
105,6, 1288,8
66,6, 1300,0
77,2, 1302,0
57,7, 1311,6
55,1, 1313,6
94,4, 1308,4
92,2, 1325,5
102,1, 1331,4
132,5, 1327,2
130,9, 1331,9
166,2, 1329,8
185,0, 1318,5
136,4, 1322,5
162,6, 1318,3
207,5, 1291,4
210,6, 1278,4
208,3, 1233,2
213,0, 1069,5
214,3, 1127,5
213,4, 1090,4
211,5, 1091,8
221,2, 1141,6
230,9, 1181,3
174,7, 1289,9
179,2, 1302,5
212,4, 1294,1
185,8, 1299,8
307,1, 1064,0
273,6, 1119,2
229,0, 1192,1
223,9, 1214,6
241,4, 1186,0
260,6, 1100,4
226,7, 1174,3
145,8, 1229,5
153,0, 1230,9
152,3, 1234,6
118,1, 1229,3
148,7, 1211,7
141,6, 1192,7
124,3, 1176,9
134,0, 1169,5
127,2, 1167,4
150,4, 1166,6
231,2, 1169,9
215,7, 1170,9
233,9, 1163,6
224,3, 1165,1
235,1, 1162,1
182,1, 1167,2
154,5, 1166,4
170,7, 1163,6
168,8, 1161,9
216,8, 1154,7
104,8, 1153,5
110,9, 1152,3
58,2, 1153,6
188,4, 1126,1
111,6, 1133,5
114,2, 1121,7
143,6, 1029,3
163,6, 950,2
210,4, 831,9
234,4, 710,7
225,6, 763,7
226,7, 751,3
233,4, 710,2
239,4, 906,1
226,6, 1006,0
258,7, 1041,4
359,7, 1085,4
463,5, 1116,2
489,9, 1090,5
591,5, 1042,3
615,9, 1094,2
673,6, 1096,2
745,8, 1086,9
832,6, 1075,2
1179,6, 1027,6
1364,3, 988,6
1500,9, 954,2
1542,7, 933,0
1589,7, 901,4
1871,7, 712,2
1984,9, 620,1
1988,2, 623,8
1995,9, 624,9
1984,7, 633,2
1986,6, 624,9
1990,0, 612,4
2004,7, 589,2
2021,9, 544,3
2023,3, 537,5
2022,7, 523,4
1981,4, 539,0
1141,5, 761,4
-59,1, 988,7
215,7, 938,9
88,7, 1015,9
-82,0, 1055,9
-190,6, 1084,1
-182,2, 1096,7
-116,6, 1127,8
54,4, 1156,5
65,1, 1160,5
-29,1, 1152,3
9,9, 1163,6
97,7, 1183,7
128,6, 1187,3
143,9, 1188,1
136,4, 1187,4
165,9, 1187,7
163,5, 1188,2
174,4, 1188,1
182,8, 1190,9
202,5, 1194,6
236,2, 1204,1
210,2, 1206,1
240,7, 1209,7
255,9, 1210,8
238,6, 1240,9
238,1, 1243,0
241,3, 1239,3
251,6, 1227,1
247,4, 1228,4
211,0, 1239,4
166,0, 1241,7
162,0, 1241,8
160,7, 1252,2
163,6, 1246,6
164,3, 1246,1
185,9, 1249,8
520,8, 1204,9
502,3, 1214,0
787,8, 1174,5
893,9, 1163,2
906,8, 1162,9
1171,4, 1122,9
1188,7, 1120,5
1244,3, 1108,2
1221,8, 1041,2
1218,3, 1033,4
1223,3, 1032,7
1224,6, 1027,4
1227,1, 1025,4
1226,1, 1020,0
1224,0, 1021,2
1226,7, 1022,4
1223,4, 1026,6
1247,3, 1028,8
1255,6, 1028,4
1278,9, 1006,2
1334,6, 945,7
1372,9, 911,1
1404,3, 883,8
1455,7, 841,6
1485,5, 810,1
1478,2, 764,3
1498,5, 780,4
1494,3, 778,3
1495,9, 776,6
1492,3, 774,2
1498,5, 773,5
1524,1, 752,5
1531,4, 733,0
1576,1, 626,3
1593,2, 585,8
1658,0, 423,1
1656,0, 398,4
1659,7, 407,0
1656,2, 389,8
1656,3, 390,3
1656,2, 390,3
1651,8, 395,3
1659,5, 409,9
1658,9, 409,0
1555,4, 422,5
340,2, 572,5
293,4, 583,9
294,6, 615,8
283,3, 613,8
272,2, 637,2
206,2, 636,9
180,8, 643,1
192,1, 661,4
197,6, 663,2
237,2, 692,2
255,3, 703,9
255,1, 700,6
254,5, 698,1
278,4, 724,3
285,0, 727,4
286,7, 731,6
290,1, 731,1
318,7, 743,9
328,6, 730,6
327,8, 721,1
325,4, 706,6
796,3, 750,0
916,9, 764,5
976,6, 771,3
1012,8, 777,1
1047,8, 781,9
1119,1, 788,8
1105,6, 778,8
1111,0, 779,2
1105,9, 775,9
1101,5, 774,6
1107,1, 782,4
1108,6, 784,4
1121,5, 786,6
1122,7, 780,5
1125,7, 791,0
1127,3, 783,7
1119,9, 772,2
1104,0, 756,1
1102,4, 754,3
1105,9, 744,0
1105,0, 743,9
1103,9, 742,2
1102,7, 741,0
1093,2, 736,4
1087,3, 735,5
1081,3, 733,1
1076,8, 732,3
912,0, 793,5
567,7, 925,2
393,2, 979,2
485,3, 952,3
138,4, 1051,5
86,2, 1068,7
-38,2, 1107,4
-45,7, 1117,6
-48,5, 1110,3
-46,0, 1105,9
-43,9, 1112,9
-43,1, 1110,4
-13,3, 1072,4
-0,5, 1045,0
159,3, 690,1
179,6, 643,7
196,7, 615,2
242,0, 533,6
282,0, 558,2
387,4, 619,1
359,5, 592,0
492,8, 627,1
511,3, 629,6
624,9, 647,2
651,0, 656,0
651,2, 647,8
661,5, 660,2
553,9, 612,9
461,3, 538,4
451,0, 542,3
487,5, 581,3
403,6, 517,2
363,1, 515,9
380,7, 519,0
366,6, 522,3
381,8, 559,0
381,8, 560,0
402,5, 567,2
402,9, 569,1
411,5, 622,9
420,3, 627,3
430,4, 641,7
451,1, 628,6
444,7, 669,0
443,1, 675,8
360,4, 901,9
346,0, 946,1
326,6, 1041,7
329,4, 1037,7
333,5, 1032,1
326,1, 1031,3
312,2, 1028,3
310,8, 1033,1
318,2, 1031,6
327,9, 1035,6
329,9, 1035,7
330,6, 1035,7
333,7, 1035,9
341,6, 1031,9
354,2, 1027,3
1105,2, 586,9
1142,4, 596,6
1189,3, 597,3
1152,9, 596,9
1179,7, 595,0
1194,4, 567,2
1197,1, 554,2
1194,5, 541,8
1178,1, 497,8
1178,7, 414,0
1227,9, 359,2
1287,0, 358,4
1361,3, 354,5
1438,8, 351,1
1618,3, 421,8
1679,6, 442,0
1706,1, 415,8
1709,8, 436,0
1712,1, 473,2
1722,5, 466,9
1722,0, 466,0
1724,5, 450,7
1728,5, 426,5
1731,8, 425,3
1741,0, 416,1
1779,6, 387,2
1843,3, 369,3
2182,1, 348,7
2260,6, 343,7
2262,8, 343,4
2277,6, 343,2
2281,2, 344,8
2283,0, 345,8
2285,1, 348,6
2265,7, 358,0
1257,8, 352,9
1205,9, 351,0
1190,9, 349,5
1167,2, 348,3
1152,0, 346,8
1072,4, 338,2
1064,5, 340,4
908,9, 356,5
820,7, 371,1
604,6, 414,7
531,3, 423,8
495,3, 419,8
335,6, 414,1
341,7, 421,9
430,2, 484,9
424,8, 497,9
427,5, 506,0
442,9, 512,1
458,6, 522,7
514,7, 542,9
209,1, 571,5
179,7, 573,6
167,3, 570,8
98,5, 575,8
75,8, 610,0
77,3, 602,7
78,9, 618,3
88,3, 633,8
92,1, 627,8
100,2, 635,1
108,8, 633,7
130,9, 643,9
162,6, 657,4
169,1, 552,8
153,0, 437,7
165,8, 393,2
151,3, 364,3
195,3, 326,0
241,7, 351,6
209,8, 332,2
292,5, 377,5
252,3, 355,8
304,2, 385,3
256,9, 354,7
320,2, 288,0
278,4, 288,1
338,1, 328,3
314,5, 328,4
379,0, 366,7
336,2, 351,0
390,4, 382,2
437,4, 384,8
382,4, 372,5
437,6, 387,9
376,0, 362,8
392,3, 338,2
399,0, 344,7
413,7, 350,2
377,4, 274,3
259,7, 253,0
274,5, 251,4
288,4, 259,0
287,6, 289,2
383,2, 343,2
395,5, 374,8
392,3, 365,7
404,4, 377,9
398,5, 370,3
406,7, 360,5
375,7, 343,7
303,7, 315,5
332,6, 323,1
347,6, 328,4
288,8, 309,2
316,3, 313,3
81,5, 335,2
219,1, 335,4
254,0, 285,4
184,0, 265,0
164,8, 251,3
180,6, 251,2
181,1, 251,0
180,8, 238,6
559,6, 1047,7
493,6, 1079,7
496,9, 1052,9
486,4, 1009,8
476,9, 953,7
477,2, 945,9
479,6, 947,6
474,7, 949,5
447,1, 859,4
433,2, 858,7
402,0, 848,7
385,8, 844,5
308,3, 840,3
338,7, 838,6
348,4, 837,4
391,7, 842,5
423,5, 854,0
428,9, 859,2
456,6, 882,3
466,1, 892,3
462,6, 892,1
455,9, 903,8
449,1, 904,8
437,6, 878,6
439,5, 888,9
413,9, 871,0
376,8, 859,5
387,3, 838,7
445,9, 804,6
509,6, 783,5
704,5, 716,6
953,9, 634,0
991,2, 625,9
1008,2, 616,6
1097,0, 502,1
1092,9, 492,4
1087,1, 517,3
1085,1, 484,3
1077,9, 460,7
1060,1, 430,6
1027,4, 422,1
907,1, 372,0
893,4, 366,1
887,1, 362,3
855,0, 342,3
872,9, 354,8
864,4, 347,0
868,8, 345,9
869,9, 339,4
890,1, 338,8
978,6, 317,9
1128,7, 265,8
1177,6, 246,8
1177,5, 244,1
1268,8, 205,8
1281,6, 198,8
1356,5, 166,1
1349,2, 163,9
1353,9, 161,6
1323,8, 166,4
1322,1, 164,7
1329,0, 105,9
1333,3, 81,8
1330,5, 78,0
545,0, 79,1
395,5, 37,1
397,8, 37,5
410,3, 38,8
408,6, 34,1
364,8, 5,0
334,1, -8,2
312,2, -20,8
335,7, 11,0
408,9, 77,4
349,9, 107,3
383,8, 117,0
302,3, 113,6
252,3, 124,6
188,2, 114,8
147,5, 114,0
279,7, 125,9
269,9, 260,0
256,6, 241,8
256,6, 249,7
207,2, 171,9
181,3, 178,9
77,7, 57,2
53,7, -35,3
74,7, 36,3
85,6, 61,6
100,8, 85,3
58,2, 79,4
-9,5, 38,8
-96,7, 240,1
-103,7, 278,9
-109,5, 292,8
-116,2, 339,5
-120,3, 363,2
729,7, 356,6
708,1, 360,7
706,6, 353,9
717,3, 353,0
724,9, 354,7
739,4, 360,1
747,4, 364,9
749,6, 366,7
788,6, 380,8
789,1, 378,6
780,8, 367,5
769,8, 356,4
764,7, 349,4
763,9, 348,7
768,1, 348,2
768,1, 348,7
766,3, 347,2
728,8, 372,7
733,5, 355,1
744,8, 356,1
746,1, 355,7
752,0, 349,2
748,3, 349,9
751,3, 345,1
-217,0, 448,3
-197,0, 398,1
-203,5, 397,5
-193,5, 421,8
-183,7, 439,5
-78,0, 464,7
70,8, 557,7
139,9, 539,6
169,4, 589,4
267,8, 539,1
285,8, 598,6
324,7, 590,2
303,0, 716,1
308,3, 735,4
288,7, 733,9
306,1, 717,9
335,2, 698,6
279,9, 695,0
283,4, 691,8
313,6, 699,6
304,2, 724,3
314,4, 725,8
390,4, 756,7
425,9, 699,2
446,7, 633,2
430,8, 610,4
403,7, 454,0
308,3, 298,3
308,0, 297,2
309,2, 292,0
314,3, 291,1
326,1, 309,6
324,3, 347,9
320,4, 348,4
307,1, 338,0
1454,2, 780,0
1524,6, 795,3
1566,8, 797,8
1584,7, 799,0
1591,8, 797,6
1595,6, 797,1
1597,0, 794,6
1598,7, 793,7
1628,9, 797,3
1601,9, 776,0
1573,9, 749,0
1572,7, 740,6
1571,0, 723,9
1565,4, 684,2
1560,2, 668,8
1548,3, 616,6
1541,1, 571,2
1537,8, 536,6
1531,1, 496,8
1530,7, 489,6
1533,7, 478,1
1546,7, 455,6
1554,9, 456,9
1590,8, 475,4
1769,4, 551,8
1812,6, 576,6
1855,0, 601,7
1859,4, 601,6
1864,5, 574,7
1863,6, 596,3
1866,0, 598,9
1867,2, 598,3
1867,3, 588,9
1868,2, 586,4
1871,3, 597,2
1871,3, 599,3
1871,2, 600,2
1870,1, 601,5
1868,6, 599,6
1867,7, 596,1
1867,8, 594,6
1851,5, 585,4
1849,9, 588,7
1480,9, 599,9
1009,1, 652,3
725,4, 669,6
330,5, 690,4
190,3, 696,3
204,2, 688,9
210,8, 705,6
123,0, 669,3
242,3, 673,3
244,7, 689,3
240,1, 713,5
259,5, 734,2
270,0, 752,4
299,1, 764,1
310,8, 769,1
341,8, 800,2
368,6, 813,8
370,3, 815,2
364,0, 817,3
358,2, 825,4
364,0, 828,0
358,7, 809,3
357,3, 812,2
254,0, 767,2
220,8, 753,3
75,3, 641,6
72,5, 649,0
22,3, 606,0
42,0, 654,4
36,2, 641,2
8,8, 591,9
31,4, 632,5
64,5, 647,5
85,1, 658,3
195,6, 735,6
263,6, 778,5
281,6, 763,4
277,4, 783,1
277,5, 780,9
288,6, 783,1
292,2, 917,4
259,7, 1211,7
271,8, 1253,9
295,0, 1294,4
263,7, 1298,3
273,7, 1297,9
244,7, 1299,0
202,6, 1315,0
205,7, 1310,2
225,7, 1295,2
237,8, 1286,5
223,8, 1288,8
212,2, 1293,8
231,5, 1291,2
198,5, 1297,7
165,1, 1289,9
162,8, 1289,5
165,8, 1289,7
192,8, 1283,6
169,3, 1281,9
194,7, 1280,9
168,4, 1278,8
147,0, 1277,0
113,3, 1274,2
117,2, 1268,1
110,0, 1257,4
111,6, 1255,5
125,3, 1257,7
138,5, 1265,1
139,1, 1264,9
149,4, 1267,7
209,7, 1305,0
203,5, 1244,1
29,0, 1093,6
40,6, 1043,4
41,9, 1029,1
42,0, 1020,0
68,3, 971,1
106,8, 1019,3
96,2, 1012,5
139,0, 1054,2
129,8, 1039,9
155,9, 1049,2
175,4, 1045,4
192,0, 1058,3
192,7, 1054,0
200,4, 1060,9
198,7, 1052,6
192,9, 1058,0
178,9, 1036,5
184,9, 1034,9
223,4, 1068,1
222,3, 1055,5
232,5, 1064,3
232,1, 1037,8
335,4, 1020,2
374,3, 1020,7
359,9, 1016,8
277,4, 970,5
225,1, 948,7
212,0, 939,3
235,3, 935,7
267,0, 929,0
272,2, 927,8
288,1, 926,8
381,8, 910,6
383,0, 908,5
381,1, 897,2
371,2, 886,4
364,2, 877,2
350,4, 865,9
350,3, 865,9
345,2, 872,4
350,5, 870,6
370,2, 894,1
389,0, 918,2
400,1, 940,5
402,7, 923,5
391,6, 881,3
371,8, 834,6
351,8, 440,8
492,4, 346,5
489,4, 319,3
483,9, 305,8
473,7, 281,2
476,4, 257,5
476,0, 263,2
475,5, 269,2
481,5, 253,8
484,6, 261,5
492,7, 305,4
517,1, 346,3
521,2, 353,0
522,1, 352,7
539,5, 380,9
531,9, 373,6
538,9, 387,8
545,8, 394,9
546,4, 398,6
549,4, 402,9
553,0, 407,6
628,4, 426,3
678,0, 426,6
895,9, 475,8
993,3, 490,1
1022,9, 493,4
1174,3, 520,8
1183,3, 504,6
1180,2, 488,9
1169,3, 458,5
1161,5, 442,7
1162,0, 426,6
1129,0, 365,5
1124,4, 359,4
1110,2, 331,2
1107,1, 322,6
1099,1, 306,1
1104,8, 320,1
1063,8, 291,5
966,3, 240,8
989,2, 255,6
953,5, 229,4
738,9, 162,6
532,7, 83,8
333,9, 22,7
262,9, 4,2
-12,9, -124,4
-55,4, -169,8
-93,6, -203,5
-34,3, -76,2
-25,4, -61,6
9,1, -38,4
85,0, -32,9
48,1, -16,1
154,1, 33,4
675,3, 162,7
896,8, 208,6
971,0, 219,8
1061,5, 243,3
1338,6, 311,1
1313,5, 304,5
1432,0, 327,7
1422,0, 321,7
1488,2, 335,5
1513,9, 343,6
1506,6, 342,3
1502,8, 338,1
1492,0, 335,3
1479,4, 333,3
1463,4, 328,7
1385,3, 304,7
1328,6, 289,3
716,3, 103,9
730,3, 107,2
780,0, 120,5
627,6, 53,5
545,1, 7,4
512,1, 22,1
496,4, -8,5
490,6, -17,8
559,1, 36,7
569,0, 46,6
554,6, 50,1
539,0, 52,6
84,7, -111,7
-11,2, -150,6
-67,0, -152,3
-178,4, -163,2
-230,4, -163,0
-224,8, -155,6
-205,1, -155,2
-205,1, -155,2
-71,6, -103,8
-19,8, -86,9
63,9, -100,3
42,7, -97,1
24,6, -84,5
37,1, -83,3
-54,8, -86,9
-63,9, -85,6
-91,0, -79,7
-41,3, -82,0
-34,0, -68,2
-94,3, -63,6
148,9, 19,5
148,9, 19,5
142,8, 20,3
142,1, 20,4
141,0, 20,6
189,5, 67,7
311,1, 197,8
359,9, 253,1
385,8, 284,8
467,1, 385,9
490,2, 416,8
541,6, 471,5
628,3, 659,5
633,8, 663,9
638,5, 660,4
638,6, 660,3
1000,3, 706,0
1017,4, 713,7
1288,7, 804,2
1363,4, 827,5
1522,4, 855,1
1538,0, 864,2
1492,5, 856,6
1521,0, 859,4
1620,3, 829,5
1630,9, 811,7
1634,7, 793,7
1633,3, 728,8
1626,3, 676,0
1603,4, 614,5
1597,4, 606,4
1572,2, 576,4
1570,1, 561,3
1570,9, 552,7
1564,0, 517,0
1567,7, 492,0
1569,5, 475,1
1570,9, 466,3
1574,1, 463,2
1575,9, 459,6
1571,2, 462,7
1555,3, 472,2
1362,7, 589,9
1339,2, 602,6
1325,4, 609,9
1305,2, 613,5
1283,2, 616,2
1284,7, 618,5
1282,3, 614,9
1285,8, 609,1
1284,3, 611,6
1284,5, 607,8
1287,0, 595,8
1296,0, 589,0
1292,2, 585,4
1290,1, 583,0
1304,1, 569,8
1308,1, 566,9
1303,4, 571,0
1296,9, 588,5
1295,7, 611,1
1294,1, 618,1
1293,7, 619,7
1289,5, 619,1
1243,8, 612,0
1201,3, 593,9
969,7, 500,5
797,9, 413,7
625,3, 321,8
419,9, 212,1
239,3, 119,0
211,0, 103,4
160,4, 129,7
182,9, 127,3
269,1, 208,5
347,4, 273,3
369,8, 294,4
473,7, 375,2
483,2, 377,5
491,9, 362,1
465,1, 360,6
324,3, 355,5
336,1, 362,6
336,4, 370,3
395,1, 412,1
302,0, 354,1
358,2, 392,6
357,6, 393,3
367,6, 281,3
268,0, 213,8
270,8, 214,8
94,0, 109,7
51,1, 96,1
-56,5, 466,4
-37,6, 621,0
-21,4, 734,7
161,4, 929,4
315,8, 1013,5
277,7, 1051,8
296,9, 1046,5
345,0, 1031,2
298,8, 1049,8
312,4, 1041,5
329,0, 1038,0
297,7, 1047,2
271,4, 1034,9
299,2, 979,9
281,3, 937,0
292,3, 915,6
307,6, 802,7
325,1, 806,2
353,6, 936,3
333,9, 842,0
338,8, 855,6
324,2, 947,4
356,2, 1005,9
368,3, 1033,0
311,7, 1057,6
306,6, 1061,7
340,0, 1049,0
321,2, 1054,1
297,6, 1061,5
313,8, 1055,7
358,7, 1038,1
340,9, 1033,3
315,3, 1046,5
308,6, 1053,2
345,5, 1034,5
300,2, 1058,1
300,3, 1059,0
305,3, 1052,7
272,4, 1064,5
275,9, 1061,4
270,3, 1064,5
292,5, 1056,9
302,9, 1052,7
281,4, 1061,6
297,5, 1056,7
305,0, 1052,6
265,5, 1067,3
274,7, 1064,5
267,7, 1065,9
282,2, 1062,2
269,3, 1066,3
315,8, 1047,9
286,4, 1053,9
304,5, 1042,9
266,7, 1051,2
359,3, 1026,0
323,1, 1036,0
314,5, 1035,2
307,4, 993,0
254,3, 966,9
264,1, 927,5
274,7, 934,2
264,7, 933,8
280,5, 887,4
278,7, 899,3
303,1, 861,5
362,3, 779,3
367,3, 785,5
376,9, 766,8
361,0, 855,0
335,7, 849,3
363,5, 877,3
331,9, 896,1
370,9, 877,1
320,0, 886,7
337,4, 882,9
302,7, 889,2
232,5, 864,3
227,8, 862,8
226,7, 860,6
265,1, 852,1
242,7, 844,9
185,4, 837,6
205,5, 825,2
146,5, 818,1
172,2, 814,7
177,0, 811,9
208,1, 806,9
158,6, 802,1
190,3, 792,7
154,8, 787,6
188,0, 776,2
154,2, 780,6
187,5, 771,1
145,7, 780,5
122,5, 783,6
145,2, 781,7
119,6, 795,7
159,4, 784,7
148,6, 784,0
118,5, 785,0
165,0, 762,6
261,0, 781,1
424,3, 845,5
457,1, 857,1
504,7, 870,3
698,5, 901,9
685,5, 861,7
690,5, 847,7
698,0, 853,3
703,7, 841,6
714,3, 830,4
724,8, 835,8
729,2, 838,0
745,1, 842,2
743,2, 842,6
478,4, 754,2
514,1, 766,5
374,7, 734,6
274,5, 704,6
263,4, 705,6
237,6, 704,8
262,6, 704,2
225,9, 712,8
260,8, 730,3
267,5, 742,2
280,8, 753,7
373,2, 773,6
367,8, 775,6
502,3, 805,0
672,6, 841,2
842,2, 875,0
902,3, 888,5
1047,9, 919,8
1257,0, 985,6
1260,3, 986,3
1225,7, 955,9
1230,7, 954,0
1234,7, 952,6
1206,9, 916,8
1216,5, 920,6
1202,9, 901,5
1207,1, 898,8
1214,8, 900,2
1253,1, 909,7
1333,1, 935,6
1533,6, 1001,0
1807,1, 1082,9
1905,5, 1109,1
2102,0, 1160,9
2314,6, 1174,2
2384,7, 1178,2
2446,9, 1178,3
2614,0, 1191,3
2608,6, 1194,8
2582,7, 1194,1
2754,4, 1208,0
2757,1, 1207,3
2755,7, 1208,0
2737,7, 1223,2
2740,5, 1222,0
2737,8, 1222,8
2737,4, 1223,4
2742,7, 1220,3
2749,4, 1219,5
2767,6, 1214,4
2779,7, 1210,3
2786,4, 1191,2
2768,5, 1192,7
2302,5, 1200,1
2125,3, 1187,5
1905,9, 1184,5
1897,3, 1193,1
1896,6, 1199,0
1898,2, 1208,1
1897,6, 1208,5
1833,9, 1244,6
1831,4, 1243,8
1196,4, 1242,0
877,2, 1251,9
504,1, 1284,7
621,3, 1277,7
798,2, 1272,1
546,1, 1231,4
572,3, 1215,6
498,0, 1223,5
478,3, 1230,8
472,0, 1218,0
486,1, 1248,4
508,5, 1266,3
521,6, 1273,4
550,6, 1272,1
569,4, 1278,5
616,3, 1288,0
629,3, 1289,4
626,4, 1290,5
645,8, 1295,7
626,2, 1301,4
618,8, 1308,2
481,8, 1309,1
390,6, 1312,5
331,0, 1314,8
251,3, 1332,0
251,5, 1342,6
179,7, 1336,2
33,7, 1360,1
28,2, 1351,5
57,3, 1355,7
78,7, 1377,3
71,5, 1370,3
73,6, 1372,2
67,0, 1364,8
51,2, 1354,6
100,0, 1390,2
98,3, 1382,3
100,4, 1384,1
91,8, 1360,6
82,1, 1334,7
85,5, 1359,9
88,2, 1363,9
90,9, 1357,9
163,6, 1384,5
166,1, 1362,4
170,5, 1366,6
167,7, 1365,1
240,0, 1396,0
242,1, 1343,8
208,5, 1294,9
214,4, 1308,3
227,0, 1335,6
226,4, 1331,7
225,6, 1330,8
213,6, 1335,1
187,4, 1358,7
187,9, 1356,2
160,6, 1362,5
115,2, 1360,5
116,1, 1361,9
105,7, 1364,4
80,7, 1369,3
78,2, 1363,7
69,3, 1356,5
71,6, 1338,1
101,6, 1362,2
117,3, 1347,6
121,5, 1374,9
144,2, 1322,3
134,2, 1354,7
127,0, 1343,5
123,3, 1345,4
108,9, 1330,6
114,6, 1349,9
120,7, 1369,5
84,1, 1343,8
80,8, 1349,7
81,1, 1348,1
79,4, 1341,5
74,8, 1333,4
157,1, 1143,9
138,2, 1137,5
380,5, 782,1
363,6, 813,1
312,0, 882,4
419,5, 712,9
412,5, 706,7
423,9, 726,8
435,6, 731,8
468,0, 766,3
471,2, 769,3
486,3, 781,4
528,6, 814,2
533,2, 817,2
544,5, 816,6
669,9, 1034,4
680,2, 1054,2
710,8, 1107,1
694,1, 1114,1
688,4, 1110,5
698,1, 1118,9
681,4, 1111,4
671,6, 1106,1
645,3, 1100,7
654,2, 1104,3
651,6, 1105,4
657,0, 1091,1
652,0, 1096,2
429,3, 1028,0
344,3, 1022,4
320,1, 1021,7
294,1, 993,6
297,6, 993,2
297,2, 1017,4
305,8, 1021,8
333,8, 1023,5
337,2, 1023,4
363,4, 1032,2
370,4, 917,1
397,6, 630,6
487,2, 493,5
501,3, 475,8
502,9, 466,0
507,4, 462,7
519,5, 468,5
522,5, 476,0
520,7, 481,0
521,2, 470,5
509,2, 452,7
514,1, 447,0
549,8, 502,0
543,8, 486,6
540,7, 482,5
524,8, 442,0
517,5, 438,3
516,4, 446,9
496,1, 416,1
470,6, 376,4
430,9, 613,2
431,3, 598,6
394,1, 791,1
387,9, 820,9
450,1, 772,7
415,9, 847,8
447,2, 814,1
420,4, 855,2
423,9, 854,0
415,5, 887,2
410,6, 886,5
343,7, 985,4
339,5, 1008,2
335,8, 1001,6
342,3, 981,8
378,3, 970,5
358,0, 963,4
438,2, 702,9
466,6, 666,4
471,3, 656,1
456,3, 667,7
447,9, 648,5
388,7, 632,1
379,0, 629,7
387,0, 640,7
470,4, 592,2
469,3, 595,6
453,6, 606,2
380,9, 615,1
371,2, 614,1
348,5, 593,4
348,3, 593,4
347,5, 602,4
355,7, 613,0
395,1, 634,7
476,8, 652,7
474,4, 637,4
471,8, 620,2
465,4, 579,8
463,5, 590,2
462,0, 563,1
465,9, 563,9
479,8, 599,2
488,3, 604,6
489,5, 612,4
486,6, 640,7
469,4, 617,0
468,4, 597,8
469,6, 597,9
446,7, 634,1
488,5, 578,1
363,3, 763,0
332,8, 802,2
313,5, 876,8
297,8, 906,5
305,6, 882,8
312,7, 914,2
351,9, 930,8
378,2, 943,9
391,2, 949,2
393,1, 978,4
395,5, 978,9
432,7, 976,7
412,0, 994,2
394,0, 984,7
392,6, 1016,5
386,9, 1035,7
392,8, 1104,8
385,3, 1152,0
349,7, 1251,1
344,5, 1261,1
340,0, 1264,2
336,1, 1275,1
325,6, 1279,9
323,8, 1280,8
324,6, 1282,5
323,2, 1283,8
340,9, 1292,2
351,7, 1309,1
349,7, 1310,0
327,3, 1306,3
274,4, 1318,4
256,4, 1329,8
252,2, 1342,0
235,1, 1360,1
232,3, 1361,4
214,5, 1365,0
216,0, 1351,4
207,4, 1351,2
174,9, 1338,9
164,9, 1351,5
158,3, 1343,9
145,6, 1345,8
155,1, 1335,9
164,9, 1355,0
169,0, 1345,8
168,5, 1360,4
169,0, 1339,6
185,5, 1352,0
180,7, 1334,3
183,6, 1332,6
178,9, 1357,7
176,9, 1351,2
176,3, 1331,7
173,2, 1308,3
168,2, 1304,1
166,6, 1334,5
162,3, 1336,3
172,8, 1360,6
171,2, 1346,6
179,3, 1340,7
189,9, 1347,4
172,6, 1333,4
159,7, 1320,1
163,8, 1317,6
166,1, 1314,1
160,9, 1307,4
161,0, 1306,6
164,6, 1305,3
172,7, 1302,9
178,3, 1302,9
189,9, 1299,0
194,5, 1277,0
207,5, 1271,4
209,0, 1271,3
207,5, 1269,2
194,1, 1251,7
166,5, 1227,1
156,1, 1210,1
188,4, 1213,1
183,8, 1205,9
392,2, 1280,3
416,6, 1266,5
452,1, 1276,1
561,9, 1297,7
566,4, 1299,9
539,6, 1310,7
546,9, 1309,0
546,8, 1306,1
533,8, 1303,6
543,6, 1298,6
567,7, 1301,0
583,7, 1297,0
598,5, 1296,9
599,5, 1295,8
629,4, 1289,5
616,5, 1291,4
612,7, 1296,4
606,5, 1314,0
608,2, 1314,2
608,4, 1315,4
616,8, 1314,1
644,9, 1308,7
647,7, 1309,2
650,7, 1310,8
641,4, 1326,5
647,9, 1324,1
661,9, 1340,2
604,6, 1355,5
601,9, 1355,6
590,5, 1334,2
587,6, 1341,9
584,3, 1329,3
566,4, 1327,6
538,8, 1325,0
535,4, 1319,9
532,8, 1318,4
523,0, 1317,9
524,0, 1316,2
551,7, 1274,4
551,6, 1279,0
584,9, 1204,8
554,9, 1178,4
571,2, 1149,8
545,1, 1130,3
512,9, 1134,7
407,2, 1063,7
367,7, 1056,6
352,8, 1049,9
363,1, 1043,0
338,1, 1086,0
333,8, 1079,9
296,1, 1161,2
249,2, 1219,1
243,6, 1226,3
231,1, 1243,0
229,8, 1243,6
226,5, 1249,0
235,3, 1256,0
237,8, 1256,9
229,2, 1256,3
225,3, 1256,5
220,2, 1255,9
214,3, 1257,9
219,4, 1262,0
221,5, 1261,2
219,1, 1256,8
202,2, 1244,2
182,9, 1237,6
173,2, 1230,6
171,3, 1231,4
159,7, 1230,2
148,3, 1230,1
149,2, 1236,0
151,4, 1233,7
168,1, 1230,1
177,9, 1228,1
219,6, 1238,2
260,6, 1250,5
285,7, 1255,7
290,5, 1255,3
308,2, 1260,0
307,5, 1259,2
233,0, 1227,2
232,7, 1220,4
236,6, 1214,3
206,7, 1202,8
229,7, 1191,4
224,6, 1192,7
203,3, 1194,6
220,7, 1232,4
232,3, 1232,1
239,3, 1238,4
241,9, 1244,1
243,9, 1244,3
235,7, 1244,7
222,8, 1242,2
208,6, 1239,2
193,1, 1236,1
173,3, 1228,0
190,0, 1226,5
204,6, 1219,0
250,6, 1256,1
244,1, 1253,8
322,4, 1194,6
330,3, 1185,4
499,8, 1024,5
545,6, 984,2
638,0, 866,8
631,4, 865,6
628,2, 865,3
655,9, 866,0
647,2, 873,3
683,2, 859,1
671,2, 871,3
668,8, 877,8
661,4, 862,4
636,1, 843,5
645,4, 850,4
624,6, 825,9
552,0, 737,1
513,1, 679,4
500,0, 639,9
461,0, 575,6
280,2, 381,9
312,5, 420,7
305,1, 420,3
257,6, 372,8
227,6, 324,5
223,3, 313,8
236,5, 317,4
250,0, 327,8
254,5, 332,7
275,6, 358,4
364,0, 450,7
366,1, 455,2
335,5, 519,6
346,6, 499,7
350,0, 458,9
331,8, 460,0
324,9, 448,7
327,7, 444,1
323,4, 465,5
317,5, 460,1
400,2, 857,1
451,5, 836,4
455,4, 818,5
458,2, 805,6
453,0, 798,5
434,0, 783,9
429,3, 779,8
426,2, 776,7
504,6, 736,3
431,4, 854,5
454,7, 827,6
472,0, 807,0
442,8, 825,7
446,3, 812,9
435,0, 823,5
438,4, 833,5
440,0, 836,0
446,3, 831,0
451,2, 848,6
460,9, 826,1
454,8, 837,8
465,1, 827,8
452,2, 848,1
450,2, 842,7
442,8, 818,2
436,8, 828,3
443,6, 829,0
500,6, 830,5
474,4, 1039,7
424,9, 1226,8
347,9, 1226,6
375,0, 1204,8
354,5, 1207,8
339,6, 1204,8
326,8, 1197,0
314,1, 1205,5
303,3, 1197,0
288,6, 1215,2
282,2, 1228,3
230,6, 1298,3
223,3, 1319,7
222,5, 1322,0
212,7, 1312,9
209,7, 1315,6
171,3, 1303,5
158,3, 1294,6
177,0, 1291,1
177,3, 1291,2
188,5, 1297,3
198,9, 1300,6
188,8, 1321,6
196,8, 1312,7
197,1, 1315,7
210,0, 1311,1
220,5, 1304,6
221,4, 1329,6
221,6, 1334,3
223,5, 1332,3
223,7, 1338,1
224,2, 1342,1
223,0, 1327,2
222,7, 1321,3
215,8, 1304,6
173,8, 1271,2
152,4, 1260,7
132,8, 1260,1
147,4, 1265,1
145,2, 1265,5
126,2, 1266,1
163,8, 1275,9
163,2, 1275,7
165,7, 1277,0
267,4, 1263,9
223,6, 1271,1
728,3, 1095,6
1055,9, 972,7
1113,2, 948,3
1115,9, 947,7
1168,2, 925,3
1201,8, 910,4
1312,0, 856,9
1330,0, 842,6
1327,3, 827,6
1323,9, 815,9
1318,2, 794,0
1315,1, 785,6
1312,2, 776,9
1309,7, 767,5
1307,8, 752,9
1305,2, 734,9
1294,0, 716,6
1287,9, 701,1
1286,0, 695,5
1284,5, 698,7
1283,7, 679,3
1280,8, 652,4
1280,4, 646,1
1282,1, 653,2
1282,0, 643,0
1275,0, 642,1
1257,0, 647,0
1152,3, 578,1
826,6, 380,8
615,4, 251,2
679,7, 286,8
688,9, 292,7
541,2, 203,7
541,8, 205,5
559,6, 223,8
581,3, 249,5
565,4, 266,6
563,5, 266,2
470,4, 284,7
313,9, 246,5
319,2, 256,4
210,1, 283,3
172,9, 236,6
142,1, 325,0
166,5, 337,7
272,4, 409,1
286,7, 433,9
353,1, 474,5
354,5, 486,7
371,8, 494,1
370,4, 541,4
393,5, 526,0
439,0, 537,1
431,1, 584,4
445,0, 584,4
459,5, 580,1
434,4, 620,4
445,6, 613,8
527,7, 668,0
529,2, 672,0
575,8, 674,4
668,6, 685,2
732,6, 694,8
745,2, 695,4
802,9, 665,8
802,7, 673,0
794,5, 671,5
816,7, 642,5
808,9, 634,6
803,5, 629,6
795,2, 625,4
791,4, 625,2
748,7, 604,1
701,7, 561,6
707,4, 568,2
688,9, 548,1
681,4, 539,3
686,5, 517,1
712,8, 504,1
580,8, 402,8
423,4, 299,5
380,4, 251,7
375,6, 275,2
252,0, 244,5
211,9, 203,1
162,5, 219,7
144,2, 240,3
143,9, 238,8
54,3, 125,5
34,1, 94,8
-37,7, -33,4
-66,9, -55,9
-117,3, -126,3
-124,2, -137,8
-124,0, -137,9
-114,0, -125,8
-27,2, 202,1
-13,3, 231,9
88,2, 310,6
255,4, 489,3
283,7, 508,8
393,7, 616,5
440,2, 624,2
415,6, 629,2
434,4, 625,6
380,9, 639,4
380,8, 639,6
464,6, 606,6
414,6, 622,0
409,5, 625,4
440,0, 634,3
479,1, 644,0
506,8, 649,9
527,2, 661,3
537,3, 673,5
565,8, 873,7
678,4, 900,5
679,0, 910,2
653,2, 929,7
652,3, 1022,8
604,5, 1015,5
627,5, 1017,1
587,4, 1010,5
503,0, 987,7
488,2, 966,1
462,5, 965,1
469,9, 962,1
465,8, 959,5
446,3, 959,4
450,4, 954,5
292,4, 928,7
245,7, 910,5
205,7, 899,9
163,7, 898,0
159,0, 888,2
146,9, 890,4
149,7, 881,2
135,9, 872,9
119,6, 867,3
86,8, 887,7
88,0, 888,9
97,1, 898,8
117,0, 883,4
92,8, 887,8
74,6, 896,0
93,4, 888,2
86,3, 902,2
103,7, 891,5
94,7, 891,0
111,7, 883,9
191,6, 877,7
169,0, 876,1
433,9, 825,4
500,0, 809,6
599,3, 788,1
713,6, 761,1
699,9, 763,9
788,2, 744,8
943,1, 708,2
959,6, 714,8
960,2, 701,2
960,1, 702,6
959,5, 706,4
959,7, 700,9
959,5, 701,9
956,9, 699,7
962,9, 718,0
973,4, 738,8
1080,8, 724,8
1075,1, 720,1
1052,7, 683,2
1119,5, 649,8
1123,5, 644,9
1202,3, 618,4
1278,7, 558,7
1306,0, 547,8
1326,1, 542,0
1323,9, 541,7
1326,4, 522,9
1324,4, 521,0
1325,2, 519,8
1306,8, 491,9
1155,4, 439,3
1116,3, 427,8
876,0, 351,4
613,5, 255,4
459,1, 182,4
410,6, 156,5
382,4, 137,0
367,7, 119,5
371,4, 122,9
366,1, 116,2
441,2, 160,0
431,4, 159,8
475,4, 196,6
516,7, 243,1
539,3, 269,2
543,8, 278,3
553,1, 300,3
554,5, 303,2
548,7, 284,1
547,7, 281,6
547,7, 279,8
556,3, 292,5
562,5, 303,3
561,3, 298,6
563,8, 302,9
546,5, 295,9
480,0, 261,5
384,5, 245,8
241,3, 225,8
137,7, 227,8
24,3, 141,8
-29,1, 172,2
-22,2, 147,9
-20,9, 145,0
-24,3, 148,8
-7,9, 112,2
-10,0, 108,9
-14,3, 105,9
9,5, 149,4
31,4, 228,0
48,8, 228,0
96,7, 270,8
75,1, 446,0
69,3, 486,2
67,5, 557,1
110,8, 642,5
103,5, 681,3
104,1, 700,6
140,4, 700,3
141,3, 706,2
157,5, 720,5
204,6, 739,2
452,6, 697,1
587,2, 669,6
582,9, 665,8
574,6, 671,4
824,1, 579,2
829,1, 551,0
831,6, 538,7
764,8, 464,8
734,7, 451,0
474,0, 333,9
371,4, 311,0
362,3, 342,5
314,0, 319,7
308,9, 366,6
324,3, 375,0
366,4, 423,1
406,8, 440,2
429,4, 443,7
414,3, 466,3
414,5, 468,4
400,5, 462,0
354,7, 442,7
373,2, 410,0
330,1, 417,9
353,9, 416,3
355,9, 424,1
379,7, 434,4
357,0, 438,7
266,5, 414,0
254,4, 414,5
178,0, 385,5
178,5, 273,2
143,4, 284,0
141,1, 277,9
118,0, 228,4
146,6, 254,7
159,0, 265,9
142,4, 259,3
111,9, 249,0
149,6, 281,7
45,9, 243,7
72,2, 248,3
-206,9, 103,3
-286,7, 64,7
-14,0, 126,8
34,8, 148,8
-8,6, 127,0
-71,6, 107,5
-76,0, 105,4
-266,1, 42,8
-272,9, 58,1
-281,4, 44,9
-294,9, 59,3
-319,2, 39,3
-319,8, 38,4
-106,5, 142,7
-78,0, 158,9
115,5, 272,3
-42,0, 195,0
43,4, 185,5
52,7, 178,2
84,3, 215,4
74,4, 229,1
178,1, 329,9
293,2, 444,2
248,4, 464,1
352,0, 530,7
261,0, 483,4
235,2, 472,8
320,3, 594,6
381,3, 655,1
390,2, 659,8
346,7, 627,2
300,5, 594,0
301,1, 592,7
360,2, 633,5
465,7, 692,2
404,4, 654,1
448,7, 674,6
475,2, 692,1
448,8, 686,5
493,1, 934,6
480,6, 1129,4
496,3, 1099,5
613,1, 1240,4
593,4, 1258,3
571,6, 1254,9
589,3, 1255,6
575,8, 1253,5
553,0, 1249,3
478,5, 1240,9
280,7, 1211,1
210,2, 1194,0
189,8, 1192,5
189,4, 1193,1
246,4, 1190,5
217,7, 1187,4
212,1, 1186,6
180,9, 1190,7
177,3, 1187,1
178,6, 1186,6
161,6, 1178,2
158,2, 1160,8
167,9, 1156,2
169,0, 1158,0
187,2, 1152,0
201,4, 1149,0
192,5, 1157,6
179,4, 1159,4
172,1, 1161,4
178,1, 1163,1
184,5, 1165,7
185,9, 1166,3
187,8, 1166,1
168,7, 1143,1
181,2, 1142,8
228,3, 1144,5
238,8, 1160,2
243,3, 1158,5
259,3, 1166,3
239,5, 1159,9
249,7, 1162,0
245,6, 1156,0
195,5, 1146,9
163,5, 1142,2
158,7, 1143,5
159,4, 1149,4
160,8, 1149,9
155,9, 1150,6
150,1, 1150,6
126,1, 1143,6
125,6, 1139,0
138,4, 1135,8
133,5, 1131,6
114,3, 1121,2
90,4, 1103,6
89,7, 1105,3
74,2, 1097,9
61,1, 1092,8
55,1, 1088,1
53,9, 1086,7
53,6, 1084,1
51,9, 1080,8
32,9, 1075,9
26,3, 1075,6
30,7, 1075,0
31,8, 1075,0
32,6, 1076,0
33,6, 1076,3
49,7, 1083,9
45,5, 1082,5
42,2, 1152,3
39,9, 1167,5
45,0, 1281,1
15,7, 1319,4
8,9, 1323,7
-4,2, 1377,0
-29,7, 1388,6
-21,3, 1391,8
-30,5, 1391,2
-28,1, 1381,9
-24,9, 1380,9
4,9, 1371,9
6,7, 1372,6
3,0, 1375,9
2,0, 1375,9
1,0, 1375,1
-4,9, 1372,7
-30,8, 1373,0
-29,8, 1374,2
-22,4, 1375,5
-24,8, 1375,4
-0,5, 1387,6
-5,8, 1385,2
-329,0, 5,7
-124,8, -18,4
-158,1, 9,2
-140,5, -24,8
-176,2, -25,2
-225,0, -17,5
-193,6, -18,6
-169,8, 0,7
-104,4, -9,9
-50,0, 68,9
58,9, 169,0
159,5, 287,8
277,7, 360,3
289,9, 422,3
400,4, 476,9
396,4, 507,6
488,7, 561,1
488,7, 609,1
491,6, 611,4
504,7, 658,0
514,7, 681,6
511,9, 678,2
511,5, 677,9
512,4, 633,4
512,9, 630,6
515,3, 629,6
516,6, 632,5
613,5, 685,0
810,6, 633,0
768,8, 640,8
778,9, 638,5
927,8, 658,7
879,9, 649,6
931,1, 631,0
1041,5, 518,6
1054,1, 476,9
1045,0, 310,7
1044,7, 292,5
1038,2, 270,1
1075,4, 242,7
1076,5, 239,1
1084,6, 233,5
1045,7, 232,6
1070,3, 234,6
1001,0, 213,7
937,4, 193,1
606,5, 126,1
516,2, 106,7
449,2, 93,0
248,6, 81,4
205,7, 63,0
251,9, 43,7
206,8, 44,5
198,5, 85,1
197,5, 82,8
218,6, 118,3
256,8, 168,6
346,3, 320,9
370,2, 322,0
606,3, 553,5
684,6, 636,9
720,6, 645,9
1027,9, 887,3
1096,5, 935,9
1088,6, 928,7
1149,9, 969,7
1222,7, 1020,6
1319,3, 1088,1
1323,7, 1089,3
1306,0, 1079,7
1282,6, 1066,6
1288,8, 1069,4
1288,9, 1068,7
1290,4, 1066,0
1285,1, 1060,6
1284,8, 1052,8
1280,7, 1038,0
1281,2, 1037,3
1273,9, 1031,2
1264,0, 1022,0
1269,0, 1024,4
1225,2, 999,8
1195,1, 980,9
1098,4, 918,5
991,9, 839,5
847,2, 732,7
603,2, 551,5
344,5, 348,9
359,0, 357,6
349,9, 354,8
408,2, 403,8
430,8, 420,3
442,7, 430,4
460,7, 444,2
470,5, 453,2
462,1, 448,0
488,5, 463,1
523,2, 486,0
535,1, 493,6
538,8, 498,3
536,2, 506,3
515,1, 520,7
438,8, 564,5
373,4, 614,8
326,3, 659,4
334,4, 661,8
287,4, 702,7
195,0, 854,8
236,9, 1000,1
237,0, 1012,2
228,6, 990,4
240,8, 999,3
272,9, 1018,4
277,9, 1021,6
288,6, 1046,8
285,4, 1034,3
308,6, 1044,1
328,9, 1026,9
332,8, 1035,4
335,3, 1015,4
285,0, 852,8
290,3, 570,5
279,8, 508,1
257,8, 405,0
230,7, 364,9
160,8, 365,0
188,4, 371,6
208,6, 373,8
201,0, 383,2
296,8, 462,5
350,7, 493,4
408,4, 569,2
444,3, 617,6
489,3, 622,0
428,5, 619,3
452,7, 631,9
445,6, 655,0
475,6, 678,9
444,5, 672,6
472,7, 677,3
426,0, 647,3
456,2, 643,3
412,8, 614,0
436,5, 618,0
398,1, 591,6
305,5, 518,1
282,8, 504,1
314,8, 508,6
249,3, 482,5
244,6, 475,3
272,8, 478,1
219,7, 442,1
250,8, 450,0
242,5, 437,1
274,7, 428,9
242,5, 418,1
279,4, 419,3
237,9, 416,5
276,8, 428,1
250,6, 428,3
293,5, 434,2
256,7, 427,0
224,9, 422,8
242,8, 425,1
216,0, 423,0
257,8, 424,2
241,0, 420,7
201,6, 416,4
248,8, 424,3
210,8, 420,9
249,2, 426,0
253,8, 428,3
294,8, 438,6
253,6, 436,7
298,6, 441,7
132,0, 403,1
141,8, 408,2
146,2, 400,9
138,7, 395,5
163,2, 384,8
190,1, 371,7
221,9, 364,8
17,8, 316,9
21,3, 316,6
69,4, 278,5
130,6, 236,2
190,5, 170,9
238,6, 209,8
418,7, 239,6
801,8, 381,0
839,5, 389,0
841,2, 377,6
892,2, 410,7
901,5, 414,3
892,5, 407,6
813,5, 368,6
630,8, 310,0
516,4, 270,0
499,0, 259,1
448,2, 242,3
337,4, 216,7
254,3, 299,6
111,4, 307,6
222,9, 325,9
209,8, 324,8
219,1, 324,8
226,2, 324,7
226,5, 324,7
175,8, 231,5
206,1, 174,2
201,2, 176,7
170,9, 232,9
204,7, 227,9
213,1, 267,7
365,4, 203,7
302,9, 232,4
249,5, 206,7
371,5, 182,2
1159,8, 482,5
1474,5, 544,7
1571,9, 547,2
1726,7, 580,2
1811,5, 513,8
1863,1, 492,0
1979,0, 432,7
2025,5, 388,5
2069,3, 356,8
2079,2, 354,1
2114,9, 305,4
2144,0, 273,2
2146,5, 271,3
2150,5, 272,7
2165,1, 242,5
2163,4, 244,0
2157,2, 256,3
2159,2, 261,5
2159,8, 264,9
2160,1, 270,1
2159,9, 270,0
2159,4, 266,9
2161,1, 260,5
2160,8, 254,2
2160,6, 252,4
2162,1, 250,1
2170,5, 241,4
2173,1, 233,1
2176,3, 224,6
2176,4, 222,5
2176,8, 221,4
2177,2, 213,7
2177,3, 210,8
2176,8, 210,7
2177,8, 210,1
2178,6, 209,1
2181,0, 208,1
2183,3, 208,8
2183,0, 207,0
2170,8, 208,5
2165,5, 197,6
2130,8, 205,2
-113,6, 361,2
-116,2, 366,5
-81,0, 370,4
-74,7, 371,1
-7,8, 361,1
31,9, 367,5
68,3, 323,9
68,8, 368,7
48,5, 397,8
43,2, 502,6
33,2, 816,7
72,0, 865,5
181,3, 1027,6
197,1, 1069,1
234,5, 1079,4
205,1, 1078,0
137,0, 1069,3
120,9, 1064,3
77,8, 1054,4
81,5, 1054,6
112,8, 1055,0
97,0, 1060,1
156,3, 1069,3
160,7, 1085,6
190,9, 1094,6
259,4, 1102,9
257,7, 1104,8
255,5, 1108,9
282,9, 1112,5
273,7, 1117,8
259,7, 1118,5
274,5, 1127,4
275,1, 1127,8
278,8, 1128,4
290,7, 1129,9
293,0, 1129,9
306,5, 1111,8
307,1, 1111,6
307,1, 1112,4
306,2, 1118,9
304,3, 1098,6
297,0, 1086,8
298,9, 1090,8
307,0, 1093,7
302,9, 1086,6
310,7, 1110,0
309,0, 1107,8
308,7, 1105,3
314,0, 1116,5
309,4, 1112,5
308,1, 1125,4
300,9, 1118,7
312,1, 1107,4
312,4, 1106,2
305,1, 1111,3
308,1, 1098,6
302,3, 1108,0
303,6, 1103,4
297,8, 1120,8
297,0, 1122,7
296,0, 1117,3
281,2, 1083,7
286,0, 1079,2
260,4, 973,4
255,2, 931,2
229,1, 641,0
221,5, 561,1
221,6, 523,8
236,3, 600,3
237,4, 580,8
281,4, 560,3
281,2, 576,2
328,3, 622,7
343,6, 626,2
352,3, 672,0
367,1, 687,5
372,5, 696,1
412,6, 687,8
423,2, 694,0
428,1, 709,2
429,4, 712,0
435,6, 735,5
428,7, 755,8
427,4, 780,9
430,6, 845,6
433,8, 849,0
415,6, 856,7
412,3, 857,2
410,5, 855,5
419,8, 866,4
424,9, 863,5
425,4, 863,0
424,1, 862,7
238,0, 782,0
340,0, 715,2
290,1, 726,0
314,3, 699,2
249,9, 690,3
199,3, 683,3
210,5, 680,7
158,6, 668,0
185,0, 661,3
189,1, 651,3
225,4, 642,6
811,0, 898,7
855,2, 879,5
865,1, 872,7
885,6, 866,9
891,3, 864,6
916,1, 874,0
971,7, 888,5
966,7, 871,8
1390,0, 926,1
1547,0, 933,9
1629,9, 941,3
1811,5, 963,6
1933,4, 974,1
1975,6, 976,1
2054,8, 983,6
2271,3, 1009,3
2310,2, 1006,1
2332,1, 1030,2
2337,0, 1032,4
2342,8, 1034,6
2346,6, 1034,6
2357,0, 1031,5
2371,1, 1025,8
2381,7, 1025,1
2441,6, 1005,3
2437,5, 1006,7
1885,1, 1084,1
1653,3, 1101,7
929,6, 1155,6
851,2, 1128,8
698,2, 1152,5
667,8, 1150,2
647,9, 1155,1
731,1, 1136,7
742,3, 1132,8
650,2, 1153,2
633,4, 1149,1
620,6, 1145,9
613,7, 1141,4
607,6, 1138,5
594,8, 1129,2
555,5, 1116,0
299,7, 1140,1
102,2, 1157,8
16,5, 1166,0
111,9, 1145,4
60,9, 1148,7
20,1, 1153,3
-97,4, 1170,6
-80,1, 1174,2
-70,5, 1187,8
-68,5, 1193,0
-47,0, 1188,9
-36,4, 1195,2
-17,3, 1199,9
60,9, 1222,2
85,3, 1227,0
113,5, 1231,6
131,0, 1233,8
149,2, 1234,0
162,6, 1236,1
222,5, 1242,4
238,1, 1243,8
240,8, 1243,7
240,7, 1240,7
235,3, 1239,0
220,3, 1234,0
223,5, 1239,7
124,8, 1255,2
144,0, 1257,0
242,2, 1280,9
423,0, 1330,8
469,6, 1346,0
543,2, 1365,8
563,7, 1372,0
580,1, 1377,5
606,0, 1379,9
623,2, 1368,0
583,5, 1368,3
570,2, 1367,9
566,1, 1365,8
558,9, 1359,5
539,4, 1355,3
530,8, 1356,3
515,2, 1330,1
515,9, 1339,0
514,2, 1348,9
499,5, 1335,6
497,9, 1336,9
494,0, 1347,8
482,5, 1346,8
477,8, 1338,8
51,9, 1326,7
30,5, 1331,4
20,2, 1333,1
3,3, 1322,4
-4,0, 1323,9
-19,8, 1324,3
-39,4, 1331,0
-39,5, 1339,8
-35,0, 1340,5
-42,1, 1332,4
-22,5, 1330,1
-17,7, 1329,8
-14,3, 1331,0
-4,5, 1334,2
38,9, 1346,5
42,2, 1348,2
46,3, 1349,1
65,1, 1347,2
53,7, 1350,9
57,4, 1350,3
66,4, 1346,6
66,5, 1348,2
75,1, 1348,2
78,6, 1351,0
75,3, 1353,6
67,0, 1345,8
69,0, 1346,5
78,4, 1341,0
80,2, 1350,5
83,8, 1353,0
107,5, 1349,0
114,1, 1352,7
118,5, 1351,6
127,2, 1341,9
131,4, 1348,0
148,7, 1347,8
146,6, 1354,7
156,6, 1356,9
159,5, 1350,2
161,2, 1357,5
157,7, 1362,6
160,2, 1356,7
160,0, 1353,8
146,2, 1360,7
139,7, 1363,1
158,4, 1371,4
148,7, 1367,6
154,7, 1361,1
161,1, 1345,0
168,8, 1330,0
171,7, 1344,1
173,0, 1348,0
180,6, 1351,6
183,2, 1349,1
182,7, 1327,8
170,9, 1287,8
165,4, 1280,6
158,7, 1274,3
155,6, 1262,5
153,8, 1255,4
150,9, 1251,9
149,5, 1249,5
99,6, 1219,4
92,4, 1212,6
107,0, 1199,9
99,4, 1191,1
97,7, 1178,2
97,1, 1177,5
102,7, 1170,9
98,3, 1174,0
2152,0, 1104,1
2211,8, 1101,9
2210,3, 1102,9
2215,1, 1098,8
2246,1, 1071,9
2271,0, 1050,1
2296,7, 1029,6
2296,3, 1029,3
2297,3, 1030,4
2324,0, 1030,2
2332,2, 1029,8
2365,2, 1016,2
2408,8, 983,5
2439,8, 959,4
2449,0, 948,9
2480,8, 919,3
2425,8, 918,6
2398,8, 931,2
2306,0, 960,0
2218,5, 990,5
2187,1, 998,6
2187,5, 985,8
2184,2, 987,3
2176,7, 980,4
2174,1, 983,5
2174,8, 979,7
2177,5, 976,3
2180,7, 970,9
2183,9, 966,1
2208,6, 919,2
2247,9, 732,8
2256,2, 676,8
2264,8, 625,2
2302,8, 370,1
2304,3, 362,8
2305,2, 358,2
2304,9, 360,2
2297,9, 364,4
2310,4, 362,2
2269,4, 350,3
2082,5, 326,1
1526,1, 248,4
462,5, 70,4
317,0, 35,8
209,8, 17,8
168,4, 10,1
157,9, 14,3
160,5, 15,4
448,6, 120,6
432,0, 160,9
437,9, 175,1
504,9, 158,6
500,7, 171,0
549,6, 205,0
484,6, 202,2
524,1, 225,1
443,6, 419,5
379,9, 526,7
320,4, 785,7
337,6, 872,2
343,1, 887,2
350,9, 886,9
344,5, 885,5
331,2, 885,2
322,7, 877,4
325,3, 912,1
338,3, 905,3
341,5, 924,7
351,9, 913,1
351,0, 911,7
338,7, 924,3
343,1, 895,2
340,3, 910,9
340,7, 903,8
340,4, 896,9
337,4, 915,3
337,1, 914,5
338,5, 919,6
341,7, 912,5
350,3, 904,8
351,3, 885,0
352,7, 900,1
356,0, 873,0
354,1, 888,4
351,1, 866,2
343,6, 884,6
329,7, 892,7
327,6, 877,6
327,9, 887,1
322,8, 860,0
327,9, 877,1
324,5, 885,6
293,8, 841,5
283,6, 841,9
271,9, 814,8
144,7, 594,3
115,3, 412,6
99,9, 400,6
123,5, 377,4
94,4, 413,9
111,9, 391,1
91,8, 403,3
105,2, 374,9
117,7, 402,2
152,9, 451,3
177,3, 439,4
158,7, 475,5
180,5, 457,8
175,1, 468,1
157,2, 485,4
187,0, 478,4
155,9, 498,4
181,0, 487,1
193,8, 491,7
225,3, 478,1
215,8, 494,8
236,7, 477,7
222,4, 496,3
239,1, 477,2
241,5, 513,8
258,2, 518,0
265,9, 521,7
272,0, 546,0
240,2, 601,5
228,5, 640,1
229,7, 636,0
237,0, 651,6
249,3, 690,0
256,7, 657,8
256,6, 710,0
256,6, 682,4
251,9, 702,3
248,5, 686,2
249,3, 701,2
250,5, 681,1
221,9, 764,8
215,9, 777,4
239,9, 858,9
235,4, 853,2
237,4, 897,3
241,9, 904,3
285,0, 974,7
290,6, 970,4
295,3, 973,4
310,7, 975,0
315,8, 975,3
344,5, 980,9
356,1, 983,2
357,6, 983,9
353,2, 985,5
302,8, 988,5
314,4, 991,4
309,1, 996,3
321,0, 996,0
306,0, 998,2
313,7, 988,0
305,7, 985,8
320,3, 988,0
316,4, 986,0
316,2, 986,7
303,0, 985,0
302,8, 984,2
318,9, 984,3
325,3, 979,7
325,4, 978,8
313,2, 974,3
621,5, 890,3
701,7, 857,6
982,2, 696,3
969,2, 699,5
1004,4, 755,3
961,4, 701,2
888,4, 645,5
845,6, 617,1
887,7, 648,6
781,7, 591,8
727,1, 573,2
634,9, 541,8
497,9, 468,8
423,7, 423,4
375,8, 398,0
315,5, 361,8
313,4, 361,8
302,1, 359,2
303,4, 361,8
193,0, 359,5
241,4, 372,4
203,5, 361,7
161,6, 358,8
187,6, 366,1
186,5, 388,3
201,2, 388,9
233,4, 413,2
203,0, 418,3
216,6, 421,2
204,2, 429,7
131,8, 433,6
74,3, 440,2
88,2, 441,2
-49,0, 426,4
142,5, 434,3
31,8, 416,4
89,8, 432,6
-4,9, 407,6
-98,9, 385,3
-6,2, 399,7
-70,3, 394,5
0,9, 407,5
12,2, 433,9
92,3, 455,5
87,9, 469,6
125,7, 489,5
235,6, 531,4
245,7, 552,6
253,7, 564,8
262,8, 580,1
272,6, 567,0
238,5, 570,4
106,8, 552,6
123,4, 557,7
202,4, 581,1
182,1, 588,1
203,8, 659,8
311,2, 718,5
307,2, 764,0
379,4, 794,6
366,1, 798,5
379,6, 787,6
217,4, 771,0
226,8, 748,6
222,9, 746,7
224,1, 735,7
222,1, 734,0
239,4, 738,1
238,1, 738,7
223,3, 735,2
221,0, 734,0
208,9, 714,6
211,1, 709,3
133,6, 957,0
239,4, 1026,6
289,8, 1103,4
315,8, 1147,5
321,5, 1160,6
332,1, 1166,9
109,5, 764,9
138,6, 766,5
138,5, 769,1
127,4, 770,6
-3,7, 1126,8
1,2, 1073,2
6,2, 1074,1
-0,5, 1073,1
-2,5, 1066,6
4,8, 1058,5
-0,9, 1054,1
-17,2, 1048,5
-28,0, 1026,6
-7,3, 1027,5
21,1, 1027,4
-12,8, 1022,1
84,7, 1023,7
57,3, 1014,2
-28,8, 988,4
-18,4, 1018,3
30,5, 1157,2
159,9, 1284,3
117,6, 1325,6
134,5, 1354,1
97,0, 1369,1
115,5, 1366,5
197,2, 1381,9
182,9, 1384,8
85,8, 1381,7
154,8, 1381,6
155,3, 1381,8
107,2, 1381,5
3,9, 1376,3
63,9, 1359,7
-54,1, 1256,2
-55,0, 1242,8
7,6, 1229,1
83,4, 1184,6
7,0, 1198,7
158,1, 1127,0
169,4, 1111,1
147,3, 1121,3
138,9, 1094,2
137,1, 1099,9
136,0, 1124,1
140,4, 1111,1
131,2, 1132,9
139,8, 1117,9
143,4, 1111,5
148,6, 1091,2
150,0, 1112,1
161,2, 1094,5
159,9, 1091,6
175,4, 1121,8
181,8, 1100,6
178,0, 1094,5
143,5, 1010,7
126,7, 921,2
83,2, 747,3
239,6, 443,9
255,4, 475,3
609,9, 683,7
867,2, 880,6
778,0, 809,4
974,2, 960,0
961,3, 949,2
1113,5, 1056,9
1068,6, 1031,2
1085,6, 1041,7
1042,2, 1007,7
1024,2, 994,4
1014,8, 987,8
1007,5, 984,0
1009,6, 987,7
1011,1, 990,9
1012,0, 991,2
999,0, 977,2
998,5, 979,8
996,6, 977,7
998,3, 981,2
997,7, 981,2
995,6, 978,3
994,8, 978,0
991,2, 972,2
987,5, 974,9
634,0, 1053,6
404,4, 1104,7
304,5, 1129,1
267,7, 1137,0
185,9, 1158,6
136,3, 1171,3
79,9, 1180,5
-130,2, 1227,5
-153,9, 1242,8
-139,5, 1241,1
-123,1, 1236,8
-118,3, 1239,6
-102,4, 1239,6
-44,5, 1246,5
55,1, 1257,6
46,5, 1255,0
44,0, 1251,3
41,1, 1250,2
41,8, 1251,3
58,0, 1255,8
67,7, 1260,7
61,6, 1260,2
46,5, 1253,3
31,7, 1252,8
18,3, 1258,2
2,3, 1266,4
-5,3, 1262,3
-5,8, 1257,6
-12,3, 1246,9
-10,3, 1248,8
20,2, 1250,3
34,7, 1253,9
55,5, 1260,4
59,7, 1258,3
46,3, 1255,7
60,5, 1254,7
75,6, 1256,5
79,8, 1256,3
96,0, 1248,5
97,5, 1249,5
273,2, 614,5
138,5, 536,2
178,1, 536,2
197,0, 533,7
136,0, 517,9
225,5, 553,4
143,6, 534,6
184,0, 567,1
212,9, 596,7
310,1, 631,6
275,7, 624,5
322,2, 640,9
372,5, 650,6
383,5, 669,2
424,6, 678,3
374,8, 670,3
397,2, 675,5
378,9, 671,4
345,7, 663,4
374,1, 669,1
336,9, 679,6
334,8, 700,8
278,3, 713,5
217,3, 724,2
224,0, 725,8
225,9, 723,8
179,5, 719,5
170,5, 711,3
168,8, 710,2
159,7, 702,9
123,7, 672,0
120,6, 669,2
143,1, 682,5
171,0, 693,1
173,0, 693,6
214,7, 707,0
258,1, 728,6
292,5, 735,6
377,8, 674,0
409,2, 576,1
339,4, 499,0
329,6, 435,7
310,2, 422,5
377,0, 458,0
292,1, 404,7
305,9, 390,2
328,5, 375,6
190,2, 286,5
187,0, 271,0
115,6, 217,6
190,2, 259,6
166,4, 240,6
121,6, 215,3
184,1, 249,7
207,9, 259,7
-0,9, 140,6
-46,9, 115,4
-74,8, 99,4
178,3, 178,4
174,3, 160,9
-48,6, 132,7
-45,9, 130,9
141,0, 143,6
12,0, 143,2
-37,1, 137,8
60,8, 107,9
28,2, 103,0
33,9, 96,2
-18,0, 70,2
11,6, 34,2
-72,4, -42,8
-89,7, -84,7
-149,0, -128,4
-159,7, -232,3
-84,3, -109,6
96,5, 106,8
439,2, 402,2
798,8, 524,9
832,2, 532,8
984,7, 578,4
1088,2, 593,7
1142,5, 596,3
1243,7, 606,8
1545,9, 498,8
1593,4, 465,3
1644,6, 467,8
1630,3, 468,7
1621,5, 469,2
1632,9, 463,8
1645,3, 451,2
1649,8, 436,5
1649,9, 408,3
1652,9, 389,2
1649,1, 363,7
1656,0, 313,8
1657,3, 296,2
1655,2, 259,9
1653,6, 235,5
1653,8, 216,3
1659,0, 189,2
1697,6, 166,3
1775,6, 164,0
2266,8, 145,8
2329,7, 143,6
2354,5, 141,7
2360,9, 137,8
2367,9, 133,7
2308,8, 177,8
2374,5, 134,6
2356,0, 153,1
2350,3, 145,6
2354,2, 146,1
2343,5, 154,9
2348,1, 150,3
2344,6, 149,4
2342,6, 139,3
2372,0, 138,6
2373,9, 138,0
2372,4, 140,6
2360,8, 147,1
2358,1, 148,6
2362,6, 146,2
1922,1, 176,1
1909,5, 176,7
1935,0, 175,1
1121,6, 236,2
603,7, 244,0
334,1, 249,0
432,3, 344,0
674,9, 485,9
538,3, 416,7
695,1, 549,0
740,0, 583,7
754,1, 594,0
769,6, 606,9
768,0, 602,3
761,5, 592,9
753,5, 587,2
747,6, 588,6
715,2, 599,2
594,4, 588,2
573,7, 591,4
415,6, 588,7
407,1, 583,9
378,4, 583,7
275,6, 581,5
278,8, 581,9
280,4, 582,9
292,1, 586,1
200,5, 354,1
317,7, 255,5
275,3, 261,6
252,0, 224,3
264,5, 224,8
241,9, 233,7
241,7, 220,8
222,6, 241,0
206,7, 263,2
206,9, 269,9
186,6, 325,8
192,5, 323,6
197,0, 296,6
175,8, 320,3
181,4, 300,6
243,1, 567,7
292,5, 619,9
289,5, 646,1
287,3, 659,5
297,3, 682,2
307,8, 717,0
304,7, 704,0
291,5, 686,2
290,2, 683,1
285,7, 675,0
279,8, 673,8
264,2, 637,3
259,9, 636,2
243,0, 531,3
223,5, 386,9
185,9, 310,5
-146,0, -203,2
31,1, 29,1
32,7, 27,2
149,8, 175,8
62,3, 58,4
140,9, 160,8
99,9, 102,6
166,5, 182,6
129,9, 72,1
138,1, 72,6
163,6, 132,5
176,6, 118,6
261,4, 256,1
388,4, 392,8
419,5, 455,2
458,5, 479,8
572,0, 509,2
513,9, 540,7
540,7, 542,2
471,9, 556,0
500,2, 559,0
445,1, 521,7
431,7, 512,4
349,8, 477,4
330,1, 388,3
302,5, 360,0
234,6, 339,0
228,6, 316,9
201,8, 308,7
188,8, 327,2
176,6, 338,4
186,3, 325,5
194,3, 312,1
161,9, 311,1
170,4, 285,9
171,2, 276,7
120,1, 295,4
120,1, 296,5
129,4, 295,9
180,3, 292,2
214,4, 297,0
178,1, 321,8
195,5, 324,2
222,8, 305,4
177,2, 337,4
177,8, 334,6
181,8, 331,3
143,0, 367,3
114,8, 363,4
141,0, 386,5
453,7, 352,4
555,0, 367,7
712,1, 355,5
1026,0, 386,5
1046,9, 390,2
1178,2, 394,3
1409,2, 410,5
1570,0, 415,5
1759,0, 395,4
1742,9, 402,3
1769,5, 404,2
1773,5, 406,6
1787,7, 394,6
1782,5, 389,3
1785,0, 384,3
1779,7, 377,1
1795,0, 257,8
1809,7, 220,3
1815,4, 146,3
1815,6, 147,7
1817,3, 155,9
1818,5, 152,9
1834,2, 131,8
1838,3, 97,2
1839,5, 93,6
1843,0, 78,9
1848,3, 59,4
1850,7, 61,7
1850,8, 65,0
1853,5, 62,2
1854,1, 61,6
1854,3, 61,4
1856,5, 58,2
1856,3, 58,1
1852,7, 49,5
1865,9, 70,6
1867,2, 72,5
1867,1, 80,4
1827,8, 68,3
1482,7, 80,1
1352,2, 90,7
881,5, 115,4
653,1, 122,1
340,9, 135,3
289,6, 138,6
383,9, 195,6
345,7, 184,0
226,3, 147,1
230,6, 148,9
243,1, 148,5
252,9, 147,1
256,1, 161,0
146,2, 105,2
186,8, 122,6
241,8, 174,9
236,7, 190,3
339,6, 252,5
318,2, 249,2
350,8, 280,1
350,5, 277,2
335,1, 285,8
369,3, 294,7
363,7, 285,7
347,1, 287,0
240,8, 361,3
196,7, 361,8
112,3, 341,2
90,8, 343,3
55,9, 274,5
58,2, 284,6
60,8, 299,7
60,1, 316,8
58,8, 349,1
100,9, 378,4
230,4, 476,5
414,9, 590,1
421,7, 594,3
378,6, 597,0
329,9, 589,6
326,4, 610,6
349,5, 623,1
347,7, 637,6
383,4, 653,9
336,3, 625,2
362,4, 620,1
230,4, 531,4
254,4, 534,1
248,8, 524,5
147,7, 463,5
148,7, 463,6
141,4, 448,8
209,2, 469,3
186,3, 464,2
253,3, 371,2
354,8, 303,4
321,1, 319,7
349,4, 301,8
436,2, 325,2
438,4, 328,0
442,9, 333,4
484,0, 367,2
547,2, 407,8
549,5, 405,8
557,7, 409,3
555,0, 420,6
554,3, 424,7
473,1, 408,6
341,5, 296,7
331,0, 254,3
272,7, 223,3
292,2, 212,4
330,9, 222,6
296,4, 214,5
310,6, 165,4
282,1, 174,8
247,4, 181,6
235,4, 181,1
151,6, 222,9
167,6, 206,1
178,5, 195,0
149,5, 199,0
170,1, 180,7
144,9, 166,2
178,3, 146,5
180,0, 136,7
129,6, 124,6
156,3, 106,8
177,8, 53,8
58,2, 52,1
62,7, 41,3
62,3, -20,9
103,7, -162,9
89,7, -187,8
38,5, -195,0
-474,6, -77,7
-612,8, -255,5
-621,9, -256,3
-611,1, -238,1
-443,9, -88,3
-256,3, 52,6
-269,1, 8,1
90,8, 136,3
126,5, 208,7
224,3, 287,7
182,2, 343,3
238,9, 358,5
286,0, 428,1
336,5, 509,8
387,7, 563,6
389,6, 565,5
482,9, 665,2
562,8, 678,1
623,6, 673,1
625,3, 674,1
907,6, 773,0
860,1, 679,6
671,5, 298,2
826,4, 450,8
869,7, 576,3
923,2, 624,8
923,4, 650,8
977,1, 711,3
1001,5, 736,4
885,4, 534,3
866,7, 539,4
707,0, 451,5
616,0, 363,6
387,7, 260,5
274,3, 185,1
160,6, 163,4
38,1, 79,9
88,5, 124,5
79,8, 111,7
76,7, 103,4
702,8, 435,1
750,3, 390,2
694,8, 372,2
709,9, 366,3
678,9, 344,7
674,9, 334,9
741,7, 378,8
774,2, 384,9
791,5, 396,9
909,5, 460,7
1073,0, 525,9
1152,3, 535,6
1203,7, 525,8
1246,7, 518,7
1273,3, 488,8
1289,5, 466,9
1281,1, 427,3
1281,0, 401,0
1307,3, 364,4
1342,6, 341,2
1492,3, 276,4
1648,4, 227,6
1670,1, 222,8
1694,2, 217,6
1719,8, 224,1
1726,5, 226,0
1748,3, 221,7
1754,0, 218,6
1762,2, 216,3
1775,4, 204,9
1789,7, 197,7
1799,8, 205,8
1803,7, 207,2
1807,5, 204,7
1821,8, 171,1
1848,2, 160,0
1835,7, 150,7
1841,1, 135,2
1835,1, 116,2
1817,8, 91,6
1587,9, 60,7
1433,1, 37,7
1098,6, -16,5
-235,1, -113,6
-262,7, -145,8
-245,4, -126,6
-216,4, -106,4
-221,0, -121,3
-204,7, -105,4
-243,0, -134,0
-236,2, -119,7
-245,6, -125,1
-279,4, -168,4
-220,3, -103,9
-241,9, -128,3
-246,6, -117,7
-151,6, -42,1
-143,8, -37,3
122,2, 171,8
359,3, 303,5
369,9, 327,0
420,7, 386,7
356,4, 467,4
408,2, 462,7
410,7, 542,4
496,9, 625,3
476,5, 627,5
467,8, 624,2
412,6, 578,6
489,0, 627,7
445,9, 592,3
380,6, 541,6
465,9, 566,8
383,6, 529,2
440,6, 553,2
439,3, 560,2
501,9, 595,1
511,5, 577,1
681,0, 567,5
691,5, 564,9
699,8, 549,3
697,0, 544,1
498,9, 569,3
369,5, 575,5
376,0, 569,6
378,3, 565,3
376,9, 566,7
381,6, 565,2
818,8, 940,0
881,9, 923,8
964,5, 932,8
944,2, 927,8
922,7, 906,8
886,2, 877,2
882,5, 872,5
794,5, 782,6
689,8, 700,0
637,8, 669,5
652,3, 662,4
599,2, 621,1
611,4, 636,2
636,3, 619,6
617,9, 617,9
605,5, 612,9
581,7, 604,9
553,8, 579,5
590,2, 567,1
576,9, 564,3
566,9, 574,1
553,1, 556,8
536,8, 550,3
529,3, 546,6
522,8, 540,2
517,8, 535,8
523,3, 544,3
522,1, 543,5
524,3, 547,8
457,6, 560,7
409,0, 644,6
355,7, 683,1
246,0, 785,7
238,4, 775,0
231,8, 790,2
232,5, 838,6
244,2, 896,1
221,4, 996,3
216,7, 1015,9
217,9, 1014,6
220,1, 1013,4
170,1, 1013,7
162,8, 1013,0
161,1, 1013,7
159,4, 1014,4
177,6, 1013,3
177,4, 1013,6
165,9, 1007,4
168,1, 1010,4
166,6, 1014,0
164,0, 1011,7
160,7, 1008,9
146,5, 1004,2
143,5, 1001,8
120,0, 976,6
114,2, 974,8
500,1, 485,4
504,3, 522,6
505,8, 523,6
498,9, 504,2
498,8, 503,8
498,2, 499,5
503,3, 487,6
504,9, 479,1
504,3, 478,3
478,9, 474,5
441,8, 481,6
139,0, 52,5
139,0, 52,5
126,6, 51,5
125,1, 51,3
34,1, 79,8
20,0, 84,5
86,7, 160,4
90,8, 88,0
95,0, 137,5
124,5, 185,6
212,0, 210,9
292,2, 369,6
334,5, 365,8
366,4, 415,6
409,5, 431,8
612,0, 674,1
613,4, 569,1
608,4, 571,0
608,9, 571,5
604,6, 581,9
1392,5, 730,5
1480,2, 710,5
1483,9, 712,8
1485,4, 697,4
1539,3, 684,5
1547,3, 659,2
1572,8, 640,5
1567,9, 547,5
1557,4, 514,2
1543,4, 462,0
1539,8, 422,9
1535,6, 332,0
1532,9, 301,9
1533,9, 327,6
1522,2, 200,1
1511,4, 163,2
1512,7, 128,5
1510,7, 126,5
1514,9, 102,8
1516,1, 87,3
1511,1, 53,9
1506,6, 26,1
1541,6, -17,7
1552,6, -28,4
1535,5, -20,6
1039,0, 1,6
354,1, 18,5
431,2, 17,6
319,7, 22,5
240,0, 15,7
188,9, 12,2
190,2, 18,6
196,6, 25,2
194,8, 23,9
199,1, 28,6
204,9, 33,6
206,4, 34,9
205,4, 34,6
221,9, 58,9
223,2, 60,1
221,5, 58,2
221,0, 57,5
221,5, 57,6
227,1, 63,4
207,3, 34,6
197,8, 22,4
179,1, -2,6
182,3, 1,6
284,1, 140,0
332,4, 198,4
350,5, 218,5
363,5, 230,5
369,8, 232,3
371,7, 223,8
379,1, 248,0
383,4, 265,7
362,5, 295,5
360,9, 309,4
403,8, 374,8
470,4, 450,4
525,2, 475,2
557,2, 487,3
599,6, 508,2
611,4, 517,7
631,1, 534,1
635,3, 549,2
355,3, 1334,8
427,0, 1338,4
423,7, 1355,3
437,1, 1358,2
439,3, 1358,9
450,2, 1358,6
458,8, 829,4
458,7, 690,9
445,9, 607,9
438,4, 564,6
450,0, 491,8
426,6, 489,1
381,8, 449,4
378,1, 436,3
241,3, 375,7
216,1, 316,5
128,3, 297,3
139,7, 287,9
118,3, 272,3
108,4, 267,0
46,5, 216,7
57,3, 179,3
40,9, 200,5
33,6, 194,6
12,6, 135,1
9,2, 85,7
6,3, 171,0
0,6, 150,3
-113,2, -87,4
-107,9, -52,1
-85,0, -2,0
-104,8, -34,6
-133,2, -122,1
-126,3, -100,0
-105,7, -57,5
-90,5, -22,4
-100,1, -40,9
-128,1, -136,1
-117,8, -102,7
-120,9, -111,8
-51,8, 78,9
-82,4, 74,7
-72,5, 76,0
-72,7, 73,0
-54,9, 88,6
-66,4, 81,6
5,9, -75,7
119,0, -15,7
213,7, 83,7
380,6, 365,8
499,1, 534,0
731,7, 797,7
753,4, 807,6
765,7, 812,6
761,3, 813,8
556,2, 879,5
591,7, 866,4
634,3, 856,5
780,5, 939,3
828,7, 966,3
875,0, 979,4
964,8, 1041,3
1048,2, 1102,2
1290,4, 1254,2
1304,8, 1267,0
1380,6, 1318,5
1378,0, 1315,8
1371,4, 1315,7
1355,8, 1307,4
1337,2, 1291,2
1308,0, 1271,8
1300,9, 1269,8
1300,2, 1269,5
1289,9, 1267,1
1286,3, 1266,0
1279,7, 1263,3
1270,9, 1259,6
1266,5, 1256,0
1264,4, 1254,8
1264,2, 1253,3
1262,1, 1248,3
1261,0, 1238,8
1258,4, 1238,8
1276,8, 1229,8
1290,8, 1220,0
1316,7, 1151,2
1060,8, 846,1
1025,3, 795,0
893,4, 689,2
502,8, 354,0
306,6, 197,4
305,8, 192,0
282,9, 153,7
266,1, 152,7
236,2, 141,0
117,2, 105,9
120,0, 106,2
144,8, 106,7
155,6, 110,9
145,3, 126,5
141,7, 154,3
148,8, 354,2
163,7, 532,1
47,4, 342,6
53,4, 359,9
56,3, 447,6
50,4, 552,0
46,0, 531,7
111,9, 1043,6
141,6, 1211,3
167,7, 1298,1
177,7, 1329,5
156,3, 1362,3
111,0, 1375,3
134,3, 1382,2
156,0, 1386,8
186,9, 1379,7
186,4, 1379,4
184,1, 1379,1
159,1, 1270,4
197,4, 1321,8
25,0, 996,0
94,2, 1039,6
-30,1, 657,9
-44,3, 674,9
-50,9, 627,8
-78,0, 539,7
-93,9, 449,7
2,0, 547,7
17,7, 539,1
39,7, 579,4
38,1, 557,1
99,3, 611,8
142,0, 648,0
190,5, 682,5
204,6, 735,4
215,3, 1009,2
230,9, 1041,2
236,4, 1065,6
228,0, 1063,4
235,5, 1061,6
227,7, 1054,3
206,3, 1048,9
204,3, 1048,5
195,4, 1039,2
165,6, 1008,6
200,0, 909,0
216,5, 804,4
224,7, 735,2
234,3, 685,1
230,5, 630,4
267,0, 691,5
304,9, 710,3
319,9, 701,6
327,0, 727,8
359,1, 736,0
371,0, 737,6
403,9, 776,4
422,6, 777,7
431,4, 782,7
440,5, 828,9
442,1, 807,9
421,7, 820,5
410,0, 826,8
414,7, 796,6
412,4, 800,2
376,3, 799,5
370,9, 800,5
354,0, 822,2
339,3, 839,3
295,0, 868,3
259,7, 886,9
237,9, 862,6
222,9, 871,9
206,0, 878,9
202,1, 852,1
166,2, 858,1
167,6, 855,4
167,2, 852,1
171,5, 847,6
176,0, 856,0
170,3, 1003,2
188,1, 1121,8
176,2, 1145,1
174,9, 1165,7
202,5, 1185,4
193,5, 1187,2
206,3, 1181,3
298,0, 1161,2
304,4, 1157,5
550,3, 982,5
617,4, 933,4
788,0, 803,3
789,5, 799,7
794,7, 796,9
807,3, 796,8
802,8, 789,9
805,7, 788,9
808,9, 783,1
695,3, 743,1
415,1, 669,3
410,2, 668,1
398,0, 654,9
395,7, 654,7
397,8, 663,4
392,1, 650,9
377,2, 659,4
387,4, 665,9
368,4, 676,9
340,0, 681,1
345,2, 684,0
352,3, 678,9
351,6, 679,2
352,4, 668,6
359,6, 680,5
357,3, 674,9
364,0, 683,9
349,6, 671,9
326,5, 661,8
326,7, 651,1
324,5, 650,3
363,4, 620,1
676,7, 584,9
823,7, 563,3
1037,7, 575,6
1028,0, 551,5
1152,1, 534,2
1246,4, 529,7
1341,2, 515,7
1499,9, 511,9
1569,8, 511,0
1891,5, 511,2
1889,9, 512,5
1893,6, 510,4
1895,7, 506,9
1903,4, 501,0
1908,3, 486,9
1908,9, 485,1
1907,0, 479,8
1903,7, 475,0
1920,2, 454,1
2148,8, 446,2
2098,6, 428,9
2291,6, 431,9
2287,3, 427,5
2427,1, 452,9
2542,0, 457,6
2582,4, 456,3
2582,6, 460,6
2590,3, 460,6
2595,0, 469,3
2599,6, 445,7
2613,9, 435,6
2518,1, 416,4
2179,1, 393,1
2031,5, 394,8
1891,2, 395,9
1732,3, 395,1
1657,3, 387,2
1673,1, 388,9
1655,2, 386,0
1081,4, 242,2
799,7, 179,2
951,9, 216,7
677,8, 157,6
385,1, 136,6
295,6, 114,3
87,5, -11,9
90,5, 1,1
77,8, -12,0
88,5, 1,6
51,6, -33,8
20,5, -66,3
13,5, -88,7
16,0, -71,5
15,6, -81,1
29,1, -69,4
52,1, -66,2
54,8, -65,9
54,8, -65,9
-59,5, -14,9
-144,6, 85,2
-152,9, 132,4
-284,0, 1,7
-305,7, -21,6
-103,2, 117,8
154,3, 309,6
180,6, 342,9
448,1, 568,6
436,5, 545,3
523,2, 481,9
533,1, 479,7
568,1, 451,2
567,4, 439,7
559,4, 437,3
559,1, 433,1
472,5, 356,2
435,2, 365,8
374,1, 404,0
434,6, 480,6
434,2, 458,9
487,6, 519,2
460,9, 541,1
417,3, 574,8
412,7, 575,1
394,6, 585,1
376,5, 591,8
380,2, 589,8
360,6, 588,9
356,6, 587,8
341,2, 565,9
326,0, 540,2
322,3, 532,9
313,9, 504,8
314,6, 512,4
293,4, 488,6
275,7, 480,9
929,4, 442,4
964,5, 434,8
967,0, 438,3
963,6, 431,7
977,9, 399,9
1037,4, 331,9
1059,0, 315,7
1133,2, 259,1
1263,4, 166,8
1283,2, 147,9
1356,0, 94,4
1427,2, 130,0
1410,9, 122,5
1440,6, 141,5
1424,5, 132,3
1419,5, 127,7
1433,0, 125,9
1419,5, 116,4
1421,0, 118,3
1411,0, 104,3
1422,4, 105,5
1427,2, 105,6
1419,0, 101,0
1387,1, 87,7
1179,6, 152,6
1041,3, 184,1
912,6, 221,1
911,9, 220,6
912,0, 220,4
916,3, 227,5
922,4, 244,4
920,2, 248,3
894,1, 258,3
899,6, 259,7
881,5, 252,1
880,5, 259,3
913,5, 252,7
839,1, 267,8
408,2, 265,1
291,7, 258,4
424,3, 266,7
284,2, 246,3
185,5, 243,6
157,2, 243,4
-9,4, 217,3
-19,2, 214,3
-21,3, 213,9
-17,3, 220,2
21,9, 253,9
34,7, 265,1
39,1, 269,8
61,6, 291,8
78,9, 311,6
132,9, 371,4
131,7, 360,2
129,2, 350,3
74,5, 355,3
13,9, 341,0
12,2, 342,9
14,1, 356,1
-0,1, 348,1
114,9, 431,0
180,4, 488,6
185,0, 492,3
189,0, 494,3
207,6, 513,4
221,1, 528,8
229,6, 509,4
231,6, 512,8
238,5, 524,4
246,4, 540,6
248,0, 542,3
246,5, 529,7
268,4, 512,5
296,9, 481,5
277,9, 493,5
300,1, 510,9
326,3, 547,8
586,3, 717,6
908,2, 858,7
1072,1, 918,0
1083,3, 925,6
1227,6, 973,9
1386,0, 1026,5
1427,2, 1042,7
1444,0, 1049,8
1460,9, 1053,0
1558,3, 1069,3
1559,8, 1061,9
1550,6, 1033,8
1558,2, 1052,3
1553,2, 1044,9
1522,6, 991,7
1517,2, 959,9
1516,3, 961,9
1509,5, 954,4
1481,9, 946,9
1163,0, 961,6
924,8, 982,6
602,6, 1006,9
645,9, 1004,9
347,5, 1021,5
176,2, 1034,6
-11,5, 1041,8
-17,1, 1038,9
-13,4, 1040,0
0,5, 1071,8
2,5, 1059,5
17,1, 1072,8
22,7, 1077,4
35,9, 1089,0
58,4, 1089,7
66,0, 1096,2
91,3, 1092,9
107,1, 1112,9
116,1, 1105,5
131,0, 1117,3
157,8, 1109,9
141,0, 1112,0
167,5, 1107,1
147,5, 1103,5
211,5, 1087,4
190,5, 1089,8
141,3, 862,4
134,9, 825,2
80,8, 800,9
84,7, 796,8
95,8, 798,6
52,2, 785,9
84,1, 785,5
124,8, 812,6
120,4, 811,6
169,4, 844,6
217,2, 850,6
214,8, 859,2
291,7, 863,2
260,3, 861,9
306,5, 866,8
277,0, 864,3
328,3, 863,9
289,1, 857,1
324,8, 850,6
292,6, 843,0
196,6, 791,8
216,8, 792,7
192,3, 788,1
223,4, 785,4
180,9, 773,6
124,9, 765,1
156,1, 762,4
95,2, 733,1
128,5, 734,5
133,3, 734,3
168,4, 735,0
102,7, 800,7
221,5, 794,2
171,2, 790,7
204,4, 785,9
166,9, 790,1
124,2, 792,1
157,1, 783,0
71,4, 758,6
64,6, 755,1
59,4, 748,9
89,9, 743,8
70,1, 737,3
99,9, 733,6
56,5, 733,9
97,7, 736,0
62,4, 740,6
110,9, 746,7
67,1, 748,3
55,9, 746,9
81,5, 748,7
71,6, 752,5
126,0, 748,4
117,4, 764,9
87,9, 778,3
140,4, 776,1
170,0, 745,2
216,4, 774,0
349,2, 800,7
905,6, 849,3
1077,3, 824,6
1179,5, 793,1
1301,2, 779,9
1470,9, 714,5
1653,8, 634,7
1666,7, 630,3
1773,6, 597,3
1977,2, 529,7
2011,2, 494,0
2023,8, 472,6
2030,2, 465,0
2036,8, 436,4
2041,5, 417,0
2045,8, 348,1
2057,3, 301,4
2065,8, 255,6
2066,8, 256,4
2067,3, 255,5
2070,2, 262,3
2068,7, 280,8
2068,5, 286,1
2073,7, 284,7
2075,3, 285,5
2075,9, 279,1
2078,7, 265,2
2078,2, 271,2
2076,6, 263,3
2063,1, 254,6
2035,9, 230,0
1732,0, 199,1
855,1, 163,3
561,2, 134,6
413,2, 113,7
198,2, 82,2
-16,9, -23,4
46,7, 19,1
-88,8, -86,8
-30,7, -60,7
51,8, -45,8
208,7, 40,7
199,1, 31,0
265,2, 87,8
321,5, 145,5
538,4, 333,6
574,2, 401,4
616,3, 424,8
599,3, 423,1
519,1, 391,8
497,6, 393,0
461,7, 393,3
322,4, 395,9
328,9, 427,0
324,5, 444,5
289,9, 445,2
306,4, 456,2
310,4, 458,3
306,3, 434,2
311,0, 442,4
268,7, 371,2
325,0, 467,6
330,7, 483,2
354,5, 517,0
357,6, 519,1
356,6, 491,9
358,4, 497,1
357,1, 488,3
373,9, 630,5
377,5, 652,3
388,9, 700,5
389,7, 703,2
386,7, 707,0
378,7, 709,8
373,6, 712,3
360,9, 683,9
352,4, 678,8
352,3, 675,3
343,6, 667,6
367,8, 579,7
367,5, 568,8
363,1, 533,5
357,9, 526,6
358,1, 515,4
355,0, 507,2
353,4, 512,9
349,1, 507,5
357,8, 510,4
357,6, 510,5
355,4, 510,0
354,7, 510,5
352,7, 507,5
358,0, 506,1
356,1, 505,9
350,9, 511,0
350,1, 510,5
349,0, 513,1
354,2, 497,3
352,7, 494,1
343,8, 494,4
336,2, 492,2
302,8, 538,5
172,1, 560,0
152,1, 551,6
133,5, 555,2
69,8, 540,8
66,3, 538,6
41,9, 523,3
61,8, 545,7
105,6, 583,8
155,5, 549,5
160,1, 524,3
219,9, 434,4
292,0, 420,0
342,3, 359,7
273,6, 337,6
263,6, 224,5
267,1, 213,7
305,2, 223,4
288,2, 209,0
290,0, 214,1
317,7, 266,3
340,1, 291,1
340,1, 292,0
342,6, 293,6
346,4, 294,8
350,0, 295,9
369,2, 300,5
370,3, 301,5
372,6, 299,2
336,7, 296,9
350,1, 330,1
350,6, 341,4
347,6, 398,8
345,6, 412,7
337,8, 406,4
318,6, 393,2
316,5, 386,7
325,8, 386,7
324,6, 390,5
323,8, 390,0
325,1, 389,4
327,5, 379,9
325,9, 373,6
323,7, 365,9
313,7, 348,6
315,5, 314,1
316,4, 291,7
316,0, 225,9
255,0, 221,1
194,6, 199,6
191,0, 196,7
157,4, 164,8
128,9, 140,4
131,9, 145,8
85,5, 105,5
51,4, 74,0
-3,4, 20,7
-81,2, -79,1
-112,3, -115,6
-115,3, -117,2
-128,1, -130,8
-132,2, -128,5
-147,6, -163,3
-169,4, -175,8
-224,5, -213,0
-196,3, -195,5
-241,2, -215,9
161,8, 201,7
236,2, 253,9
402,0, 395,7
362,3, 357,3
394,7, 381,2
566,7, 508,9
570,9, 511,8
647,5, 577,4
616,3, 551,4
641,9, 550,0
638,6, 546,2
620,8, 538,4
618,5, 537,9
621,7, 535,6
628,5, 538,8
638,7, 540,8
647,9, 549,0
662,6, 556,0
673,0, 558,5
716,6, 556,8
783,1, 575,8
804,1, 590,6
853,1, 623,5
913,6, 662,5
905,8, 656,1
1010,7, 730,3
996,1, 723,5
997,2, 724,7
995,0, 728,4
992,6, 726,1
993,4, 718,0
991,8, 715,4
992,1, 716,5
992,3, 717,3
993,1, 723,6
993,6, 720,0
995,5, 718,9
998,1, 719,4
998,0, 717,3
995,7, 718,3
993,2, 718,9
995,4, 718,2
978,8, 719,2
979,1, 719,6
979,2, 724,2
978,7, 723,6
978,3, 722,4
983,6, 722,7
990,0, 719,3
989,4, 717,0
977,6, 720,1
945,3, 727,2
926,1, 741,6
480,4, 1036,2
368,2, 1125,1
217,0, 1236,1
202,7, 1254,5
276,9, 1180,6
230,3, 1205,6
225,1, 1225,6
192,0, 1280,1
162,8, 1293,7
175,0, 1299,2
199,8, 1281,1
124,8, 1286,5
154,3, 1285,1
176,3, 1289,8
238,0, 1296,8
102,2, 1291,1
120,3, 1313,7
78,6, 1329,6
77,2, 1343,5
23,0, 1342,5
-2,0, 1341,1
54,9, 1338,6
63,5, 1342,5
57,7, 1341,7
378,9, 1356,2
348,2, 1360,7
576,8, 1386,0
870,6, 1413,6
1252,0, 1450,1
1440,6, 1470,9
1439,6, 1471,2
1484,7, 1485,3
1485,3, 1487,3
1482,8, 1472,9
1474,3, 1472,1
1466,4, 1468,5
1465,7, 1464,0
1461,6, 1462,5
1463,5, 1463,9
1416,3, 1472,8
1399,3, 1463,6
845,0, 1295,2
382,1, 1140,4
349,4, 1130,9
301,3, 1113,7
306,4, 1113,0
287,8, 1105,1
233,7, 1081,2
135,7, 1040,2
91,6, 1019,9
111,0, 1032,6
116,0, 1036,1
17,0, 1007,2
8,8, 1006,3
-4,6, 1001,6
-3,0, 999,8
17,4, 1017,5
68,6, 1108,1
-81,1, 1072,2
-100,2, 1069,0
-10,4, 1118,4
0,4, 1135,2
58,2, 1074,8
62,1, 1056,3
67,9, 1032,4
50,1, 1022,9
54,4, 1016,2
59,7, 1008,6
52,5, 1006,6
50,6, 1006,8
50,0, 1005,3
55,3, 1003,3
64,0, 1010,0
92,0, 1013,4
103,0, 1017,1
104,8, 1016,1
152,1, 992,1
97,6, 915,5
105,7, 919,4
104,0, 907,7
142,7, 903,8
116,1, 897,4
67,4, 894,6
92,8, 903,3
37,8, 942,7
60,8, 941,8
66,5, 936,8
95,4, 936,0
57,1, 927,5
87,5, 928,1
58,7, 929,1
97,6, 933,5
65,3, 936,2
101,9, 933,3
53,7, 934,8
5,4, 900,8
23,0, 901,3
17,8, 895,2
67,3, 895,9
52,7, 893,4
13,7, 894,9
60,4, 897,6
5,2, 906,7
40,8, 902,4
48,4, 897,3
81,7, 893,3
228,5, 862,2
345,8, 837,6
662,3, 738,9
944,6, 613,6
973,2, 589,5
1053,8, 555,5
1063,9, 544,5
1071,5, 535,6
1150,3, 385,2
1178,9, 451,7
1173,1, 388,9
1175,2, 386,9
1179,8, 391,1
1193,3, 381,4
1199,6, 370,6
1198,5, 376,6
1201,0, 372,0
1221,1, 374,2
1237,8, 371,6
1249,1, 375,9
1257,3, 339,4
1259,1, 336,2
1284,7, 339,2
1289,7, 321,9
1291,7, 316,7
1301,1, 320,0
1304,2, 312,6
1332,7, 308,5
1331,2, 299,5
1327,4, 270,2
1346,2, 266,5
1359,9, 261,1
1367,3, 257,2
1422,7, 107,4
1466,1, 130,5
1475,8, 137,7
1490,1, 148,0
1437,7, 161,6
1192,2, 273,1
1149,2, 295,3
1112,7, 316,0
1090,7, 330,2
1077,4, 348,4
1072,2, 347,4
1067,7, 347,0
1060,6, 348,2
1061,2, 347,4
714,2, 225,6
728,1, 226,2
736,7, 228,1
584,7, 191,4
533,5, 187,7
454,7, 224,2
315,9, 196,9
290,8, 173,2
168,4, 72,1
148,8, 43,9
265,0, 137,5
239,0, 160,7
206,4, 173,9
193,6, 159,9
127,0, 90,2
117,0, 81,0
87,9, 82,7
-57,2, 69,1
-81,0, 97,4
-87,6, 120,3
-238,3, 234,9
-225,0, 243,2
-226,9, 238,6
-196,3, 261,6
-212,4, 249,8
-278,8, -19,0
-159,4, -37,3
-86,8, 37,7
-187,3, 1,8
-160,4, -6,2
-52,6, 50,0
-62,7, 47,2
-111,6, 42,5
-107,1, 45,0
-125,6, 33,6
-113,2, 40,2
-106,6, 42,7
-93,7, 50,3
-94,1, 52,0
-86,7, 50,3
46,5, 52,4
-11,9, 51,3
-80,6, 57,4
-68,1, 53,6
-70,0, 71,1
-33,4, 104,7
62,4, 201,3
155,2, 296,8
154,7, 281,7
1221,1, 1002,6
1291,9, 959,4
1337,4, 977,5
1339,2, 967,3
1339,1, 960,0
1341,5, 942,9
1341,8, 925,3
1321,2, 895,8
1326,1, 898,2
1326,6, 889,1
1399,0, 863,0
1517,4, 812,5
1585,7, 787,5
1591,6, 785,6
1681,3, 751,6
1757,3, 715,7
1761,5, 695,1
1764,3, 696,6
1762,8, 700,3
1764,2, 699,6
1736,1, 699,2
1539,8, 736,5
1483,3, 744,7
1291,3, 769,7
1294,6, 769,1
963,1, 803,8
958,6, 804,4
953,7, 801,4
947,8, 798,6
949,3, 799,1
949,8, 796,0
945,5, 790,8
944,5, 788,3
939,3, 782,6
955,3, 791,8
959,0, 795,2
967,7, 801,3
965,5, 800,4
966,1, 801,0
974,6, 808,3
977,1, 811,1
959,9, 811,7
955,1, 815,0
866,6, 827,1
235,3, 924,0
67,8, 944,9
-40,3, 963,9
-85,7, 961,1
-84,3, 968,3
-47,6, 957,0
-28,4, 985,7
-20,6, 985,0
15,4, 984,6
22,3, 981,9
28,4, 1006,5
31,8, 1005,0
71,5, 1003,9
77,9, 1007,3
86,6, 1014,9
78,7, 1021,0
78,1, 1026,1
78,3, 1032,1
88,8, 1026,4
100,0, 1036,9
99,8, 1033,7
91,9, 1037,7
91,7, 1028,7
74,6, 1030,9
104,9, 1038,5
127,5, 1051,5
99,2, 1048,3
103,4, 1048,8
84,7, 1045,0
10,2, 1031,1
-66,6, 1088,3
-5,3, 1130,8
-38,3, 1124,5
-31,5, 1152,6
-30,1, 1154,7
-43,5, 1155,3
-53,1, 1136,9
-93,9, 926,4
-64,3, 840,2
-67,4, 784,9
-46,3, 780,6
-34,3, 762,4
-113,4, 773,8
-93,1, 772,5
-63,8, 776,5
-28,0, 798,3
-21,7, 801,8
76,3, 836,6
138,6, 862,7
281,4, 913,4
278,3, 920,8
288,6, 920,6
243,7, 983,6
297,3, 1010,4
296,5, 1020,8
258,5, 1055,0
290,2, 1081,4
262,2, 1079,4
258,5, 1077,1
262,0, 1099,0
256,3, 1116,4
288,0, 1114,6
292,7, 1113,8
262,8, 1109,6
271,3, 1105,2
260,8, 1097,5
277,8, 1094,0
269,8, 1089,6
227,5, 1085,7
244,9, 1084,8
281,8, 1078,1
247,6, 1077,1
262,2, 1077,6
296,5, 1072,1
180,6, 1038,2
191,1, 1040,4
175,2, 1005,3
211,2, 1001,1
192,8, 971,6
145,4, 926,1
180,0, 922,4
115,2, 850,4
143,0, 858,6
160,3, 849,8
202,6, 833,0
150,7, 820,0
181,0, 822,2
124,1, 805,4
155,6, 799,3
113,9, 789,7
145,6, 800,3
86,7, 790,3
41,2, 782,0
57,9, 785,7
50,1, 775,6
94,3, 774,7
79,0, 765,0
32,3, 753,7
70,4, 765,7
17,9, 747,8
48,0, 755,5
59,8, 762,7
100,2, 776,1
64,5, 770,1
120,9, 783,4
141,0, 824,1
1002,7, 1863,8
882,9, 1973,8
921,1, 1962,5
962,7, 1986,0
972,4, 1989,1
926,5, 2018,3
