Listening for gaze data, press any key to exit...
667,6, 752,8
666,0, 751,7
664,5, 750,1
639,8, 733,2
621,2, 721,8
620,4, 714,6
625,0, 714,3
602,6, 644,7
592,6, 615,7
571,1, 712,5
568,2, 696,4
551,9, 652,0
555,4, 656,9
561,1, 652,4
564,7, 648,7
574,7, 656,9
648,6, 713,4
679,3, 736,6
694,0, 748,2
695,4, 750,5
689,6, 750,0
688,7, 748,8
689,1, 748,7
697,6, 753,0
707,2, 763,2
720,7, 769,4
726,0, 761,9
703,1, 754,3
708,5, 760,2
707,9, 751,8
711,6, 748,5
1996,7, 186,0
2008,4, 177,6
2008,4, 177,6
2027,4, 167,0
2021,6, 140,7
1840,6, 542,5
1733,6, 186,4
1595,6, 30,7
1592,9, 12,0
1443,1, -18,4
1429,3, -5,9
1425,0, -6,5
1414,2, -15,0
1399,1, -35,8
1393,7, -76,6
1358,8, -70,5
1353,1, -67,3
1345,6, -66,3
1342,7, -56,3
1348,6, -63,5
1366,8, -118,2
1378,8, -129,9
1386,0, -148,3
1396,0, -129,2
1428,1, 35,2
1608,0, 1564,2
1849,6, 1939,0
1717,1, 2101,7
1557,9, 1775,3
1312,0, 1248,4
1417,5, 1531,2
1380,6, 1427,6
1321,7, 1260,0
1236,6, 1051,5
1200,0, 967,5
1197,8, 966,6
1220,6, 983,4
1220,8, 985,2
1226,8, 991,1
1236,4, 1002,0
1238,2, 1004,4
1237,9, 1004,3
1215,0, 992,1
791,8, 672,6
746,1, 637,3
726,5, 621,4
706,7, 604,1
646,2, 552,9
645,7, 552,1
640,9, 555,5
637,8, 554,4
646,7, 558,1
680,1, 576,2
694,3, 591,6
703,5, 600,2
704,4, 601,9
704,4, 603,3
703,1, 602,9
706,4, 603,5
708,9, 606,7
711,2, 604,1
712,4, 600,6
714,9, 601,4
725,3, 608,9
727,4, 613,6
721,7, 610,5
727,6, 622,2
732,1, 632,4
705,0, 625,8
701,0, 624,8
673,0, 570,7
667,1, 561,5
665,6, 561,3
664,2, 558,6
661,6, 563,6
672,8, 573,5
662,8, 579,2
676,6, 592,3
698,0, 609,5
722,5, 628,7
721,5, 630,9
707,0, 635,3
710,5, 637,0
713,3, 632,5
715,8, 626,6
719,3, 626,4
717,2, 626,9
714,0, 631,5
711,7, 622,5
711,7, 626,1
713,4, 616,2
700,4, 596,0
710,7, 608,5
709,4, 606,0
706,0, 601,0
1304,4, 212,9
1353,5, 1164,0
1366,6, 721,0
1429,7, 775,4
1708,3, 1546,1
1624,3, 1291,0
2020,5, 2160,2
2079,0, 2271,1
2172,2, 2328,1
2176,0, 2393,4
2185,1, 2367,9
2174,1, 2376,0
2194,3, 2313,0
2224,2, 2353,1
2208,4, 2332,4
2244,8, 2422,9
2267,3, 2432,4
2265,4, 2477,2
2279,6, 2529,7
2279,7, 2520,8
2273,0, 2532,1
2279,7, 2548,6
2294,5, 2626,2
2286,6, 2625,1
2285,2, 2623,4
2214,1, 2564,0
2170,4, 2522,2
1008,3, 1142,1
380,4, 437,3
266,8, 413,0
-65,1, 575,9
-61,3, 595,9
-59,8, 594,0
-65,1, 589,5
-67,8, 588,0
-331,8, 511,4
-306,7, 514,1
-321,7, 500,3
-361,4, 494,2
-322,3, 501,0
-295,2, 509,9
-304,1, 494,2
-298,2, 500,5
-291,5, 493,9
-292,4, 485,9
-48,5, 972,1
-62,3, 959,7
-66,2, 925,4
-352,6, 774,9
-365,4, 768,3
-365,4, 768,3
-170,4, 1226,9
-171,2, 1209,4
-178,1, 1197,1
-166,6, 1193,2
-112,2, 1218,4
-100,5, 1221,2
-38,4, 1239,5
69,9, 1279,6
120,5, 1271,8
60,9, 1285,9
72,8, 1273,8
73,7, 1268,2
15,9, 1273,9
30,7, 1270,7
62,0, 1289,8
152,7, 1302,1
165,2, 1306,0
134,0, 1319,1
157,4, 1310,8
115,6, 1302,5
135,6, 1298,6
132,8, 1299,4
139,2, 1299,1
121,6, 1303,5
135,7, 1296,5
118,5, 1301,1
151,3, 1291,5
139,5, 1375,1
166,1, 1396,7
171,7, 1427,1
105,8, 1469,7
130,9, 1456,1
112,2, 1459,0
112,4, 1459,2
112,5, 1471,9
113,0, 1471,7
74,8, 1454,2
76,6, 1453,3
94,9, 1451,1
174,9, 1437,3
191,0, 1448,7
201,2, 1450,4
201,1, 1451,4
213,0, 1444,7
218,7, 1434,9
208,8, 1436,9
183,3, 1433,5
77,4, 1435,8
327,9, 1394,3
296,5, 1404,2
407,8, 1390,4
889,7, 1353,7
1003,5, 1344,4
1177,5, 1325,6
1318,3, 1259,9
1282,5, 1263,3
1336,9, 1245,4
1343,0, 1241,1
1340,8, 1241,2
1357,9, 1230,0
1357,7, 1231,0
1360,5, 1233,0
1369,2, 1228,2
1371,6, 1226,7
1377,2, 1225,5
1377,2, 1226,8
1379,9, 1227,8
1382,6, 1233,7
1382,7, 1232,8
1382,5, 1233,1
1383,3, 1238,2
1382,6, 1230,6
1383,6, 1229,8
1383,7, 1230,1
1384,4, 1231,7
1385,9, 1232,7
1390,3, 1232,2
1389,1, 1227,6
1388,8, 1226,6
1388,5, 1229,2
1419,8, 1224,1
1492,1, 1222,4
1791,5, 1230,8
1992,4, 1227,8
2072,9, 1227,1
2090,2, 1226,9
2147,3, 1227,3
2152,6, 1226,2
2201,3, 1223,3
2202,7, 1223,5
2203,1, 1223,0
2209,0, 1220,0
2208,3, 1217,8
2207,2, 1212,2
2312,9, 1203,8
2477,7, 1199,8
2440,7, 1209,9
2440,0, 1210,2
3478,9, 1139,2
3422,8, 1133,0
3465,3, 1137,4
3464,9, 1133,6
3448,9, 1136,7
3462,0, 1133,8
3531,4, 1172,4
3483,3, 1233,7
3392,6, 1335,3
2845,6, 1871,6
2855,3, 1849,5
2321,4, 2101,8
2265,2, 2097,5
2260,2, 2104,6
2157,9, 2137,4
2140,4, 2178,0
2145,2, 2255,4
2139,5, 2312,4
2128,2, 2379,7
2167,9, 2514,2
2280,2, 2557,5
2283,4, 2562,4
2324,3, 2568,5
2326,0, 2567,8
2321,1, 2559,5
2314,7, 2547,7
2294,9, 2516,7
2188,5, 2268,3
2222,6, 2372,9
2242,7, 2467,6
2216,3, 2444,8
2224,6, 2460,7
2094,1, 2314,7
1881,7, 2099,0
1219,9, 1425,2
1124,9, 1332,9
942,7, 1164,8
859,9, 1101,0
674,3, 966,3
675,9, 957,5
662,0, 947,8
608,1, 924,8
616,8, 922,1
614,6, 918,0
617,0, 915,4
615,4, 915,6
611,8, 898,9
607,7, 909,8
608,5, 901,9
602,0, 899,1
582,5, 896,7
584,3, 901,9
611,6, 912,6
585,5, 902,5
613,8, 913,5
510,9, 937,1
88,8, 819,3
36,9, 1029,2
72,3, 990,4
128,4, 933,8
80,5, 1067,9
31,2, 1206,8
-7,8, 1192,0
-147,9, 1087,5
-384,2, 902,6
-393,2, 879,5
-278,5, 872,9
-230,7, 871,6
-266,2, 843,6
-260,4, 844,5
-212,4, 855,5
-209,4, 848,0
-156,5, 729,6
-167,6, 722,4
-137,8, 723,1
-149,2, 721,9
-184,9, 716,4
-173,2, 717,6
-132,9, 729,8
-139,0, 728,9
-125,5, 736,6
-156,4, 786,6
-110,7, 807,9
-129,8, 807,4
-148,3, 789,3
-119,1, 789,8
-114,0, 786,4
-115,7, 783,5
-102,3, 790,0
-96,8, 792,8
502,8, 744,9
609,3, 748,7
560,7, 744,8
623,6, 747,2
783,2, 747,0
1170,7, 754,9
1252,6, 777,1
1305,8, 788,8
1305,2, 788,0
1298,2, 774,8
1310,2, 778,3
1311,2, 777,6
1307,0, 755,6
1302,9, 747,9
1301,5, 737,6
1303,2, 742,5
1320,1, 764,0
1404,0, 883,4
1551,8, 1109,8
1625,3, 1240,0
1694,6, 1366,4
1730,3, 1438,8
1754,2, 1487,0
1878,7, 1722,7
2092,7, 2124,0
2115,4, 2161,9
2195,5, 2281,2
2296,8, 2454,0
2368,4, 2571,0
2367,5, 2594,2
2361,7, 2620,5
2346,5, 2616,9
2344,1, 2616,3
2349,3, 2625,9
2362,6, 2631,7
2376,6, 2630,4
2368,8, 2608,7
2358,6, 2584,1
2393,8, 2610,5
2403,9, 2621,2
2419,5, 2635,8
2400,6, 2614,8
2408,6, 2615,3
2396,0, 2599,2
2395,5, 2597,6
2360,3, 2571,9
2362,4, 2543,7
2357,8, 2544,6
2348,8, 2533,5
2368,4, 2521,1
307,2, 418,1
310,8, 406,3
310,8, 406,3
38,9, 467,1
17,0, 473,6
-20,2, 477,7
-172,9, 445,4
-213,8, 436,5
-283,1, 385,5
-300,1, 372,5
-339,7, 490,3
201,4, 986,0
220,0, 983,3
255,7, 979,4
269,9, 984,4
263,1, 985,1
243,6, 983,6
245,0, 982,9
254,3, 980,4
263,0, 984,7
256,0, 965,2
251,2, 973,2
253,6, 976,3
252,8, 974,7
221,5, 939,7
227,3, 935,7
226,5, 936,7
223,9, 931,9
228,4, 944,1
233,8, 930,5
220,3, 923,9
218,0, 902,0
217,5, 890,9
216,2, 868,3
215,9, 839,2
206,1, 814,8
212,7, 803,0
218,5, 783,3
224,0, 790,8
232,5, 797,1
233,9, 784,4
221,5, 772,6
218,2, 770,3
217,2, 777,8
230,8, 783,0
239,7, 786,0
240,7, 776,6
232,2, 781,8
238,7, 782,0
252,0, 783,0
225,9, 771,5
238,9, 782,9
255,1, 784,4
511,7, 867,2
501,2, 860,9
517,1, 868,0
501,0, 854,4
544,4, 864,7
543,1, 866,1
1311,8, 1308,4
1260,2, 1280,4
1302,9, 1321,9
1337,4, 1366,2
1389,7, 1405,1
1376,1, 1410,5
1585,7, 1790,4
1619,4, 1851,9
1774,8, 2092,9
1848,1, 2160,6
1925,4, 2231,9
2121,9, 2433,2
2134,1, 2450,5
2148,3, 2469,8
2166,6, 2483,2
2243,1, 2551,8
2260,3, 2573,1
2244,9, 2559,5
2256,2, 2550,2
2308,1, 2548,7
2334,5, 2583,5
2410,8, 2629,9
2445,3, 2657,3
2435,5, 2634,5
2371,9, 2627,9
2339,3, 2611,6
2332,5, 2610,3
2378,2, 2621,6
2475,2, 2709,0
2476,5, 2685,1
2453,4, 2683,5
2447,6, 2702,0
2438,9, 2707,0
2441,5, 2708,1
95,3, 759,5
127,5, 775,9
163,5, 796,0
141,1, 783,3
170,7, 799,5
175,7, 802,1
403,5, 742,9
777,6, 852,5
873,7, 828,4
1230,6, 900,2
1502,9, 938,4
1694,3, 948,9
1872,7, 972,1
2062,5, 979,3
2199,1, 982,2
2241,2, 1014,3
2400,0, 1032,2
2433,1, 1047,4
2452,3, 1058,7
2502,6, 1091,8
2500,0, 1093,1
2553,7, 1141,1
2547,9, 1147,6
2552,7, 1140,9
2552,6, 1141,1
2575,4, 1137,0
2589,9, 1127,4
2549,1, 1129,0
2512,9, 1129,7
2388,1, 1122,0
2271,4, 1115,6
2234,3, 1113,6
1978,0, 1100,4
1967,6, 1107,7
1985,6, 1096,1
1980,5, 1104,1
2010,3, 1090,4
1983,8, 1104,9
1966,8, 1103,0
1937,7, 1115,0
1932,5, 1114,1
1288,4, 1152,5
927,9, 1169,4
877,7, 1173,2
817,9, 1175,8
813,6, 1176,2
811,4, 1175,9
793,9, 1179,3
797,4, 1177,2
799,9, 1177,7
818,0, 1186,6
819,0, 1188,3
816,9, 1189,7
690,4, 1198,7
190,5, 1023,9
222,8, 1038,5
109,4, 1064,5
104,2, 1069,7
66,3, 1084,0
-173,4, 1301,3
-180,4, 1299,9
-172,9, 1303,6
-185,3, 1303,0
-234,0, 1159,7
-233,9, 1126,4
-224,6, 1123,0
-238,4, 1125,1
-231,5, 1115,4
-251,2, 1116,5
-257,6, 1126,9
-220,7, 1137,7
-227,9, 1137,9
-258,0, 1124,5
-269,6, 1107,1
-196,0, 1057,2
-208,2, 1045,5
-213,9, 1015,1
-222,6, 984,0
-226,3, 975,3
-221,5, 916,7
-126,3, 635,3
-171,5, 788,2
-211,9, 902,0
325,5, 1094,6
332,6, 1121,3
336,6, 1118,7
352,3, 1106,5
734,3, 1188,9
768,9, 1194,9
787,2, 1197,4
851,6, 1206,8
866,9, 1203,5
882,1, 1210,1
873,0, 1207,6
871,4, 1206,4
893,5, 1210,4
924,3, 1218,8
934,4, 1220,5
958,2, 1232,8
960,2, 1233,4
962,3, 1224,7
970,2, 1222,9
987,2, 1220,8
992,4, 1219,9
1006,2, 1218,0
1014,8, 1218,2
1027,1, 1219,2
1034,2, 1221,7
1069,1, 1228,4
1092,7, 1232,5
1480,7, 1331,4
1494,6, 1331,7
1525,6, 1338,7
1585,1, 1353,9
1599,1, 1355,9
1621,9, 1366,3
1630,6, 1369,1
1605,7, 1361,3
1598,1, 1358,9
1594,6, 1358,2
1598,1, 1355,5
1606,3, 1362,1
1604,0, 1358,0
1624,1, 1364,2
1626,3, 1365,0
1627,4, 1365,8
1626,8, 1366,3
1617,9, 1364,0
1622,3, 1365,6
674,5, 961,3
413,4, 874,0
220,3, 795,7
30,9, 719,0
17,5, 722,9
-49,4, 706,5
-92,1, 683,0
-85,3, 685,5
-87,0, 685,3
-52,7, 699,9
-27,0, 709,2
46,8, 749,3
43,1, 744,2
85,8, 769,1
100,6, 775,0
123,2, 791,3
139,0, 788,1
154,7, 791,5
149,3, 791,2
149,0, 790,2
149,9, 786,6
155,6, 786,2
160,7, 785,7
168,0, 784,5
803,7, 934,9
1010,4, 973,9
1141,7, 996,4
1202,0, 1000,9
1238,6, 979,0
1244,6, 960,5
1307,6, 909,4
1286,1, 850,0
1269,2, 820,4
1259,0, 799,2
1260,1, 799,6
1259,7, 789,9
1260,4, 791,4
1260,7, 791,8
1259,1, 789,9
1259,6, 788,6
1258,0, 787,6
1252,1, 784,7
1251,1, 785,5
1251,2, 785,0
1251,0, 785,5
1252,2, 780,4
1253,2, 778,2
1258,7, 781,4
1261,2, 779,2
1260,9, 777,6
1257,4, 778,1
1257,4, 777,0
1255,0, 772,4
1255,5, 770,9
1276,6, 776,2
1508,0, 831,2
1731,8, 889,0
2010,8, 958,5
1967,3, 943,2
2079,3, 973,1
2179,0, 999,2
2268,0, 1017,9
2315,3, 1026,1
2397,1, 1051,4
2387,5, 1054,2
2359,1, 1056,7
2331,8, 1056,7
2300,7, 1055,8
2290,9, 1054,2
2251,5, 1024,7
2129,7, 1026,3
2182,1, 1032,8
1558,2, 954,9
1028,2, 903,3
954,8, 905,2
951,9, 906,9
876,1, 913,5
718,2, 920,0
708,1, 944,1
708,7, 945,7
662,5, 927,9
661,3, 923,0
668,3, 925,4
600,5, 905,5
615,2, 910,1
633,6, 914,5
625,7, 914,4
629,7, 914,6
633,1, 916,5
328,3, 841,6
179,6, 800,9
166,7, 790,4
101,4, 800,3
-10,2, 816,1
-117,0, 967,9
-112,5, 956,1
-101,4, 955,4
-91,3, 973,0
-94,9, 966,0
-116,0, 945,0
-128,3, 961,3
-133,6, 963,5
-121,0, 970,9
-116,0, 959,1
-131,1, 967,7
-127,4, 966,4
-120,1, 967,4
-161,7, 956,5
-174,1, 949,6
-43,8, 891,0
354,1, 861,6
564,6, 833,6
803,7, 780,3
866,6, 764,5
899,7, 759,5
889,8, 760,8
890,1, 761,5
983,7, 729,8
988,1, 729,9
998,5, 724,9
1004,8, 722,3
1023,8, 716,7
1079,5, 695,8
1096,7, 693,1
1100,7, 691,5
1103,7, 683,0
1095,8, 685,5
1393,7, 507,1
1381,6, 510,8
1532,6, 384,0
1656,2, 290,6
1713,9, 254,7
1771,1, 216,9
1878,9, 132,5
1898,9, 147,7
1904,4, 152,0
1902,4, 146,2
1904,1, 141,3
1912,5, 120,2
1914,7, 113,5
1918,0, 107,5
1931,6, 88,0
1910,1, 105,6
1919,7, 101,0
1916,0, 92,4
1879,3, 81,4
1855,2, 59,9
1289,5, -53,2
575,2, -156,9
416,9, -175,1
346,8, -199,0
350,0, -194,0
514,0, -33,5
618,0, 71,3
1102,5, 152,1
1208,3, 156,3
1122,0, 146,2
1288,6, 159,2
1729,5, 147,9
1953,6, 145,7
1818,2, 148,5
2316,5, 70,1
2540,0, 46,0
2646,2, 26,9
2891,2, -18,5
2938,8, -22,6
2930,7, -31,8
2930,9, -31,2
2902,2, 27,9
2897,2, 40,0
2887,6, 43,5
2877,9, 44,6
2914,3, 2,9
2921,5, -3,5
3176,9, -52,1
3306,8, 116,1
3083,7, 42,8
2971,8, 26,3
2706,4, -40,8
2706,4, 81,9
2701,3, 67,1
2386,9, 219,9
2389,1, 234,5
2100,5, 600,5
1904,2, 655,7
1704,2, 593,9
1521,5, 553,6
1378,4, 484,2
1338,9, 473,9
1217,5, 405,7
972,1, 272,7
947,7, 231,5
927,4, 206,2
691,5, 90,5
526,9, 218,1
618,8, 234,4
1565,2, 395,8
2620,9, 77,2
2620,9, 77,2
1865,3, 333,6
1687,5, 394,0
1606,7, 391,3
3376,2, 481,4
3149,4, 569,5
3188,9, 616,8
3161,0, 630,2
3179,3, 629,2
3143,7, 635,9
3159,7, 628,7
3089,4, 627,5
3068,7, 628,3
3168,8, 626,7
3061,9, 672,9
3175,9, 630,7
3189,4, 633,0
3137,3, 652,1
3168,5, 660,2
3157,3, 663,6
3167,2, 676,8
3112,9, 680,5
3153,3, 686,8
3182,4, 669,5
3163,1, 664,1
2979,3, 711,1
2890,6, 704,6
2839,5, 718,7
2618,3, 760,8
2473,0, 789,1
2134,8, 860,7
2049,9, 888,1
1810,0, 957,4
1883,2, 937,1
1826,2, 951,2
1602,4, 1005,4
1596,0, 992,4
1592,6, 996,7
1569,2, 942,5
1543,4, 902,4
1511,3, 890,5
1328,5, 883,8
395,0, 41,1
-156,7, 727,1
-191,9, 708,5
-213,5, 636,0
-225,9, 576,2
-251,2, 566,6
-244,1, 568,6
-207,7, 585,1
-214,8, 581,2
-210,6, 568,6
-437,7, 469,0
-448,3, 471,2
-445,0, 475,6
-451,9, 469,9
-451,1, 470,6
-447,5, 473,8
-253,8, 460,2
-246,0, 467,5
-236,6, 477,6
-248,5, 448,7
-250,2, 452,7
-250,2, 452,7
444,3, 107,4
647,7, 85,2
739,8, 22,9
770,7, 12,7
843,3, 20,4
919,6, 79,9
942,6, 88,8
950,2, 97,6
977,6, 132,5
1013,6, 172,6
1018,4, 168,0
1026,8, 188,0
1039,3, 186,3
1042,9, 186,6
1049,9, 175,7
1054,6, 172,2
1059,7, 166,6
1063,3, 158,4
1060,3, 165,1
1070,7, 167,9
1076,6, 167,9
1086,5, 168,4
1088,8, 166,9
1093,3, 154,1
1116,9, 130,6
1163,8, 96,5
1331,1, 104,6
1364,7, 90,8
1386,2, 83,6
1472,7, 75,6
1493,6, 30,2
1498,3, 14,5
1504,9, -1,5
1506,2, -7,4
1503,2, 4,8
1516,9, 1,2
1650,3, 50,0
1637,0, 35,9
1722,6, -17,2
1793,3, -4,7
1810,7, 17,3
1830,2, -13,8
1837,0, -20,8
1850,6, -31,2
1883,1, -49,3
1887,3, -53,3
1897,1, -51,2
1905,3, -52,5
1915,4, -59,7
1927,8, -91,0
1931,8, -90,5
1933,0, -88,5
1936,8, -91,1
1930,8, -81,6
1950,9, -83,0
1944,6, -80,1
1937,5, -76,7
1939,5, -80,3
1957,3, -83,4
1964,7, -84,1
1969,6, -84,3
1974,3, -85,0
1978,7, -85,8
1981,8, -96,8
1979,9, -97,7
1992,0, -58,9
2088,8, 306,9
2118,0, 450,9
2154,1, 732,2
2170,3, 975,0
2182,2, 1161,0
2197,9, 1376,9
2218,4, 1627,8
2230,7, 1698,9
2291,8, 1886,6
2333,9, 2076,5
2500,5, 2621,4
2481,2, 2588,8
2477,0, 2590,8
2449,8, 2540,1
2422,9, 2511,2
2434,0, 2544,7
2437,4, 2542,5
2439,3, 2543,4
2442,4, 2583,3
2432,0, 2557,9
2447,4, 2564,3
2461,4, 2588,4
2458,1, 2587,1
2445,6, 2584,4
2443,6, 2583,4
2436,7, 2580,7
2440,4, 2576,7
2436,8, 2575,8
2437,2, 2575,0
2435,8, 2569,9
2434,5, 2558,6
2366,7, 2461,1
2058,9, 2117,8
1994,3, 2044,6
1886,7, 1926,2
1672,5, 1693,2
1145,8, 1156,0
865,0, 868,5
560,1, 656,4
409,8, 577,9
202,6, 500,6
139,8, 466,2
131,3, 471,2
56,2, 402,7
64,8, 405,1
29,3, 411,0
5,8, 412,1
-670,1, 118,0
-670,1, 118,0
-531,6, 161,8
-537,1, 127,8
-565,9, 92,5
-592,3, 31,0
-596,3, 0,0
-645,9, -52,2
-627,2, -61,6
-615,5, -59,0
-609,6, -38,8
-683,9, -114,4
-663,1, -118,3
-674,1, -123,9
-673,5, -111,8
-671,1, -105,5
-673,3, -124,4
-674,3, -132,7
-674,3, -132,7
-650,1, -112,1
725,3, -261,0
725,3, -261,0
725,3, -261,0
725,3, -261,0
725,7, -259,4
734,6, -220,8
741,0, -192,8
760,8, -131,7
827,5, -1,8
879,9, 104,0
883,0, 92,7
890,8, 81,8
891,3, 39,1
889,6, 5,5
888,9, -6,9
894,5, -28,7
906,6, -59,1
915,1, -63,9
917,9, -99,7
910,0, -120,7
913,0, -124,0
925,8, -148,8
994,0, -169,1
1321,7, -88,0
1427,2, -71,0
1402,4, -74,0
1443,6, -60,5
1483,3, -27,3
1624,8, 46,6
1626,1, 29,4
1633,7, 5,8
1649,0, -1,8
1660,7, -26,4
1658,1, -13,3
1671,1, -41,5
1678,1, -50,1
1684,2, -59,5
1686,3, -59,0
1670,8, -38,5
1680,3, -60,3
1693,0, -87,7
1701,9, -84,6
1699,0, -100,3
1697,0, -106,5
1699,5, -107,1
1703,9, -110,9
1736,3, -90,4
1738,2, -93,1
1731,2, -122,3
1755,4, -63,9
1821,8, 144,3
1847,3, 244,5
1921,9, 590,8
1993,1, 831,6
2125,8, 1290,9
2150,7, 1403,6
2136,4, 1339,8
2148,6, 1432,5
2248,3, 1879,8
2327,8, 2182,9
2388,6, 2525,7
2364,2, 2629,7
2368,6, 2645,9
2388,6, 2670,4
2430,5, 2712,6
2435,5, 2715,4
2424,2, 2691,5
2419,9, 2687,5
2409,8, 2679,7
2404,0, 2675,3
2406,8, 2678,3
2402,3, 2690,3
2403,5, 2695,6
2400,5, 2691,9
2402,3, 2690,1
2393,5, 2677,8
2359,2, 2618,5
2362,0, 2623,0
2366,4, 2621,4
2366,2, 2628,5
2366,8, 2626,8
2405,6, 2127,3
2413,7, 2012,3
2791,5, 972,9
2835,1, 853,5
2856,7, 800,2
2920,5, 632,6
2978,7, 529,1
3029,4, 430,2
2978,0, 467,5
2973,9, 462,3
2946,3, 495,8
2964,5, 469,2
2956,1, 477,9
2896,8, 476,7
2789,9, 483,8
2117,7, 527,2
1716,8, 537,8
1522,6, 541,4
1503,8, 541,4
1179,1, 491,5
1022,4, 509,6
1079,9, 503,1
1024,6, 535,0
764,3, 607,8
762,3, 609,5
763,2, 612,5
766,6, 601,7
758,5, 602,3
745,8, 598,7
796,6, 576,4
749,9, 583,7
823,4, 562,5
317,3, 804,6
331,0, 811,8
375,8, 825,6
407,3, 835,0
445,7, 848,9
512,1, 884,6
536,4, 890,9
521,3, 909,4
770,2, 974,1
803,3, 985,4
887,8, 1017,9
949,4, 1042,1
964,2, 1048,3
1004,2, 1065,1
1024,4, 1067,6
1031,8, 1067,5
1036,2, 1064,5
1043,9, 1062,0
1080,8, 1060,6
1088,2, 1067,6
1103,5, 1076,4
1122,8, 1065,6
1139,3, 1070,2
1149,7, 1071,8
1150,0, 1069,8
1166,5, 1063,5
1168,1, 1064,4
1172,0, 1064,1
1185,2, 1060,7
1186,7, 1062,9
1186,7, 1063,9
1185,4, 1065,0
1163,9, 1075,1
1164,0, 1077,5
1199,7, 1080,2
1212,6, 1081,1
1221,2, 1085,5
1236,0, 1087,4
1236,0, 1079,0
1237,4, 1075,1
1242,4, 1074,5
1244,2, 1070,6
1247,7, 1068,7
1252,3, 1073,1
1254,0, 1073,6
1254,4, 1069,1
1251,8, 1062,6
1252,4, 1063,8
1253,0, 1059,9
1256,2, 1060,2
1254,6, 1059,0
1257,0, 1063,3
1244,3, 1058,9
892,2, 932,4
707,1, 852,2
541,3, 794,7
558,9, 789,4
512,6, 780,6
534,3, 784,1
489,0, 775,8
502,7, 780,4
524,6, 796,1
589,7, 830,2
598,4, 834,9
626,0, 846,6
610,7, 840,6
635,7, 849,0
612,3, 831,6
612,5, 829,1
638,9, 837,4
648,4, 841,1
626,1, 836,4
637,0, 842,3
664,8, 820,7
657,7, 826,0
541,1, 782,3
228,8, 832,8
164,0, 836,5
138,5, 844,8
142,0, 844,5
143,4, 837,4
146,6, 839,1
143,5, 845,4
142,5, 837,5
-126,0, 1113,7
-162,0, 1123,6
-128,0, 1121,3
-136,7, 1116,3
-284,4, 852,7
-321,0, 788,4
-313,8, 794,2
-320,2, 798,3
-306,6, 804,7
-306,2, 802,9
-61,6, 990,7
-54,3, 971,7
-33,5, 972,8
-39,2, 981,1
-45,1, 975,4
-36,1, 979,2
-34,8, 980,0
-36,9, 964,5
120,4, 540,2
16,9, 458,1
-20,6, 794,3
-56,1, 947,3
-55,1, 948,2
-71,4, 919,1
-58,9, 922,4
-45,1, 913,4
-34,5, 873,8
-312,9, 790,4
-345,0, 777,7
-334,0, 773,2
-327,5, 764,2
-323,9, 763,2
-322,6, 764,2
124,3, 821,7
508,7, 981,3
689,8, 1047,4
696,3, 1050,9
706,8, 1055,2
744,3, 1058,9
777,8, 1061,5
785,1, 1061,8
824,3, 1076,9
825,7, 1077,7
833,3, 1077,4
833,2, 1079,5
888,4, 1101,1
1195,2, 1189,5
1281,3, 1210,7
1344,2, 1227,5
1355,4, 1231,9
1421,6, 1257,3
1438,1, 1260,0
1486,1, 1274,5
1493,4, 1278,2
1517,4, 1286,8
1580,2, 1305,9
1588,3, 1307,5
1611,2, 1308,5
1632,9, 1304,4
1633,8, 1304,2
1630,0, 1301,1
1631,5, 1300,7
1638,5, 1304,6
1635,5, 1301,8
1656,6, 1296,0
1662,0, 1298,2
1662,5, 1297,5
1664,2, 1294,5
1622,5, 1250,8
1635,9, 1257,1
1215,0, 894,7
633,3, 419,6
529,7, 348,9
508,7, 334,7
532,7, 361,6
565,1, 394,0
648,0, 478,3
663,4, 495,1
691,9, 524,9
697,3, 530,9
712,0, 547,1
719,1, 555,1
665,1, 553,0
610,6, 533,8
250,1, 639,7
106,6, 686,5
90,8, 692,7
105,1, 710,9
93,5, 701,9
110,1, 706,5
111,6, 702,6
91,9, 689,0
101,4, 689,8
93,7, 686,4
97,9, 691,6
-239,7, 764,3
-241,0, 772,9
-232,1, 770,9
-237,0, 768,4
-244,4, 764,5
-238,2, 754,3
-238,7, 733,2
-200,8, 694,4
7,0, 611,1
126,5, 579,3
184,2, 577,0
462,0, 600,6
476,0, 617,5
618,4, 719,5
510,4, 783,5
546,2, 727,5
467,0, 702,8
468,2, 698,8
295,6, 724,3
285,5, 729,3
289,4, 731,9
293,1, 732,1
93,0, 930,5
109,8, 931,0
98,5, 933,4
92,4, 937,6
93,2, 938,0
104,9, 932,8
101,1, 938,2
92,8, 944,0
89,8, 942,9
83,2, 945,7
102,5, 943,8
112,8, 941,1
121,0, 940,8
122,6, 941,1
141,0, 927,9
253,1, 914,9
182,0, 926,6
246,8, 915,1
467,1, 994,8
467,1, 994,8
1055,8, 1179,5
1377,0, 1296,4
1460,2, 1323,3
1484,5, 1326,6
1493,1, 1327,5
1498,2, 1328,1
1581,5, 1331,2
1583,0, 1325,9
1576,2, 1322,4
1581,6, 1314,9
1582,2, 1313,9
1583,6, 1310,5
1586,3, 1307,3
1594,6, 1307,2
1591,7, 1309,0
1590,5, 1319,2
1591,4, 1310,7
1612,8, 1316,4
1668,1, 1307,0
1730,5, 1298,9
2098,7, 1288,1
2152,7, 1286,0
2068,7, 1279,4
2545,8, 1256,6
2725,0, 1249,2
2576,7, 1231,7
2584,1, 1219,7
3582,1, 1224,1
3544,3, 1240,5
3523,9, 1248,9
3540,0, 1260,5
3512,9, 1267,8
3489,6, 1308,0
3482,0, 1309,0
3431,6, 1299,3
3436,7, 1282,3
3435,4, 1275,5
3439,8, 1267,1
3452,6, 1245,1
3310,3, 1237,9
3179,0, 1266,7
2671,1, 1148,9
-192,8, 1213,3
-63,1, 1247,8
-50,4, 1243,2
-39,4, 1243,0
-26,6, 1246,5
14,0, 1255,2
50,2, 1262,4
178,8, 1282,5
189,0, 1287,9
165,5, 1290,9
135,6, 1310,7
114,9, 1321,4
114,2, 1320,2
116,3, 1339,4
101,2, 1323,8
92,1, 1325,2
97,4, 1328,4
93,3, 1337,0
94,3, 1334,2
115,1, 1309,2
124,1, 1304,8
126,1, 1305,2
127,4, 1304,7
126,8, 1302,5
136,1, 1330,7
132,6, 1328,7
132,6, 1328,7
139,8, 1317,2
147,7, 1312,0
142,7, 1313,8
140,7, 1337,5
140,6, 1336,8
133,3, 1316,9
136,2, 1306,1
134,5, 1299,7
119,0, 1295,2
112,9, 1288,4
124,6, 652,9
199,7, 778,2
387,3, 690,0
365,8, 648,1
364,4, 646,9
345,0, 662,7
347,7, 670,0
357,2, 658,0
409,8, 680,7
431,7, 664,3
445,4, 671,7
421,0, 682,1
411,5, 686,2
407,6, 679,9
392,1, 668,7
367,6, 668,6
308,9, 668,5
581,1, 917,5
629,8, 973,1
700,1, 1080,2
765,0, 1218,3
908,8, 1493,7
894,5, 1554,2
898,8, 1554,8
883,4, 1535,6
811,7, 1464,0
815,6, 1483,7
761,1, 1419,2
636,1, 1264,7
655,4, 1291,1
-4,5, 379,4
13,0, 358,1
-47,0, 324,1
572,5, 852,3
493,4, 249,3
494,6, 250,7
494,6, 250,7
493,9, 340,6
498,4, 346,3
520,8, 378,9
547,7, 391,9
573,3, 408,6
568,9, 406,3
557,4, 396,2
551,6, 391,0
544,7, 388,0
508,9, 343,2
502,8, 349,8
484,5, 338,8
489,2, 332,0
488,1, 335,0
497,0, 318,5
497,8, 323,5
496,2, 325,3
499,4, 326,1
518,2, 334,8
525,2, 337,2
520,3, 335,4
527,7, 342,9
530,8, 347,3
528,9, 343,2
529,8, 344,3
529,6, 343,2
521,4, 336,1
493,2, 320,0
476,4, 311,1
474,4, 307,0
482,4, 307,6
490,0, 308,7
509,9, 322,8
507,3, 320,4
505,3, 318,0
503,9, 315,3
495,8, 301,2
493,0, 297,8
477,9, 294,2
479,2, 294,7
484,9, 301,0
482,7, 300,2
483,8, 302,2
478,3, 298,5
452,3, 276,1
446,3, 264,8
458,3, 268,5
461,9, 277,1
465,9, 282,0
487,8, 305,6
488,4, 304,0
487,7, 301,6
489,4, 303,6
491,6, 309,5
484,4, 301,2
479,1, 295,0
485,8, 290,1
502,8, 280,7
508,4, 284,3
517,4, 285,3
519,6, 287,9
518,2, 288,0
525,8, -10,1
525,8, -10,1
835,6, 26,8
946,6, -45,8
946,3, -30,3
1062,1, 25,0
1034,1, 9,2
1045,8, 12,2
976,4, -66,6
984,3, -60,2
1111,4, -31,6
1376,7, -36,4
1473,7, -34,7
1547,0, -26,2
1589,7, -17,7
1616,2, -12,8
1629,2, -8,2
1629,6, 9,2
1632,1, 19,4
1694,5, -33,7
1711,6, -42,4
1719,4, -44,1
1748,5, -49,0
1760,8, -55,8
1848,0, -85,1
1852,8, -75,3
1880,6, -63,2
1895,2, -62,7
1897,7, -62,5
1893,0, -62,7
2170,2, 515,6
747,6, 436,4
608,5, 535,5
1051,4, 1226,4
1245,2, 1439,0
1162,0, 1353,7
947,2, 1215,7
995,8, 1287,9
907,4, 1241,2
1041,6, 1386,6
1245,3, 1601,2
1383,8, 1755,7
1729,5, 2078,3
1852,6, 2190,7
1974,2, 2302,1
2104,8, 2409,4
2343,8, 2639,4
2356,4, 2639,6
2364,9, 2626,7
2389,2, 2643,5
2449,3, 2726,2
2437,7, 2722,5
2425,8, 2715,7
2422,5, 2713,8
2420,3, 2714,5
2406,9, 2699,1
2384,7, 2673,4
2400,2, 2701,5
2389,7, 2696,8
2389,2, 2690,5
2370,3, 2664,2
2363,6, 2658,1
2363,5, 2655,2
2344,7, 2644,2
2348,2, 2648,3
163,0, 1225,2
2140,1, 374,8
1802,8, 562,1
1770,3, 580,1
-49,9, 841,6
-65,4, 816,2
-28,5, 839,4
-25,5, 842,3
-18,2, 845,3
95,1, 906,3
199,4, 871,6
242,4, 854,7
183,7, 775,2
200,9, 781,1
189,7, 784,8
207,2, 807,4
209,3, 821,7
181,2, 815,9
193,8, 819,2
189,3, 820,8
194,0, 827,2
224,4, 826,6
401,7, 809,6
454,5, 776,9
552,7, 746,2
630,6, 723,8
653,9, 715,9
692,7, 692,9
754,7, 650,1
770,0, 637,3
791,6, 613,3
796,5, 609,9
824,1, 602,6
856,1, 591,5
933,1, 535,0
1167,2, 381,0
1242,2, 325,5
1220,2, 342,1
1381,2, 190,0
1384,8, 178,5
1385,0, 176,3
1434,8, 79,0
1428,0, 96,3
1429,7, 68,9
1438,6, 11,7
1441,3, 12,8
1455,8, 3,0
1460,8, -1,5
1457,9, 2,2
1473,1, -9,6
1476,3, -12,2
1483,1, -15,3
1504,2, -13,2
1510,2, -13,2
1537,3, -10,4
1537,3, -28,3
1535,4, -26,4
1532,1, -26,6
1538,5, -22,2
1533,2, -19,1
1497,1, 7,7
1500,6, -6,7
1494,0, -38,2
1507,0, -43,1
1509,5, -57,8
1504,7, -53,2
1510,9, -51,9
1515,0, -51,1
1538,4, -42,0
1556,3, -38,0
1556,2, -40,5
1548,8, -47,4
1554,9, -54,7
1526,9, -65,6
1519,0, -71,1
1531,9, -67,9
1534,1, -80,3
1540,0, -86,4
1530,3, -93,8
1535,3, -93,8
1558,4, -73,1
1549,2, -80,5
1545,5, -82,2
1543,8, -83,9
1556,0, -79,3
1437,3, -116,4
1279,4, -98,3
1159,7, -84,6
959,9, -79,3
868,5, -45,1
788,2, -47,2
765,2, -21,5
723,8, 9,6
709,1, 53,2
739,7, 165,5
751,6, 181,9
743,8, 164,8
89,8, 718,5
88,1, 699,2
83,2, 703,0
62,4, 679,2
-35,5, 486,9
-649,4, -206,2
407,7, 428,8
446,1, 556,7
1967,1, 540,3
1923,4, 405,0
1792,8, 305,9
1697,5, 266,6
1687,9, 301,0
1504,5, 256,3
1512,4, 253,5
1477,5, 253,6
1326,2, 199,0
1317,8, 192,6
1317,2, 190,6
1312,7, 180,4
1309,5, 172,5
1298,8, 149,7
1297,3, 154,1
1278,2, 132,3
-294,4, 448,8
-299,0, 454,1
-299,0, 454,1
-122,2, 569,8
-111,6, 569,4
-111,6, 569,4
299,3, 882,8
346,4, 906,7
343,2, 902,2
309,2, 896,2
326,8, 897,2
331,8, 892,5
337,2, 892,0
337,6, 885,1
340,7, 881,1
336,0, 874,0
334,0, 864,1
347,8, 842,6
354,7, 838,9
356,5, 832,4
361,3, 816,6
361,6, 809,9
356,7, 807,4
353,7, 792,8
353,2, 786,9
540,9, 651,0
559,0, 635,3
549,2, 609,3
650,7, 570,6
670,4, 572,3
1032,7, 560,1
1162,4, 568,3
1837,8, 681,5
903,9, 697,5
903,9, 697,5
1103,4, 686,5
1514,5, 652,0
2249,0, 582,1
2268,8, 541,0
2369,4, 411,8
2484,8, 417,8
2930,0, 322,7
2953,2, 440,1
2895,5, 524,6
2880,3, 505,9
2878,1, 502,7
2893,3, 473,4
2914,9, 448,3
2951,4, 410,1
2960,9, 395,6
3033,3, 308,3
3033,3, 308,3
2662,1, 381,9
2262,4, 1433,2
569,3, 245,5
793,2, 450,5
202,3, 435,5
224,8, 449,3
238,6, 441,9
249,0, 447,8
234,0, 449,3
84,4, 514,4
105,1, 516,1
121,0, 531,2
133,7, 541,8
113,2, 515,7
80,2, 498,4
82,9, 506,4
119,0, 518,4
110,5, 513,3
119,3, 546,5
112,7, 533,4
123,2, 543,1
144,0, 555,6
142,4, 553,1
117,1, 535,2
112,7, 531,6
112,8, 531,4
139,4, 558,8
103,8, 526,0
207,0, 603,6
250,1, 648,5
250,5, 644,9
237,9, 636,5
233,5, 632,9
260,7, 641,3
262,5, 637,4
244,8, 617,8
230,8, 607,0
248,7, 616,2
261,3, 623,9
260,6, 623,8
829,0, 929,9
896,1, 960,5
322,6, 991,5
564,9, 752,8
474,0, 905,0
376,3, 1011,4
374,9, 1010,8
372,4, 1024,2
391,9, 1027,3
850,5, 414,2
589,6, 725,1
367,6, 1030,0
383,3, 1048,2
316,2, 1082,0
281,2, 1102,0
281,4, 1099,5
272,0, 1102,9
277,0, 1095,7
911,8, 545,0
569,9, 841,5
279,9, 1105,5
282,1, 1106,3
278,7, 1109,2
270,7, 1112,4
291,1, 1105,5
279,7, 1100,6
288,1, 1100,1
287,5, 1098,1
277,9, 1100,1
278,0, 1092,3
279,8, 1088,4
271,2, 1088,8
292,6, 1086,7
293,9, 1093,9
292,4, 1097,4
546,9, 864,5
544,7, 854,6
544,4, 851,8
546,5, 846,1
546,6, 846,0
693,9, 748,5
696,6, 732,7
792,4, 655,1
791,6, 640,4
744,9, 580,5
717,8, 538,4
711,2, 502,4
663,0, 435,0
651,8, 430,6
631,5, 444,4
675,6, 446,7
668,8, 451,2
690,4, 456,8
684,3, 472,2
716,3, 541,3
736,2, 562,7
745,6, 615,1
763,7, 614,0
762,3, 629,5
738,8, 611,6
752,1, 606,3
711,5, 467,5
736,1, 492,5
899,4, 556,8
1012,3, 579,3
1113,4, 598,4
1122,5, 597,7
1196,4, 616,1
1204,6, 615,0
1486,6, 642,4
1492,3, 642,6
1446,5, 642,8
1489,7, 640,7
1491,2, 640,8
1498,4, 641,2
1506,8, 644,7
1502,3, 639,8
1495,7, 633,6
1494,6, 632,2
1495,2, 629,8
1497,0, 604,4
1494,5, 586,5
1493,5, 562,1
1486,8, 520,9
1443,9, 519,4
965,7, 517,2
932,7, 517,4
871,8, 525,8
855,1, 534,5
863,7, 556,6
855,6, 551,8
829,0, 543,2
835,5, 547,1
795,7, 538,5
814,3, 540,3
828,1, 548,3
845,5, 596,1
852,2, 596,6
850,0, 589,2
856,8, 589,4
858,8, 582,6
856,0, 582,7
874,4, 591,0
892,5, 600,0
938,6, 636,2
936,9, 630,0
936,5, 634,7
905,9, 623,8
879,0, 625,1
755,2, 625,8
750,9, 627,0
-72,2, 802,6
-15,3, 412,1
-135,2, 477,0
-96,1, 717,3
-116,5, 815,4
-108,4, 810,8
-98,2, 799,3
-96,9, 776,8
-109,1, 781,1
-109,8, 789,3
-110,7, 780,1
-109,4, 787,5
-118,1, 799,0
-107,5, 796,1
-111,9, 790,7
-106,1, 800,1
-150,9, 833,2
-153,8, 876,3
-147,7, 886,1
-154,2, 899,7
-161,2, 876,7
-154,3, 890,7
-146,9, 878,4
-143,1, 886,0
-149,6, 883,2
-159,6, 861,3
-148,9, 863,8
-155,6, 862,4
-152,4, 811,9
-154,4, 804,0
-137,0, 773,9
-132,8, 747,4
-155,6, 746,3
-146,9, 754,4
-145,5, 762,5
-154,8, 754,7
-136,0, 747,8
-194,9, 730,3
-193,6, 717,6
-189,5, 727,4
-190,6, 728,5
-206,4, 729,9
-203,5, 722,6
-207,4, 710,6
-210,2, 707,0
-323,3, 263,6
-316,1, 257,7
-348,1, 256,6
-349,5, 257,4
-355,4, 246,4
-327,1, 256,9
-349,9, 246,7
-349,3, 246,1
-335,2, 252,3
-68,1, 426,1
-58,8, 436,3
-193,6, 340,3
-203,6, 332,9
-197,5, 357,6
-187,6, 372,9
-178,1, 382,3
-162,3, 394,7
-158,3, 397,7
342,4, 808,2
346,8, 808,6
344,9, 808,8
341,6, 808,8
338,1, 1031,7
330,1, 1019,0
333,4, 1023,1
331,8, 1027,2
349,2, 1033,9
353,8, 1044,9
342,5, 1040,1
331,4, 1040,8
344,1, 1049,3
322,2, 1043,9
353,8, 1049,8
340,0, 1039,9
339,7, 1039,9
336,3, 1036,2
348,2, 1037,3
452,7, 1002,5
480,3, 992,4
505,9, 923,6
585,2, 943,1
607,0, 927,3
680,1, 885,2
703,9, 856,6
711,9, 840,0
780,5, 805,6
724,7, 740,0
708,9, 736,9
664,3, 723,8
665,8, 723,3
664,6, 723,0
670,9, 743,1
671,3, 736,3
649,7, 681,5
654,5, 693,2
584,3, 539,9
581,6, 523,3
573,1, 505,7
563,9, 487,7
549,5, 459,3
496,3, 312,1
497,6, 317,8
496,4, 318,8
550,5, 384,1
641,9, 471,3
643,6, 478,4
684,2, 522,2
707,3, 592,3
738,8, 645,0
766,9, 661,0
779,6, 667,4
765,0, 624,4
749,6, 641,7
735,9, 686,6
730,3, 664,7
730,5, 665,1
713,6, 641,1
701,2, 615,4
689,2, 599,9
671,7, 566,3
670,4, 569,6
660,7, 564,3
638,8, 514,5
621,0, 472,8
611,4, 441,7
606,3, 444,3
585,4, 436,0
144,5, 596,7
-554,4, 141,0
-383,8, 681,9
513,8, 60,9
1053,9, 71,9
1082,5, 43,3
1114,3, 11,6
1232,5, 31,4
1226,1, 45,5
1256,3, 63,5
1273,5, 67,4
1318,4, 68,5
1348,6, 65,6
1326,5, 56,2
1184,2, 16,9
1172,0, 23,4
1172,0, 23,4
1113,7, 419,6
651,3, 553,0
745,7, 716,4
745,7, 712,5
759,1, 711,8
764,3, 713,0
769,8, 729,4
779,3, 732,3
817,8, 751,3
760,1, 668,8
690,5, 565,4
663,1, 529,1
743,0, 634,2
744,7, 641,1
442,5, 448,7
314,7, 352,4
-103,7, 141,2
440,9, -127,0
388,3, -6,2
427,5, 40,8
678,1, 664,7
658,9, 624,9
650,9, 593,7
628,6, 572,9
591,5, 533,2
592,4, 512,3
550,2, 476,8
509,9, 442,5
529,7, 453,0
534,2, 479,4
536,4, 469,7
506,4, 464,2
491,2, 449,8
505,3, 430,2
564,5, 440,4
638,6, 444,8
663,2, 458,9
645,2, 472,1
633,1, 480,9
636,7, 482,4
715,6, 606,9
709,3, 573,8
706,3, 585,8
696,9, 554,9
701,9, 573,7
713,6, 565,0
753,2, 640,7
742,3, 615,6
750,5, 634,0
745,3, 618,1
736,2, 595,5
747,3, 657,3
740,3, 639,2
745,7, 651,5
749,6, 659,4
757,3, 663,8
758,1, 663,8
759,7, 659,2
752,8, 634,2
749,7, 638,0
733,9, 592,3
736,6, 606,5
737,7, 615,1
720,9, 572,7
722,5, 573,4
734,4, 582,5
729,5, 579,2
725,9, 580,6
687,3, 561,9
683,9, 557,5
664,6, 534,9
652,2, 490,1
651,1, 488,5
657,3, 513,1
625,3, 479,2
623,7, 415,5
580,1, 420,7
569,8, 417,4
579,8, 403,9
559,9, 408,6
574,5, 406,2
585,5, 420,9
592,2, 447,9
602,5, 471,0
612,0, 482,1
652,8, 507,8
502,2, 490,7
470,2, 551,1
271,5, 581,0
423,5, -92,8
423,5, -92,8
528,2, 47,6
551,5, 74,8
680,7, 140,7
760,7, 211,9
809,5, 237,9
874,9, 268,8
1108,7, 399,5
1143,3, 377,7
1158,1, 335,2
1169,7, 327,8
1184,5, 300,3
1191,8, 292,5
1232,5, 322,9
1235,2, 316,8
1254,4, 323,8
1236,3, 315,9
1202,3, 347,4
1153,4, 374,1
963,9, 379,1
1022,1, 373,2
984,7, 329,7
902,7, 301,2
913,3, 275,2
817,8, 305,0
779,9, 321,8
749,4, 374,2
755,5, 366,8
756,7, 397,8
778,1, 401,5
810,1, 398,3
804,2, 387,2
816,1, 403,6
810,9, 399,5
807,4, 396,6
798,9, 384,0
794,2, 378,9
788,7, 373,8
787,4, 375,8
786,7, 377,4
793,0, 386,0
790,4, 383,9
789,1, 368,8
788,4, 368,4
750,9, 245,2
755,8, 261,8
752,5, 253,1
752,6, 249,8
759,7, 242,0
762,6, 240,1
761,2, 255,3
759,5, 258,5
760,4, 256,7
770,8, 241,2
767,4, 242,1
765,5, 240,5
768,6, 254,7
772,8, 258,1
769,6, 252,4
769,0, 250,2
767,5, 244,3
763,1, 238,2
759,1, 228,9
763,2, 225,9
764,6, 223,7
764,1, 217,5
762,3, 216,0
740,1, 195,9
738,1, 194,8
729,3, 187,5
732,0, 178,0
731,6, 175,3
731,2, 178,8
730,5, 183,0
730,7, 182,8
733,0, 181,7
735,5, 181,1
735,0, 180,3
725,6, 158,7
725,2, 158,2
724,9, 154,1
720,2, 147,3
717,0, 144,9
713,7, 150,0
712,3, 150,5
709,6, 152,6
711,7, 151,9
712,6, 154,1
712,4, 151,1
715,6, 151,1
720,2, 161,1
730,6, 171,0
729,0, 186,3
760,7, 239,9
829,1, 330,7
900,1, 395,6
779,5, 608,1
788,5, 614,3
795,2, 621,2
828,2, 597,6
842,1, 593,9
839,2, 593,1
849,7, 579,6
853,5, 564,1
850,1, 560,7
849,2, 560,3
847,6, 559,2
850,0, 554,9
850,3, 553,3
862,4, 539,9
861,0, 535,1
835,1, 533,7
820,9, 523,9
818,1, 519,2
811,9, 513,8
813,0, 512,5
811,1, 509,7
809,3, 504,6
807,2, 502,0
804,6, 499,3
803,5, 496,2
801,4, 494,8
800,4, 493,6
798,2, 490,8
798,2, 491,2
790,0, 486,3
778,0, 472,7
774,8, 474,0
770,1, 483,4
774,9, 518,2
769,6, 525,5
775,9, 526,3
778,2, 531,0
788,7, 539,0
788,1, 538,3
779,0, 523,3
778,5, 519,1
775,9, 511,7
770,9, 504,3
773,5, 503,6
770,2, 501,3
760,8, 480,1
760,0, 482,2
768,5, 472,3
760,6, 474,7
756,2, 476,3
762,0, 463,4
758,9, 469,2
758,1, 469,6
760,6, 462,8
754,8, 462,9
765,3, 444,9
760,3, 452,2
761,1, 455,0
758,8, 471,2
778,3, 448,2
784,6, 451,1
779,0, 462,4
777,0, 467,2
772,6, 461,5
771,9, 456,5
764,5, 481,2
743,2, 471,4
742,9, 472,9
741,0, 470,1
752,1, 448,0
751,7, 447,6
764,0, 457,7
774,2, 454,0
752,1, 447,7
754,9, 443,0
761,0, 450,2
754,8, 447,4
758,5, 441,6
757,1, 448,3
759,5, 452,1
766,9, 443,7
766,8, 444,7
774,7, 443,2
771,4, 445,2
773,5, 448,0
779,9, 444,0
776,0, 449,8
772,3, 452,7
775,0, 442,4
772,8, 445,2
755,9, 452,9
742,9, 458,4
753,0, 459,6
758,2, 458,1
761,2, 456,4
755,4, 458,4
782,9, 445,4
778,4, 447,2
771,9, 450,0
778,0, 446,9
769,8, 469,0
777,9, 461,6
777,9, 464,6
772,0, 473,4
787,1, 473,0
782,9, 477,8
787,1, 476,1
786,4, 473,3
777,8, 474,0
777,4, 428,2
784,1, 437,1
802,6, 461,3
792,9, 464,8
798,5, 454,0
636,7, 525,0
482,2, 590,2
437,1, 632,2
103,0, 779,2
-12,9, 745,9
-137,6, 907,8
-143,6, 896,2
-143,9, 876,0
-152,7, 844,7
-157,3, 836,9
-156,5, 819,8
-148,2, 823,7
-156,3, 818,9
-139,8, 805,3
-144,9, 801,4
-136,5, 816,9
-131,6, 806,8
-147,4, 803,3
-136,7, 798,9
-142,8, 806,5
-129,4, 806,8
-123,4, 807,0
214,1, 628,1
289,5, 585,3
347,5, 564,9
476,0, 517,8
530,7, 497,7
549,9, 490,6
583,0, 479,3
585,9, 477,6
722,9, 444,1
730,0, 453,6
768,8, 496,4
795,7, 501,7
799,2, 509,6
819,0, 516,9
816,2, 516,3
874,7, 464,4
854,8, 479,0
858,4, 503,4
865,2, 494,8
866,2, 497,6
870,9, 499,7
885,9, 505,6
918,2, 476,4
919,5, 495,1
928,7, 471,4
932,2, 469,3
926,8, 466,4
929,4, 466,2
929,9, 462,8
929,9, 463,0
927,7, 458,5
927,4, 457,1
939,5, 446,7
941,8, 444,1
948,3, 462,3
950,5, 460,7
955,6, 464,0
950,6, 474,9
950,3, 477,2
947,6, 482,3
947,3, 486,3
950,6, 484,6
960,2, 480,6
960,1, 479,6
955,4, 440,4
956,9, 445,1
957,1, 447,4
961,9, 436,1
961,5, 443,4
957,9, 446,2
961,4, 439,4
962,0, 441,1
960,8, 455,2
955,6, 476,2
949,1, 475,0
948,6, 459,6
947,8, 453,4
948,0, 469,7
956,5, 430,3
955,5, 430,9
952,9, 438,2
949,9, 445,1
948,4, 451,0
931,2, 451,7
934,6, 454,7
937,9, 456,6
932,9, 433,3
937,4, 426,3
943,0, 419,0
946,6, 409,1
949,6, 399,8
949,9, 400,5
950,5, 401,7
945,0, 414,4
933,3, 418,2
908,6, 401,6
612,0, 310,0
513,7, 286,1
472,3, 245,1
467,5, 263,6
459,2, 302,0
444,0, 387,9
425,4, 318,6
205,1, 150,6
107,3, 74,6
18,3, 186,0
-18,9, 237,4
-227,3, -49,1
487,9, 53,9
562,7, 77,7
544,7, 72,3
550,9, 81,2
551,7, 82,4
555,8, 82,1
555,4, 77,0
549,4, 54,5
553,6, 59,9
557,8, 66,7
682,5, 176,3
710,9, 336,0
739,8, 275,8
732,3, 369,6
749,0, 483,8
749,1, 478,7
753,8, 497,8
830,7, 777,5
833,2, 755,2
836,8, 768,6
869,2, 772,5
951,9, 800,8
918,0, 785,8
923,1, 781,2
843,2, 734,7
855,6, 718,0
855,7, 714,6
839,7, 706,8
847,9, 683,5
848,1, 682,2
842,7, 658,4
820,7, 679,2
819,8, 678,6
814,9, 668,1
817,0, 658,1
817,3, 653,5
701,3, 530,5
723,4, 581,3
712,8, 582,8
694,6, 593,9
700,5, 593,4
717,4, 615,8
721,3, 620,4
714,9, 607,8
702,6, 596,9
700,2, 597,7
693,0, 589,0
674,2, 576,4
664,9, 566,6
656,9, 560,4
629,5, 535,1
640,3, 544,2
576,9, 527,0
582,5, 456,8
234,0, 554,5
123,3, 791,8
52,4, 894,5
56,5, 898,2
65,8, 907,3
63,2, 899,7
60,9, 900,2
55,0, 901,5
65,9, 95,2
62,2, 895,4
61,5, 902,8
61,5, 902,8
-49,7, 1012,6
-30,9, 1023,1
5,1, 1054,2
63,8, 1091,3
72,5, 1096,8
114,4, 1101,5
115,1, 1111,4
123,3, 1120,6
135,9, 1125,3
135,0, 1126,6
155,0, 1131,4
156,3, 1133,1
157,2, 1131,6
165,5, 1121,1
169,2, 1120,1
170,0, 1119,6
168,6, 1088,8
169,6, 1091,8
197,8, 1125,3
211,9, 1140,8
232,1, 1161,9
235,0, 1150,0
241,3, 1131,4
246,7, 1149,3
257,8, 1151,0
263,2, 1152,5
262,8, 1147,4
262,4, 1146,9
262,2, 1144,3
259,9, 1143,5
259,7, 1147,1
260,3, 1146,7
267,1, 1151,5
329,9, 1138,8
472,3, 1173,6
573,6, 1196,7
826,9, 1256,8
1330,0, 1404,4
1345,0, 1408,9
1421,7, 1420,3
1427,9, 1418,3
1434,2, 1417,1
1434,6, 1414,4
1434,5, 1414,1
1456,4, 1410,9
1423,1, 1400,4
1410,3, 1391,7
1395,6, 1383,0
1449,8, 1394,8
1538,2, 1416,2
1652,9, 1440,7
1688,4, 1448,8
1707,2, 1452,0
1738,3, 1453,7
1746,9, 1450,6
1750,9, 1447,8
1747,3, 1442,6
1741,4, 1440,6
1731,2, 1441,8
1732,7, 1440,9
1736,4, 1438,2
1737,0, 1441,2
1738,5, 1442,0
1741,9, 1444,2
1744,5, 1446,1
1746,6, 1450,5
1748,1, 1460,7
1747,6, 1459,5
1741,4, 1457,7
1740,9, 1456,7
1739,8, 1451,1
1721,5, 1437,7
1707,3, 1432,9
1645,8, 1420,5
1357,5, 1364,6
1407,5, 1380,4
762,9, 1259,8
724,2, 1252,4
697,5, 1247,3
607,0, 1223,0
366,0, 1149,5
326,4, 1130,3
280,2, 1102,0
293,3, 1120,0
298,6, 1115,1
306,1, 1115,7
330,6, 1139,2
342,5, 1138,1
358,8, 1147,8
391,2, 1147,9
429,7, 1144,9
406,5, 1151,9
414,9, 1156,0
443,5, 1160,2
426,5, 1166,9
442,8, 1165,5
442,0, 1165,7
432,1, 1164,8
447,7, 1159,5
442,3, 1160,4
442,4, 1161,2
451,5, 1159,8
443,0, 1158,1
450,6, 1155,8
456,2, 1154,3
439,2, 1155,9
451,1, 1153,4
459,2, 1140,9
482,2, 1141,6
477,7, 1139,9
480,6, 1143,9
483,6, 1145,4
490,2, 1147,9
496,3, 1141,5
492,1, 1135,6
501,3, 1128,1
499,7, 1124,1
488,0, 1109,6
467,6, 1100,5
462,9, 1103,8
463,9, 1101,5
430,5, 1112,3
431,6, 1112,2
436,6, 1110,6
430,4, 1113,7
430,9, 1106,5
446,4, 1099,4
356,8, 1086,1
281,8, 1082,5
72,4, 1061,6
41,5, 1071,3
42,7, 1065,6
34,7, 1017,0
43,7, 991,9
41,1, 977,4
35,5, 952,7
38,5, 941,2
40,7, 935,6
32,5, 938,0
60,5, 932,5
47,6, 923,6
47,1, 929,9
39,9, 933,0
45,3, 936,8
28,7, 1034,9
19,0, 1055,0
28,9, 1049,7
6,1, 1042,2
25,3, 1043,9
27,4, 1059,3
33,4, 1062,3
22,1, 1044,9
2,6, 1046,5
15,0, 1039,6
14,5, 1031,2
-7,6, 978,9
-19,0, 962,0
-34,7, 961,7
5,3, 966,0
70,3, 965,6
161,6, 942,5
277,0, 855,5
260,7, 864,8
282,2, 819,1
288,1, 784,4
290,3, 764,3
348,0, 782,2
345,7, 778,0
418,3, 775,5
433,7, 772,0
444,2, 764,1
451,3, 760,0
449,6, 771,5
435,2, 768,2
444,1, 759,9
410,1, 756,1
408,7, 754,8
411,6, 754,5
433,8, 767,7
520,7, 789,8
498,6, 733,6
500,0, 750,6
631,0, 671,2
721,1, 623,8
746,0, 622,5
750,0, 621,1
745,9, 620,7
775,5, 613,7
762,2, 611,8
708,8, 589,5
676,7, 571,8
614,1, 514,4
605,5, 470,2
600,1, 457,8
594,5, 469,0
596,9, 451,6
600,0, 438,7
611,1, 439,2
631,6, 454,3
636,0, 457,5
636,1, 457,6
640,3, 461,9
644,6, 463,0
745,9, 458,7
821,0, 456,7
931,5, 478,8
1156,9, 477,3
1276,3, 503,2
1627,5, 540,0
1557,7, 519,6
1561,2, 513,0
1640,8, 485,3
1694,6, 459,3
1734,0, 379,0
1754,0, 326,3
1763,1, 298,6
1761,2, 263,4
1756,9, 249,4
1751,0, 227,9
1761,9, 230,2
1555,4, 65,0
685,2, 307,8
686,1, 293,5
622,0, 237,8
656,5, 251,3
648,3, 249,1
710,3, 300,7
646,8, 254,4
651,1, 257,6
697,8, 275,1
724,4, 288,8
1135,0, 341,1
1190,8, 350,3
1590,9, 411,1
1647,4, 403,7
1678,8, 404,0
1898,8, 398,3
1934,6, 388,8
2338,8, 263,1
2346,2, 267,7
2337,4, 280,4
2385,4, 274,0
2454,9, 257,0
2467,4, 248,0
2473,6, 243,6
2480,4, 245,1
2484,4, 241,6
2491,4, 230,9
2476,9, 247,8
2474,9, 249,7
2473,2, 240,8
2469,2, 231,5
2346,2, 208,6
2280,6, 231,0
2110,3, 269,3
2016,0, 308,3
1988,5, 319,2
1933,9, 339,2
1923,3, 335,6
1921,9, 329,6
1899,7, 316,9
1873,3, 300,7
1885,7, 302,5
1371,6, 208,2
761,4, 138,1
-46,1, -3,9
-374,7, -53,2
-376,3, -64,4
209,1, 798,6
267,0, 884,5
256,3, 915,6
246,0, 1000,9
246,7, 996,3
248,4, 980,7
247,9, 983,1
253,2, 1004,1
285,2, 1054,4
306,4, 1063,5
357,9, 1081,4
358,7, 1081,3
363,7, 1100,2
339,7, 1095,6
314,0, 1097,0
292,6, 1094,8
51,4, 1083,3
65,2, 1083,6
78,5, 1088,7
102,3, 1102,8
118,2, 1111,5
125,3, 1116,2
132,8, 1118,4
128,7, 1120,0
120,6, 1119,9
115,9, 1120,1
123,7, 1116,1
133,5, 1116,7
138,4, 1118,2
145,9, 1120,9
153,6, 1126,9
159,9, 1130,5
165,5, 1133,1
173,2, 1137,3
189,2, 1152,6
193,5, 1166,5
194,1, 1161,9
200,5, 1154,5
200,0, 1157,7
196,7, 1157,1
192,4, 1157,7
190,6, 1166,3
172,3, 1215,7
154,6, 1262,8
131,9, 1307,0
142,3, 1301,7
139,3, 1302,5
152,0, 1297,1
157,5, 1296,5
160,0, 1299,2
176,3, 1310,1
188,9, 1317,7
209,6, 1324,2
231,2, 1329,3
262,5, 1338,2
265,1, 1338,1
268,0, 1339,1
260,2, 1332,6
259,6, 1332,1
247,3, 1325,9
215,3, 1289,2
204,7, 1286,7
204,2, 1285,7
188,2, 1293,2
154,6, 1291,8
200,9, 1255,9
383,9, 1165,0
471,4, 1174,5
490,0, 1172,2
542,6, 1179,8
545,2, 1150,5
366,6, 1113,2
380,0, 1114,0
384,7, 1107,8
411,4, 1111,9
394,4, 1100,5
390,5, 1097,8
275,2, 1053,4
146,7, 998,7
95,1, 977,5
32,0, 949,4
70,6, 1002,5
102,2, 1008,6
106,7, 1021,0
131,8, 1033,1
108,2, 1022,6
53,5, 1019,7
8,0, 1005,5
-22,1, 995,0
-25,3, 983,8
-52,1, 984,4
-106,4, 990,3
-133,7, 978,7
-126,6, 984,1
-48,4, 973,0
6,8, 1004,9
52,0, 1022,0
93,1, 1030,8
107,3, 1034,1
87,6, 1066,1
96,3, 1057,6
98,8, 1085,3
141,1, 1079,2
140,7, 1088,1
100,8, 1165,7
145,0, 1137,6
168,5, 1254,5
137,6, 1303,2
146,1, 1308,9
160,7, 1313,4
231,5, 1319,2
200,9, 1320,0
222,1, 1328,6
299,5, 1330,4
393,4, 1331,1
434,9, 1330,0
455,4, 1327,9
456,3, 1330,5
456,1, 1342,7
439,2, 1392,7
432,5, 1415,0
410,1, 1444,0
410,7, 1448,8
409,7, 1466,4
195,5, 1460,1
138,6, 1456,4
174,2, 1455,8
223,2, 1471,1
253,0, 1472,6
178,3, 1466,3
227,8, 1465,8
272,6, 1468,3
228,3, 1476,6
282,1, 1467,3
292,2, 1466,2
221,5, 1465,6
223,1, 1464,9
232,6, 1470,6
316,4, 1465,3
300,6, 1465,6
262,6, 1471,5
270,9, 1471,7
265,7, 1471,2
243,4, 1473,1
238,2, 1469,4
221,2, 1472,4
287,7, 1467,5
297,5, 1465,1
235,9, 1479,0
283,8, 1472,2
316,7, 1465,1
270,5, 1474,1
248,8, 1476,4
303,3, 1467,1
369,2, 1455,5
495,0, 1443,1
603,0, 1440,3
971,7, 1419,6
1091,1, 1416,1
1014,6, 1420,2
1133,6, 1412,7
1216,2, 1407,4
1221,9, 1406,5
1221,8, 1395,0
1227,4, 1390,9
1221,3, 1386,5
1199,4, 1369,8
1151,6, 1331,9
1155,0, 1322,1
1152,4, 1314,3
1154,3, 1308,2
1168,2, 1303,1
1167,0, 1297,5
1188,3, 1262,9
1206,5, 1248,5
1222,7, 1242,2
1260,4, 1233,1
1285,3, 1220,0
1311,4, 1206,5
1330,1, 1202,5
1381,3, 1192,4
1369,8, 1190,3
1397,5, 1179,8
1426,7, 1172,0
1416,5, 1176,6
1452,0, 1157,0
1454,1, 1149,7
1453,1, 1122,0
1405,2, 1118,1
1345,1, 1110,5
1007,6, 1125,6
813,7, 1136,5
710,4, 1141,2
490,5, 1158,5
459,9, 1140,9
308,7, 1151,0
306,5, 1148,5
260,3, 1134,5
274,8, 1147,4
266,2, 1138,5
189,5, 983,3
175,7, 895,3
218,8, 578,5
216,3, 563,1
215,1, 450,5
220,1, 438,4
283,6, 462,7
305,6, 458,6
306,9, 455,1
301,4, 453,7
328,2, 451,4
347,4, 463,3
362,2, 484,6
381,0, 493,7
370,2, 547,3
351,7, 586,1
338,9, 622,0
214,0, 798,7
208,2, 803,6
189,1, 875,9
190,1, 942,3
194,7, 956,4
241,9, 987,0
346,4, 1035,7
353,7, 1042,2
343,5, 1058,7
382,5, 1050,4
343,6, 1052,2
375,9, 1039,0
380,3, 1032,5
407,9, 1029,6
348,5, 1016,8
329,8, 1007,4
370,1, 1006,3
-481,9, 661,5
-685,8, 510,5
-545,6, 327,5
-473,5, 625,2
-458,9, 612,9
-458,9, 613,5
-432,9, 624,4
-422,7, 625,0
-404,0, 643,7
-422,2, 629,1
-409,8, 628,0
761,6, 629,4
757,7, 578,1
784,5, 576,1
819,0, 556,0
835,5, 537,2
865,3, 510,7
849,9, 534,4
983,5, 498,8
1046,5, 485,6
1054,9, 484,8
1089,2, 481,8
1230,5, 481,7
2228,1, 325,2
2353,5, 294,9
2430,1, 314,9
2506,6, 318,9
2579,0, 303,2
2617,6, 295,3
2601,8, 305,2
2652,0, 315,2
2623,2, 325,2
2616,3, 325,1
2599,5, 344,0
2590,0, 373,9
2617,8, 352,4
2615,9, 350,9
2617,9, 346,0
2750,8, 275,0
2750,8, 275,0
2783,3, 258,8
2713,0, 242,7
2082,8, 226,8
1304,1, 64,1
4000,8, -13,8
922,9, -50,1
918,3, -145,8
909,3, -122,1
882,5, -119,6
845,4, -153,6
880,2, -93,3
972,4, 50,4
966,8, 78,4
974,8, 83,4
978,9, 95,6
990,2, 146,1
997,8, 153,4
476,1, 237,1
476,1, 237,1
496,3, 248,8
498,5, 250,2
503,5, 251,3
468,4, 201,7
568,0, 270,9
628,9, 320,0
714,0, 376,8
756,2, 412,8
877,9, 493,2
909,8, 504,2
951,7, 562,1
599,6, 479,5
455,3, 438,0
949,5, 566,4
968,3, 567,3
1173,5, 608,0
1306,5, 611,3
1324,8, 577,0
1331,6, 586,9
1339,1, 573,8
1335,5, 553,2
1363,8, 666,5
1401,6, 879,9
1453,8, 1103,0
1553,4, 1400,4
1664,3, 1634,8
1650,4, 1579,3
1852,5, 1939,9
1906,8, 2023,5
2061,9, 2215,0
2112,1, 2273,6
2208,0, 2387,6
2356,4, 2571,4
2394,5, 2566,7
2414,0, 2600,5
2419,2, 2590,6
2426,8, 2585,7
2447,8, 2606,4
2480,3, 2610,3
2502,9, 2584,7
2469,2, 2531,9
2388,0, 2398,1
2363,8, 2415,0
2376,6, 2438,4
2368,5, 2433,6
2360,3, 2468,7
2372,5, 2516,5
2411,9, 2677,3
2406,4, 2675,7
2406,5, 2667,6
2393,4, 2659,0
2386,3, 2657,7
2383,4, 2655,8
2343,1, 2585,5
2346,2, 2584,5
-163,7, 923,1
-132,6, 845,1
-38,6, 744,4
146,1, 619,7
277,5, 632,3
306,0, 631,1
300,8, 628,0
382,0, 655,6
379,9, 654,1
368,6, 648,9
316,1, 622,9
146,5, 711,9
156,9, 692,5
169,8, 670,3
152,4, 629,1
146,7, 609,2
138,4, 593,7
134,2, 579,6
131,2, 581,1
109,5, 597,9
139,9, 616,0
135,1, 594,4
133,4, 617,7
139,7, 606,8
144,5, 602,5
152,5, 608,2
152,9, 608,4
424,7, 442,6
452,9, 438,0
486,5, 439,8
509,7, 448,4
815,0, 572,2
829,7, 580,6
836,2, 582,0
845,1, 561,7
852,0, 539,3
736,6, 474,1
615,6, 277,2
676,7, 231,1
1116,6, 96,8
1186,2, 68,7
1212,3, 60,8
1316,8, 39,8
1316,8, 31,0
1314,6, 24,0
1327,8, -18,9
1338,3, -8,7
1297,5, -128,2
1298,4, -139,5
1301,0, -138,6
1316,8, -132,1
1332,1, -120,3
1319,2, -134,0
1341,8, -113,5
1344,2, -114,4
1346,1, -116,8
1338,3, -125,9
1330,2, -158,5
1340,9, -166,3
-228,1, 634,1
-220,3, 641,2
-213,9, 653,8
-186,0, 680,0
-176,8, 689,4
-178,2, 688,3
-30,5, 767,3
57,2, 813,2
76,1, 822,6
132,0, 847,6
154,9, 859,5
183,1, 872,4
191,0, 878,2
218,9, 906,3
238,6, 923,0
242,4, 921,6
259,7, 927,5
260,6, 929,6
262,2, 922,7
265,1, 915,8
271,3, 918,9
278,3, 921,5
275,4, 919,4
292,5, 943,4
289,0, 936,5
289,8, 934,0
289,1, 931,2
284,2, 934,9
287,5, 931,8
284,4, 920,9
289,3, 932,2
296,2, 931,2
290,5, 921,9
295,6, 921,9
298,1, 916,5
295,5, 922,9
305,3, 913,2
306,8, 904,9
328,3, 882,3
318,9, 873,0
540,4, 995,1
580,6, 1031,7
603,5, 1043,8
604,7, 1044,5
629,6, 1051,8
612,2, 1038,3
611,0, 1036,8
573,7, 1013,4
557,0, 1010,3
549,3, 995,8
549,4, 996,7
553,7, 1004,4
546,0, 1005,0
554,2, 1007,7
538,1, 1001,5
536,3, 998,2
537,7, 995,3
534,4, 993,3
531,1, 992,4
534,4, 987,6
531,6, 988,7
525,2, 982,0
504,7, 973,4
501,7, 972,3
497,9, 975,9
481,6, 980,8
464,3, 968,1
452,3, 948,8
444,2, 945,4
422,8, 928,5
409,3, 925,3
387,7, 916,9
231,8, 881,2
153,6, 863,3
158,8, 865,5
175,7, 871,8
139,5, 861,7
148,8, 843,9
169,6, 870,8
164,9, 873,9
162,5, 874,8
170,2, 880,7
164,1, 886,3
164,5, 886,1
154,7, 885,3
149,1, 879,0
149,7, 867,4
156,3, 872,2
149,4, 874,1
146,7, 870,0
159,7, 875,9
160,8, 876,5
129,0, 833,6
103,4, 812,1
102,5, 815,9
101,8, 815,8
110,0, 834,9
128,7, 890,7
120,6, 922,1
122,2, 945,5
120,5, 949,3
155,9, 957,3
219,4, 993,3
243,2, 1008,6
243,3, 1017,2
239,0, 1013,3
225,0, 1017,9
220,8, 1019,5
220,7, 992,9
219,9, 998,4
222,4, 989,5
221,9, 991,5
224,0, 991,6
226,5, 992,7
252,7, 1000,2
256,5, 1000,3
257,1, 1000,9
254,4, 1001,7
253,3, 999,6
246,8, 987,9
247,8, 966,6
241,0, 937,2
227,9, 879,4
217,8, 839,9
212,4, 815,1
207,3, 729,0
174,4, 648,5
152,5, 629,2
159,7, 633,1
152,3, 627,3
170,7, 637,7
173,2, 637,7
171,0, 629,9
174,1, 635,2
177,0, 642,8
431,3, 768,6
684,3, 887,7
758,0, 947,0
751,7, 939,7
824,5, 988,0
869,4, 1016,5
846,7, 1009,4
814,0, 992,9
814,7, 992,0
757,8, 954,5
714,3, 927,1
704,7, 921,1
683,1, 907,2
687,6, 910,0
696,0, 908,1
691,8, 904,1
692,4, 905,2
695,4, 904,5
700,0, 904,7
697,7, 906,0
701,7, 905,9
699,7, 903,3
700,1, 903,8
709,3, 911,0
707,1, 907,9
759,4, 935,6
762,3, 939,0
761,7, 940,6
723,4, 903,1
729,1, 913,7
727,7, 916,6
712,1, 912,5
718,5, 919,3
715,7, 915,9
719,2, 920,6
722,9, 921,8
703,7, 917,6
699,1, 911,1
716,0, 923,9
552,4, 827,4
268,7, 664,5
337,5, 700,3
332,8, 703,0
347,4, 700,1
160,9, 594,9
103,9, 625,4
82,6, 651,1
24,7, 639,5
-70,9, 716,9
-114,1, 744,3
-111,2, 739,3
-86,4, 754,2
-67,9, 765,5
-71,1, 766,6
61,9, 818,7
60,1, 828,9
59,7, 820,9
69,9, 815,5
69,9, 815,4
27,2, 787,7
19,8, 784,9
20,4, 786,1
44,1, 792,6
28,3, 788,7
45,7, 792,9
93,7, 820,2
142,3, 845,7
154,9, 853,6
156,6, 854,3
183,2, 870,9
191,4, 875,0
221,9, 891,8
239,3, 900,2
238,5, 896,8
242,6, 894,0
252,9, 898,6
251,6, 898,0
267,7, 901,4
271,0, 902,2
270,7, 901,5
271,3, 905,0
278,0, 920,6
283,6, 926,5
288,7, 932,9
288,2, 934,1
284,0, 933,7
259,7, 908,5
259,7, 908,5
221,5, 1030,8
214,4, 1031,0
217,2, 1042,2
212,9, 1041,9
211,8, 1040,9
211,6, 1050,4
203,7, 1065,0
205,4, 1063,2
225,3, 1168,2
230,4, 1185,8
239,7, 1213,7
248,7, 1213,7
248,4, 1213,8
249,0, 1213,7
233,3, 1233,0
244,0, 1232,7
257,3, 1241,4
262,1, 1236,7
261,3, 1234,7
241,6, 1223,9
237,4, 1221,5
235,8, 1223,5
233,2, 1218,3
233,4, 1217,4
233,1, 1215,6
232,9, 1214,8
235,2, 1218,2
235,0, 1219,2
240,0, 1226,9
243,1, 1230,6
245,6, 1233,9
241,8, 1232,6
233,9, 1228,4
227,4, 1219,0
254,4, 1212,3
269,5, 1192,1
269,6, 1188,1
268,9, 1172,4
255,5, 1149,4
253,9, 1149,3
255,0, 1096,5
256,3, 1093,4
260,1, 1094,0
262,5, 1093,8
262,7, 1089,5
262,5, 1087,8
251,2, 1068,5
187,5, 1065,2
482,2, 1081,4
526,6, 1094,8
575,6, 1093,4
677,2, 1093,2
684,3, 1088,9
677,0, 1082,7
724,4, 1077,6
624,6, 1035,5
661,8, 1042,4
630,4, 1030,6
643,0, 1034,7
669,3, 1033,4
667,8, 1029,0
674,2, 1026,8
687,2, 1029,9
685,9, 1027,8
676,3, 1009,3
666,4, 1000,2
677,3, 1010,4
473,6, 955,1
254,1, 908,0
120,7, 906,7
207,3, 917,8
105,0, 908,3
72,9, 900,2
41,6, 900,7
64,2, 896,9
83,5, 887,7
106,7, 947,8
112,5, 930,2
108,9, 943,9
128,1, 928,5
139,9, 942,5
249,7, 854,3
249,7, 854,3
1372,5, 689,4
1377,5, 686,3
1379,5, 665,5
1360,9, 647,3
1375,5, 631,7
1372,9, 619,4
1256,5, 607,6
1029,7, 585,7
918,8, 577,2
392,2, 552,8
234,6, 518,3
179,6, 504,8
92,0, 530,1
77,0, 509,9
105,4, 537,8
80,9, 571,8
102,7, 582,1
128,6, 593,4
192,4, 684,4
200,3, 700,9
207,8, 703,3
207,8, 703,3
246,7, 727,0
265,7, 738,8
273,3, 766,4
277,4, 772,8
286,6, 776,2
286,6, 776,2
246,5, 731,1
266,0, 710,6
324,0, 670,0
327,3, 670,9
220,6, 617,3
196,1, 570,7
126,7, 543,2
63,3, 554,1
79,5, 552,5
85,1, 539,2
-33,0, 203,5
-131,0, 107,3
-110,5, 63,1
421,9, 251,6
816,4, 326,7
757,3, 274,4
800,5, 304,0
730,0, 170,7
748,1, 200,9
745,2, 188,1
751,6, 169,8
760,0, 164,3
768,3, 154,9
803,4, 146,2
823,6, 146,9
944,2, 173,9
970,1, 183,8
1011,5, 226,3
1009,2, 238,0
1021,4, 253,7
1055,9, 294,6
1115,2, 365,3
1121,7, 378,2
1160,5, 422,7
1175,5, 427,4
1176,9, 424,1
1177,2, 424,8
1228,9, 450,5
1268,9, 499,2
644,2, 152,3
1521,9, 1213,7
2274,5, 2365,5
-316,4, 240,1
-338,6, 244,3
-353,3, 235,8
-350,5, 236,7
-338,7, 239,8
-330,1, 247,6
-356,6, 219,6
-343,5, 213,1
-327,3, 217,7
-315,8, 231,3
62,9, 265,1
3766,3, 896,9
3766,3, 896,9
692,5, 228,7
716,2, 366,2
694,6, 324,3
680,4, 296,9
680,9, 302,7
683,2, 313,9
722,5, 259,3
720,2, 262,8
628,6, 243,7
252,7, 226,6
252,7, 226,6
-293,5, 119,0
-318,0, 117,3
-63,3, 136,7
-4,4, 137,3
-4,7, 135,6
17,1, 395,5
-99,9, 733,9
-97,7, 880,6
-6,3, 1053,1
11,1, 1071,2
46,0, 1107,7
185,1, 1236,7
237,2, 1256,2
338,3, 1267,8
366,9, 1259,8
352,0, 1268,0
369,2, 1270,4
388,8, 1275,4
363,6, 1280,5
363,1, 1279,1
336,5, 1291,2
349,0, 1286,3
331,8, 1283,9
354,2, 1276,9
377,9, 1274,0
358,6, 1283,5
378,5, 1273,6
389,3, 1262,2
353,6, 1264,1
271,1, 1234,8
176,2, 1077,9
272,7, 731,3
217,1, 710,4
140,0, 918,7
5,4, 1052,1
40,8, 1048,1
177,4, 1083,7
204,8, 1090,9
199,8, 1100,4
346,9, 975,8
384,7, 936,1
356,1, 960,5
399,1, 898,7
405,2, 889,6
412,7, 870,3
414,5, 870,5
401,2, 856,2
372,3, 817,3
362,7, 818,8
316,9, 817,2
318,2, 816,3
306,9, 801,1
298,7, 778,2
265,5, 739,5
-31,0, 691,7
-39,0, 666,2
-166,1, 646,8
-209,7, 641,1
-213,1, 626,6
-227,0, 611,7
-231,4, 608,1
172,2, 649,5
164,1, 647,1
-202,7, 604,5
-203,6, 595,6
-181,2, 603,4
-180,5, 586,8
-184,6, 578,0
132,7, 612,6
145,8, 617,1
144,8, 731,8
158,0, 773,9
-52,0, 742,5
-65,1, 738,3
-79,2, 758,1
-75,9, 789,7
78,4, 825,1
150,5, 833,6
150,5, 836,1
134,6, 832,5
125,6, 834,9
136,9, 818,1
136,9, 818,1
63,9, 760,5
104,8, 785,7
12,0, 797,0
-117,5, 819,2
243,9, 793,7
413,4, 776,7
725,4, 745,7
894,3, 720,7
970,4, 692,6
1015,8, 665,7
1026,4, 635,4
1059,1, 520,6
1138,6, 455,2
1141,2, 444,3
1191,6, 367,0
1205,6, 356,2
1305,1, 275,5
1368,9, 254,6
1420,9, 305,5
1940,3, 98,8
1937,9, 81,9
1938,9, 49,6
1951,5, 41,1
1952,5, 39,7
1952,7, 39,9
1952,9, 33,1
1950,5, 22,5
1940,7, -19,5
1943,6, -12,9
1959,4, 3,2
1961,0, 10,8
1966,9, -10,0
1967,5, -12,1
1961,5, -24,0
1945,1, -32,7
1933,6, -41,1
1928,8, -47,7
1931,9, -34,8
1911,1, -9,1
1878,0, -71,7
565,1, 267,0
566,9, 273,6
566,9, 273,6
519,6, 196,2
509,9, 174,3
535,5, 210,2
514,7, 198,7
521,1, 201,3
510,0, 176,8
509,7, 179,9
508,2, 177,3
434,3, 128,0
425,9, 119,0
419,1, 105,4
-80,7, 678,3
104,0, 718,9
196,2, 738,2
202,3, 745,4
214,9, 756,7
207,6, 758,6
185,8, 756,6
193,8, 755,1
189,6, 737,0
197,5, 738,1
213,5, 728,5
200,8, 697,5
209,6, 692,3
209,6, 692,3
-61,4, 595,1
-39,3, 605,3
-25,7, 606,3
-27,1, 602,2
-11,3, 605,2
-12,2, 594,6
-85,1, 499,0
92,9, 486,4
91,9, 467,6
98,5, 486,3
86,5, 478,9
78,7, 473,8
88,7, 477,1
87,3, 477,3
-298,1, 364,9
-261,7, 368,0
-244,9, 374,3
-239,3, 380,5
-240,0, 382,0
39,4, 419,6
37,6, 415,1
56,5, 417,4
57,3, 412,6
-1,0, 576,3
92,1, 612,6
242,3, 671,1
246,2, 813,7
270,6, 931,9
293,2, 1013,8
314,9, 1091,3
325,7, 1105,3
323,8, 1109,9
326,2, 1113,9
349,7, 1120,5
353,8, 1122,1
374,5, 1129,0
376,7, 1129,3
378,6, 1131,0
365,3, 1130,9
351,3, 1106,0
330,7, 1068,5
318,4, 1044,2
203,8, 873,9
207,6, 872,3
173,5, 836,6
166,2, 835,4
159,9, 842,4
146,7, 839,7
140,0, 834,3
143,6, 836,9
154,3, 843,3
156,6, 846,0
208,8, 901,8
229,9, 923,0
227,0, 920,0
214,7, 928,9
210,3, 930,4
207,2, 932,9
192,7, 967,3
191,1, 1118,5
210,2, 1172,2
224,0, 1195,0
272,2, 1314,4
241,2, 1335,5
241,1, 1339,6
242,5, 1346,1
243,0, 1345,9
243,3, 1345,2
246,1, 1310,9
232,5, 1312,2
225,7, 1324,2
216,8, 1333,5
208,5, 1337,0
146,3, 1417,5
143,6, 1421,6
124,1, 1445,3
133,0, 1451,0
132,5, 1450,5
162,2, 1481,2
157,2, 1474,3
146,4, 1457,4
133,1, 1449,7
129,7, 1458,5
136,3, 1462,7
139,2, 1463,0
143,4, 1466,7
147,0, 1464,5
156,2, 1454,6
151,8, 1449,8
139,5, 1453,2
138,8, 1453,4
139,4, 1452,4
296,6, 1234,0
419,9, 1037,3
368,8, 989,8
407,1, 986,7
367,5, 991,8
406,3, 982,6
392,8, 978,4
385,2, 974,7
390,5, 973,4
389,1, 975,2
356,0, 976,0
350,6, 966,2
375,1, 959,1
375,2, 954,0
379,7, 954,5
347,4, 954,0
364,3, 947,3
335,5, 942,1
358,4, 941,1
325,9, 933,2
290,2, 914,5
311,4, 898,7
335,7, 824,8
363,9, 668,8
273,5, 436,7
255,3, 270,9
473,9, 338,6
480,6, 313,4
406,2, 291,0
415,3, 291,3
431,0, 299,7
452,6, 296,8
477,8, 303,3
487,8, 306,9
497,5, 343,4
527,0, 363,5
515,3, 368,1
526,9, 363,2
524,6, 364,3
502,4, 372,1
509,4, 372,8
504,8, 377,2
517,4, 377,1
505,8, 379,3
521,3, 374,8
539,0, 373,0
555,7, 371,5
549,9, 374,4
548,4, 376,3
550,1, 378,6
561,2, 409,1
560,6, 405,8
566,6, 412,6
571,0, 413,1
574,7, 412,6
574,3, 412,3
565,0, 406,4
544,4, 400,1
513,3, 395,8
521,1, 395,1
548,7, 396,4
545,4, 402,0
527,1, 406,2
545,5, 400,1
530,5, 408,8
546,1, 424,8
531,4, 420,5
479,5, 445,0
364,5, 466,7
122,6, 732,6
66,7, 789,5
19,0, 846,2
23,9, 840,9
131,7, 899,1
135,1, 897,1
135,8, 903,2
160,7, 906,1
160,7, 911,7
151,8, 919,6
153,2, 912,3
169,0, 902,4
160,3, 901,3
158,4, 900,0
150,2, 898,8
160,2, 897,7
162,8, 897,6
131,1, 851,4
115,7, 835,4
113,0, 837,2
112,7, 837,8
122,6, 837,1
128,3, 834,9
139,2, 815,2
141,7, 817,0
195,9, 858,1
241,8, 898,3
338,6, 981,6
389,9, 1019,7
400,4, 1015,2
385,7, 992,8
356,0, 965,8
340,3, 954,1
294,3, 875,1
238,7, 526,0
246,8, 561,3
320,1, 946,6
314,4, 942,4
312,7, 962,2
320,0, 978,5
298,4, 997,3
310,0, 987,3
291,0, 816,1
292,2, 768,2
280,8, 760,4
274,4, 759,3
413,1, 810,1
466,7, 832,2
487,0, 843,5
721,5, 971,8
1117,3, 1194,3
1258,4, 1264,4
1277,4, 1273,3
1306,7, 1288,2
1377,2, 1308,8
1429,1, 1319,8
1434,8, 1318,1
1431,2, 1315,8
1431,1, 1311,4
1434,2, 1317,8
1435,6, 1321,7
1434,8, 1321,6
1443,4, 1323,5
1427,0, 1320,5
1434,8, 1317,8
1428,8, 1322,1
1422,0, 1318,8
1421,8, 1319,0
1414,9, 1320,7
1410,4, 1321,3
1405,3, 1322,0
1409,9, 1322,1
1409,2, 1322,1
1405,4, 1323,5
1398,7, 1321,2
1180,9, 1273,0
621,7, 1165,1
231,5, 1107,3
133,6, 1098,3
-55,0, 1075,5
-69,3, 1073,7
-49,0, 1080,0
-87,2, 1072,3
-80,1, 1073,6
13,9, 1106,1
-4,7, 1101,0
-48,2, 1089,0
2,9, 1103,9
-33,1, 1106,1
-38,8, 1101,6
-52,1, 1093,5
-63,9, 1102,9
-51,2, 1101,2
-47,8, 1099,6
-44,3, 1100,1
-58,1, 1076,1
-62,7, 1077,6
-67,7, 1070,2
-121,7, 1045,9
-98,4, 1036,4
-99,6, 1293,0
-23,9, 1312,9
15,0, 1316,3
52,7, 1314,7
42,1, 1303,9
42,9, 1300,0
43,8, 1303,1
43,8, 1302,6
65,2, 1324,3
36,8, 1356,4
43,7, 1350,5
49,5, 1403,4
49,1, 1383,0
198,9, 1449,1
274,6, 1498,9
296,0, 1497,1
286,4, 1505,2
352,6, 1501,8
403,9, 1492,7
424,8, 1475,5
422,5, 1471,0
422,3, 1470,6
320,6, 1501,8
323,5, 1497,8
335,3, 1494,3
340,2, 1493,1
344,2, 1491,5
391,5, 1483,3
387,8, 1484,3
389,8, 1486,5
386,5, 1491,3
385,4, 1492,7
375,0, 1495,3
369,9, 1500,3
418,0, 1500,5
681,2, 1482,7
925,9, 1469,0
1046,7, 1463,7
1154,0, 1457,7
1259,9, 1446,3
1344,8, 1440,9
1349,2, 1442,1
1420,7, 1433,5
1419,6, 1434,6
1418,5, 1434,1
1423,6, 1433,2
1425,1, 1429,1
1425,1, 1430,4
1465,4, 1440,7
1502,7, 1446,0
1502,2, 1445,5
1610,1, 1458,9
1655,3, 1465,7
1649,0, 1468,1
1652,4, 1456,2
1658,6, 1455,7
1658,0, 1454,3
1658,7, 1453,2
1661,9, 1454,7
1665,0, 1454,1
1668,2, 1458,3
1666,6, 1457,9
1668,3, 1456,0
1666,5, 1449,7
1674,7, 1433,5
1684,1, 1427,1
1660,8, 1382,8
1663,8, 1415,4
1763,7, 1437,5
1742,3, 1427,7
1757,0, 1434,4
1539,4, 1316,3
1023,5, 1009,5
786,8, 891,9
717,8, 826,3
714,6, 828,6
727,2, 833,7
569,0, 743,9
521,5, 692,0
535,1, 697,9
483,5, 681,5
528,9, 688,5
533,5, 686,0
541,6, 698,2
545,0, 698,0
522,0, 693,3
603,9, 725,8
556,8, 713,2
564,9, 720,6
575,2, 725,2
575,3, 730,3
635,1, 746,4
646,1, 747,4
626,4, 745,9
471,8, 728,2
417,3, 723,1
421,5, 728,4
-40,6, 900,4
21,9, 3,8
-237,9, 742,9
-33,9, 174,9
-68,2, 751,3
-60,3, 753,1
-56,4, 749,2
-66,7, 745,9
-12,2, 808,8
33,0, 834,3
-47,0, 789,5
-89,0, 778,7
-93,1, 784,2
-95,4, 783,0
-67,1, 816,1
-26,9, 837,3
-27,5, 837,0
196,9, 949,8
256,8, 972,9
247,2, 962,6
238,2, 972,5
235,6, 976,2
236,5, 983,9
347,4, 985,2
453,9, 1053,5
447,7, 1043,0
505,6, 1053,6
555,9, 1089,7
601,8, 1110,0
600,9, 1110,7
594,1, 1100,5
549,9, 1080,6
535,4, 1076,4
512,8, 1067,4
507,6, 1059,0
515,2, 1053,4
513,4, 1051,3
787,6, 945,4
755,6, 956,4
881,7, 911,5
940,3, 891,4
965,6, 881,0
1064,4, 844,5
1061,2, 835,9
1052,5, 825,4
1050,7, 816,1
1027,4, 793,2
997,2, 757,7
1000,8, 757,9
989,1, 740,2
965,3, 705,6
964,8, 704,0
966,0, 687,8
971,2, 691,1
979,9, 687,1
1188,1, 954,7
1167,8, 933,5
1259,3, 1095,4
1372,9, 1279,7
1384,6, 1292,2
1387,9, 1296,4
1450,6, 1413,5
1451,1, 1414,0
1451,5, 1413,9
1452,0, 1417,4
1451,0, 1419,3
1449,0, 1422,7
1447,7, 1424,3
1446,4, 1423,4
1442,1, 1418,2
1437,9, 1413,7
1422,3, 1403,2
1383,2, 1339,1
908,9, 581,5
856,6, 545,8
828,2, 514,4
823,4, 506,7
772,5, 494,2
779,8, 500,8
821,6, 521,9
824,2, 524,2
820,2, 525,3
804,6, 522,0
688,1, 483,2
660,4, 456,4
-205,7, 1057,9
-186,2, 935,5
-180,6, 985,4
-176,0, 1008,5
-184,0, 1002,4
-153,3, 1025,9
-164,9, 989,3
-191,1, 667,8
-217,8, 590,7
-205,3, 590,6
-441,6, 585,5
-439,2, 591,2
-433,7, 598,1
-425,7, 598,3
-425,4, 596,8
-426,3, 596,7
-125,6, 413,5
-126,3, 423,4
-123,6, 429,4
-134,8, 426,1
-233,5, 268,3
-179,6, 274,5
-198,0, 264,9
-230,6, 236,7
-220,1, 229,4
-224,1, 220,7
-231,5, 227,3
-296,5, 151,8
-255,1, 148,6
-271,2, 122,9
-299,4, 94,2
-289,9, 117,1
-14,1, 512,6
44,7, 600,4
48,0, 582,6
54,4, 578,5
54,4, 578,5
-359,2, 517,2
-357,7, 515,4
-349,7, 522,8
-350,1, 532,6
-353,7, 532,0
-353,9, 523,9
-378,1, 522,4
-396,4, 506,1
-390,9, 514,6
-376,5, 519,4
-338,9, 517,0
-359,2, 516,0
-390,0, 511,5
-389,8, 510,6
-168,3, 857,9
-169,6, 853,5
-179,7, 861,8
-179,0, 865,6
-178,7, 867,3
-86,1, 812,8
-100,1, 815,0
-163,5, 862,0
-183,1, 871,1
-183,2, 872,7
-168,4, 894,7
-190,1, 884,8
-190,1, 884,8
-195,5, 309,1
-214,5, 294,6
-211,5, 300,3
-201,6, 310,9
301,6, 641,6
491,3, 720,9
564,1, 749,5
730,6, 811,3
895,5, 870,3
986,6, 902,4
1018,3, 914,5
1066,0, 924,5
1085,8, 919,8
1085,0, 919,5
1087,7, 924,3
1083,6, 924,1
1090,5, 925,8
1085,6, 912,1
1086,4, 912,7
1077,8, 905,9
1075,0, 904,2
1079,3, 911,6
1081,5, 913,8
1080,4, 912,0
1081,0, 912,2
1081,2, 906,0
1081,9, 903,2
1079,9, 901,8
1077,2, 904,5
1076,1, 902,9
1074,1, 903,4
1067,6, 905,0
1056,5, 898,1
804,8, 871,5
773,5, 867,4
667,4, 850,4
663,0, 848,9
425,2, 807,9
-12,4, 735,8
-31,2, 736,0
-208,0, 842,3
-205,3, 833,6
-186,4, 860,6
-174,1, 864,3
-162,7, 873,1
-162,7, 873,1
-166,4, 868,9
-179,3, 882,7
-183,4, 862,4
-176,6, 948,2
-157,8, 969,7
-156,3, 961,6
-155,3, 961,6
-216,5, 953,2
-200,8, 955,7
235,7, 1057,7
269,6, 1065,5
524,5, 1104,5
498,6, 1102,9
570,1, 1110,9
665,3, 1110,8
656,5, 1109,5
682,0, 1081,0
722,8, 1067,7
824,9, 1047,2
828,6, 1040,4
838,7, 1029,5
868,0, 1005,4
873,8, 1005,2
895,1, 1005,0
959,3, 1003,0
983,6, 999,7
984,3, 999,2
997,8, 996,6
1003,5, 1000,0
1041,7, 993,3
1044,0, 988,1
1042,6, 987,6
1059,7, 1000,7
1018,5, 1003,5
677,7, 1028,5
586,6, 1036,3
574,5, 1035,4
583,3, 1057,3
554,3, 1043,3
579,0, 1052,9
586,0, 1054,9
588,4, 1057,6
590,7, 1064,0
611,7, 1074,1
624,0, 1077,7
625,5, 1071,4
630,5, 1069,0
628,9, 1065,8
637,1, 1063,4
644,9, 1065,7
665,9, 1065,9
667,5, 1066,5
690,1, 1070,4
697,9, 1066,9
699,7, 1068,8
699,9, 1070,6
712,1, 1073,9
720,3, 1077,2
717,8, 1073,5
708,1, 1050,8
789,3, 954,9
808,2, 932,0
830,2, 911,7
856,7, 870,4
867,2, 859,4
874,9, 852,0
874,5, 856,0
874,8, 842,1
875,8, 845,4
868,6, 837,7
861,4, 830,5
860,1, 828,3
859,6, 823,0
750,4, 692,3
633,6, 516,8
590,5, 457,5
511,3, 337,9
528,3, 366,7
357,2, 130,2
330,4, 92,6
330,4, 95,9
328,7, 90,9
86,3, 787,7
80,2, 784,0
82,6, 792,2
88,6, 802,0
119,3, 818,1
108,8, 819,7
103,9, 826,0
90,7, 834,2
96,9, 830,3
143,1, 838,7
168,0, 850,5
180,4, 854,8
210,6, 872,9
208,5, 873,3
226,1, 921,8
238,6, 955,4
238,6, 955,4
228,8, 916,3
170,4, 913,1
182,3, 906,4
146,9, 937,1
140,3, 958,9
144,3, 961,4
143,9, 961,1
149,1, 978,8
146,6, 989,0
183,4, 1051,4
195,0, 1049,0
197,4, 1039,4
196,8, 1035,5
195,6, 1021,6
193,2, 1012,5
180,7, 1021,0
154,0, 1044,0
327,8, 1082,8
701,5, 1171,6
677,3, 1161,3
951,5, 1217,8
967,0, 1219,6
973,8, 1220,3
987,9, 1219,3
993,5, 1218,2
1001,2, 1218,8
1003,5, 1218,4
1017,0, 1217,3
1028,0, 1208,5
1029,9, 1211,3
1053,9, 1226,6
1067,7, 1232,0
1090,7, 1228,2
1088,9, 1228,2
1105,8, 1225,3
1118,3, 1224,5
1135,9, 1224,7
1137,6, 1221,6
1142,9, 1223,9
1174,0, 124