Listening for gaze data, press any key to exit...
1116,5, 736,7
1116,0, 733,6
1071,8, 677,9
1074,8, 664,3
1074,7, 656,2
1074,3, 654,8
1077,9, 656,6
1076,5, 651,4
1080,0, 646,0
1060,7, 637,1
801,8, 501,9
794,5, 498,7
765,6, 482,8
696,3, 451,9
749,3, 474,6
711,9, 457,1
712,2, 455,0
736,1, 469,9
733,3, 467,3
730,2, 465,1
738,1, 475,0
739,4, 476,9
779,6, 486,9
753,9, 486,8
750,8, 482,2
777,6, 484,7
778,2, 488,5
792,8, 484,6
1034,1, 479,6
1073,2, 477,0
1086,9, 467,7
1096,2, 447,4
1115,1, 417,0
1117,3, 397,5
1115,7, 401,1
1114,6, 400,3
1113,6, 402,1
1115,4, 410,3
1114,0, 411,2
1094,4, 393,0
953,1, 280,0
782,8, 147,7
719,9, 103,2
422,1, -102,0
367,9, -117,1
423,5, -59,6
430,8, -57,4
489,1, 89,8
516,3, 148,1
583,9, 298,6
698,0, 574,2
847,4, 958,9
871,9, 1052,5
866,0, 1059,1
849,2, 1032,7
943,9, 1315,2
924,6, 1206,3
922,4, 1196,3
912,5, 1110,7
896,8, 961,5
888,6, 882,5
883,4, 859,6
864,6, 684,9
864,5, 683,5
870,1, 687,0
869,7, 678,4
870,5, 679,0
874,1, 679,3
872,3, 678,6
869,4, 678,9
869,2, 679,8
733,7, 328,5
726,0, 327,8
701,0, 261,0
700,7, 271,8
691,2, 277,1
688,7, 309,6
673,3, 267,5
717,1, 296,4
729,4, 313,5
710,2, 300,6
751,8, 342,3
705,5, 291,8
695,2, 285,2
704,1, 302,1
723,3, 403,5
706,0, 373,7
748,9, 743,0
743,9, 801,9
757,6, 1695,3
758,9, 1820,9
761,8, 2018,7
760,0, 2131,0
761,9, 2231,3
757,5, 2324,6
758,1, 2347,4
748,7, 2337,9
753,2, 2352,9
755,3, 2355,9
763,6, 2350,1
773,0, 2344,0
776,8, 2341,5
775,4, 2340,9
715,1, 2331,8
719,2, 2335,0
684,6, 2339,0
659,7, 2332,2
649,6, 2323,8
655,2, 2325,3
642,9, 2322,7
645,4, 2320,4
655,8, 2310,9
667,1, 2303,2
657,4, 2309,7
655,1, 2308,7
664,6, 2283,4
668,8, 2271,6
672,3, 2258,4
691,8, 2247,0
701,2, 2246,1
721,0, 2239,9
736,8, 2237,3
755,0, 2232,1
754,0, 2231,7
731,4, 2110,5
720,1, 2128,1
713,2, 2125,6
687,4, 2063,9
634,6, 1952,8
593,2, 1827,5
456,2, 1366,5
434,5, 1282,3
284,5, 693,1
198,7, 374,9
206,3, 365,1
206,1, 322,6
241,1, 308,1
339,7, 330,3
384,6, 315,2
383,5, 317,3
378,1, 267,2
385,7, 235,4
440,3, 343,1
414,5, 297,8
459,7, 376,4
495,4, 399,3
519,5, 441,9
528,0, 445,5
544,1, 450,0
577,8, 415,2
606,1, 388,1
648,3, 361,1
675,7, 373,6
683,7, 367,1
699,6, 352,8
696,6, 343,9
687,4, 326,0
669,9, 305,8
655,0, 285,3
648,4, 274,4
633,9, 247,8
634,5, 252,6
629,6, 269,6
724,9, 387,0
694,8, 342,0
629,3, 219,0
630,2, 210,6
624,1, 185,6
615,2, 161,9
611,0, 155,5
577,8, 109,9
547,5, 79,9
544,8, 75,6
550,4, 80,0
555,2, 84,7
561,7, 86,6
561,4, 85,0
565,5, 88,4
564,8, 86,0
568,7, 90,8
577,5, 107,1
587,6, 132,1
585,1, 125,4
516,5, 167,0
525,2, 175,9
517,0, 145,2
556,2, 210,1
575,4, 235,9
622,8, 304,9
633,2, 316,6
631,8, 303,3
606,5, 180,4
595,1, 109,0
601,8, 121,7
595,3, 67,1
590,9, 77,0
593,8, 94,0
592,2, 83,2
621,0, 100,1
610,5, 120,3
612,2, 118,5
615,8, 115,4
613,4, 115,7
616,0, 124,1
608,9, 116,9
607,1, 113,6
600,8, 102,1
602,8, 103,5
600,7, 100,4
585,7, 76,1
577,0, 66,7
500,0, 164,9
423,5, 242,1
420,3, 216,7
418,0, 206,7
409,6, 217,0
416,2, 217,4
423,6, 228,4
437,6, 244,8
506,3, 344,4
737,6, 394,2
1040,0, 551,3
1165,9, 562,9
1306,5, 568,0
1389,6, 567,9
1470,5, 569,4
1469,4, 569,7
1477,6, 543,0
1470,6, 523,6
1466,7, 518,6
1462,1, 512,2
1462,4, 506,3
1461,6, 499,2
1464,3, 504,1
1491,3, 485,6
1526,6, 472,4
2022,9, 372,4
1910,8, 411,1
2370,7, 370,8
2534,4, 328,9
2513,2, 334,5
2596,2, 315,7
2663,3, 292,4
2645,0, 294,9
2781,1, 252,3
2831,0, 232,0
2847,7, 224,4
2831,6, 219,9
2828,4, 220,8
2830,6, 220,9
2838,7, 209,8
2903,9, 199,7
2935,1, 196,6
2924,0, 181,5
2891,4, 182,9
2903,4, 204,5
2876,5, 204,6
2884,6, 210,0
2889,6, 214,3
2883,7, 218,2
2873,8, 225,2
2836,2, 251,9
2829,7, 254,5
2843,6, 248,7
2829,2, 263,8
2846,6, 277,9
2820,4, 288,7
2859,7, 267,1
2815,4, 324,1
2815,7, 332,1
2802,6, 341,5
2821,0, 331,6
2787,3, 367,5
2811,4, 347,7
2776,1, 390,7
2752,4, 402,0
2754,0, 400,5
2757,7, 307,9
2800,8, 280,5
2792,1, 257,2
2757,1, 384,0
2766,6, 376,7
2769,9, 307,2
2835,3, 234,7
2807,1, 276,5
2823,5, 255,7
2837,5, 269,4
2828,2, 291,3
2841,3, 295,6
2783,9, 346,0
2823,3, 317,7
2797,5, 350,4
2824,8, 323,9
2842,1, 267,0
2814,3, 211,5
2790,8, 295,0
2795,1, 218,3
2776,6, 329,9
2785,7, 275,3
2784,2, 289,7
2776,1, 341,3
2810,7, 310,9
2780,9, 371,9
2841,3, 310,7
2805,4, 351,2
2822,1, 340,8
2800,3, 358,6
2817,6, 336,2
2795,0, 350,1
2810,0, 331,1
2792,9, 344,4
2828,3, 321,9
2782,0, 356,4
2846,3, 301,7
2824,7, 204,8
2805,9, 155,6
2795,2, 187,3
2792,0, 205,5
2776,5, 269,8
2769,5, 344,8
2771,8, 341,3
2858,5, 291,8
2856,9, 292,1
2819,5, 306,5
2785,2, 322,3
2776,6, 327,1
2766,5, 334,6
2769,6, 340,3
2774,2, 332,2
2774,3, 336,3
2728,4, 349,5
2396,0, 487,7
2280,5, 554,4
1732,3, 941,4
1758,1, 922,5
1654,4, 988,7
1645,7, 976,5
1636,5, 964,4
1633,2, 949,4
1608,9, 941,7
1604,9, 942,2
1601,4, 946,3
1600,6, 945,3
1597,8, 943,9
1591,4, 941,7
1594,6, 942,5
1599,1, 940,9
1598,9, 939,9
1599,8, 942,1
1604,7, 940,2
1590,3, 940,0
1579,2, 940,6
1469,0, 838,6
1218,8, 562,1
1210,4, 553,7
1201,0, 538,0
1193,8, 529,9
1180,0, 507,5
1190,6, 522,1
1203,9, 538,0
1196,5, 529,1
1200,3, 537,3
1227,6, 598,7
1244,0, 631,9
1259,4, 654,8
1280,0, 711,7
1349,8, 1008,8
1384,6, 1088,8
1394,5, 1110,2
1464,1, 1248,7
1529,9, 1404,4
1523,0, 1398,2
1520,4, 1405,5
1512,9, 1402,9
1538,8, 1420,3
1550,8, 1424,5
1554,6, 1438,0
1554,6, 1436,3
1539,0, 1434,1
1538,9, 1435,3
1453,1, 1425,2
1459,1, 1622,7
1475,3, 1656,7
1477,3, 1839,8
1482,3, 1932,1
1485,6, 2149,5
1491,2, 2179,5
1496,3, 2190,2
1529,7, 1806,0
1555,4, 1493,4
1583,4, 1146,6
1582,4, 1147,4
1598,6, 1042,6
1602,1, 1033,6
1600,2, 1010,9
1596,8, 1008,9
1594,0, 1008,0
1603,8, 989,9
1603,6, 997,9
1675,2, 829,1
1680,2, 778,4
1675,8, 782,1
1680,7, 785,7
1692,9, 813,9
1667,0, 825,4
1625,2, 913,0
1575,0, 1184,3
1572,4, 1119,1
1525,8, 1390,0
1500,7, 1440,8
1419,2, 2048,1
1374,8, 2271,9
1363,1, 2371,4
1324,4, 2537,2
1322,2, 2535,6
1345,9, 2570,6
1325,8, 2536,6
1319,0, 2533,5
1305,6, 2555,5
1305,0, 2559,9
1328,8, 2569,1
1337,3, 2576,3
1333,5, 2572,3
1342,2, 2594,3
1347,4, 2607,5
1365,3, 2643,0
1400,5, 2737,4
1402,4, 2733,3
1401,3, 2735,5
1380,2, 2731,3
1366,4, 2733,0
1392,6, 2746,4
1399,9, 2738,8
1401,5, 2731,0
1407,6, 2751,6
1404,9, 2760,6
1389,6, 2757,4
1392,2, 2749,6
1420,6, 2751,8
1865,0, 2704,8
1868,7, 2710,6
1785,3, 2717,4
2033,9, 2720,6
2179,5, 2767,3
2272,5, 2814,9
2274,0, 2812,4
2310,6, 2812,4
2335,7, 2818,9
2339,6, 2813,3
2274,6, 2696,9
2267,0, 2679,1
2274,9, 2686,5
2274,1, 2685,2
2274,6, 2687,2
2272,8, 2693,0
2267,4, 2681,4
2267,3, 2683,0
2257,1, 2682,1
2259,5, 2683,9
2275,2, 2693,5
2284,4, 2693,7
2291,1, 2680,4
2306,4, 2638,9
2304,0, 2642,8
2306,6, 2618,0
2323,3, 2625,6
2333,5, 2632,0
921,6, 1231,6
637,5, 964,6
400,9, 855,4
448,9, 878,0
442,4, 875,2
415,2, 859,5
380,3, 843,6
376,6, 841,1
351,3, 831,8
318,9, 823,1
314,2, 826,1
305,0, 823,2
-79,1, 652,2
-248,9, 600,9
-248,4, 597,7
-368,9, 581,9
-325,4, 556,5
-322,9, 549,8
-542,9, 510,8
-490,2, 481,9
-437,8, 535,8
-414,5, 544,5
-414,0, 541,7
-320,0, 588,7
57,0, 782,6
38,6, 784,9
86,0, 802,6
193,8, 851,8
196,4, 864,9
315,5, 886,9
272,8, 884,0
247,7, 787,9
405,7, 793,5
354,9, 773,5
382,4, 775,1
273,9, 728,5
316,3, 743,5
418,3, 786,0
315,9, 736,1
402,4, 772,3
203,4, 681,2
305,1, 730,0
232,6, 694,4
288,4, 721,9
239,2, 700,2
301,3, 720,0
203,5, 675,8
266,0, 696,7
183,3, 649,6
298,5, 704,0
356,1, 732,6
335,8, 722,1
323,0, 716,5
344,8, 726,5
221,4, 668,7
250,6, 660,4
332,3, 690,4
342,5, 689,0
334,1, 689,0
285,3, 674,8
350,3, 706,6
390,4, 716,4
427,0, 725,7
329,8, 668,1
-10,8, 466,5
953,5, 637,9
1084,5, 631,7
1503,6, 580,3
1472,6, 588,4
1479,5, 589,0
1517,8, 597,1
1529,8, 580,5
1536,8, 498,5
1534,9, 446,9
1538,9, 491,1
1541,3, 445,3
1538,8, 426,1
1515,8, 256,7
1516,6, 251,7
1530,6, 233,2
1566,1, 233,5
1684,4, 224,7
1768,9, 220,8
2017,2, 203,1
2332,1, 166,5
2665,4, 118,0
2989,3, 61,5
3053,3, 62,5
3184,9, 77,9
3237,7, 78,2
3315,5, 48,6
3487,2, -83,6
3722,8, -195,8
3823,0, -239,5
3823,0, -239,5
3188,8, 65,7
2205,9, 425,3
1732,2, 423,5
1490,9, 422,0
1330,7, 325,6
1004,6, 347,4
427,7, 313,0
199,8, 259,2
187,3, 244,0
170,7, 233,3
-3,5, 94,7
8,3, 109,6
7,4, 100,0
177,9, 348,6
203,4, 357,2
189,5, 364,2
191,1, 364,8
215,7, 367,8
207,1, 370,8
201,6, 388,5
207,1, 389,5
229,5, 394,6
206,6, 381,7
206,3, 378,8
203,4, 386,4
202,2, 389,8
808,3, 426,4
907,1, 425,8
892,7, 426,8
914,9, 396,6
905,7, 398,0
893,9, 330,3
891,9, 295,1
895,1, 258,4
895,9, 233,7
934,9, 211,0
946,4, 208,7
971,0, 199,9
963,4, 200,9
978,6, 187,7
1007,8, 184,0
1049,5, 179,2
1282,0, 230,9
1773,8, 821,1
1897,4, 823,1
1965,4, 817,1
1972,4, 816,4
1977,6, 820,8
1979,9, 828,8
1969,0, 873,9
1959,1, 889,2
1981,6, 957,2
2029,1, 1180,6
2043,5, 1279,0
2098,5, 1815,7
2117,5, 2016,1
2201,5, 2433,1
2207,9, 2492,3
2224,0, 2523,2
2271,8, 2639,4
2291,7, 2687,9
2290,5, 2697,9
2322,9, 2749,1
2309,3, 2736,3
2309,6, 2739,9
2303,1, 2752,5
2299,5, 2743,8
2293,4, 2745,8
2291,3, 2742,2
2290,5, 2743,4
2285,0, 2718,2
2266,5, 2650,6
2270,1, 2646,8
2272,1, 2645,3
3588,8, 77,2
3579,5, 78,6
3569,1, 120,5
3544,6, 149,7
3551,9, 148,4
3526,0, 166,1
3430,7, 207,7
3385,4, 227,8
3398,0, 226,4
3398,6, 221,6
3399,5, 209,5
3398,4, 197,8
3400,4, 198,4
3385,2, 237,9
3284,1, 331,4
2879,8, 465,5
2531,5, 580,1
2067,0, 696,3
2057,3, 692,6
2039,2, 695,0
1869,5, 712,4
1811,9, 641,0
1770,4, 654,2
1628,4, 536,2
-34,7, 321,8
-263,9, 85,8
-228,9, 127,0
-209,6, 122,1
-268,6, 80,2
-268,8, 73,0
-276,6, 57,8
-286,7, 22,9
-301,5, -12,2
-285,1, -37,0
-283,0, -52,8
-250,8, -44,1
-251,6, -38,1
-254,6, -46,5
-255,6, -36,3
-242,0, -22,3
-247,0, -27,4
-261,0, -45,7
-254,6, -35,4
-236,0, -22,6
-239,0, -24,6
61,4, 23,2
209,4, 71,7
294,3, 88,3
367,9, 91,6
362,4, 93,2
457,1, 182,9
476,8, 183,8
511,2, 195,4
583,1, 246,4
623,1, 234,5
620,4, 240,0
1100,4, 392,5
1170,2, 434,9
1185,7, 441,9
1208,5, 443,7
1231,9, 458,1
1271,6, 457,3
1349,3, 402,6
1466,0, 371,4
1579,5, 356,0
2292,1, 406,0
3625,6, 127,9
3648,2, 114,2
3591,8, 123,2
3560,4, 138,6
3526,5, 156,0
3487,0, 190,6
3344,7, 307,0
3266,8, 365,4
3206,6, 388,9
3190,8, 387,0
3123,1, 403,7
3105,2, 452,6
3090,3, 512,1
3094,3, 594,5
3091,7, 595,8
3085,7, 600,8
3094,3, 601,1
3094,2, 601,1
3153,3, 515,3
3156,0, 512,4
3156,0, 512,3
3184,7, 458,5
3196,7, 435,5
1818,6, 694,7
1652,0, 714,3
1592,2, 701,2
1443,1, 692,9
1188,9, 681,9
718,8, 660,9
751,2, 661,7
681,0, 671,4
732,2, 663,6
632,3, 669,3
605,2, 648,9
603,3, 648,3
497,4, 615,8
594,9, 607,3
550,3, 602,8
588,0, 596,8
347,3, 574,5
386,7, 575,7
379,6, 573,7
376,5, 572,8
321,4, 577,2
324,2, 581,3
330,1, 581,4
337,0, 580,0
328,8, 569,5
321,5, 572,9
318,6, 561,9
321,9, 560,5
323,3, 559,9
80,2, 540,1
89,7, 552,6
104,9, 565,6
103,7, 558,0
111,6, 560,7
110,7, 544,0
378,9, 535,0
474,0, 528,2
657,9, 530,5
705,1, 537,3
747,4, 537,5
866,5, 503,8
947,0, 430,8
1007,7, 329,3
995,8, 359,6
984,8, 324,0
995,7, 251,8
1001,8, 179,4
1005,9, 115,6
976,1, 84,4
972,8, 62,7
960,9, 56,7
956,5, 41,4
957,5, 26,3
1028,4, 45,0
1050,5, 56,7
1073,3, 65,2
1103,2, 58,3
1119,5, 64,7
1147,0, 71,7
1168,5, 72,6
1213,1, 75,9
1286,6, 73,0
1309,9, 67,5
1322,9, 65,6
1321,8, 61,1
1386,7, 50,4
1441,5, 27,0
1448,4, 36,9
1465,2, 40,1
1506,3, 43,3
1534,0, 43,7
1567,7, 47,0
1601,3, 50,2
1636,1, 48,3
1626,4, 48,7
1684,7, 51,8
1714,1, 47,1
1728,1, 44,2
1786,1, 30,8
1818,2, 31,6
1828,6, 6,0
1908,3, 2,3
2067,4, -27,1
2069,2, -25,4
2585,9, -60,8
2796,1, -90,1
2855,2, -97,0
2937,9, -117,7
2939,0, -102,7
2978,7, -123,6
2968,2, -116,7
2970,5, -95,2
2970,3, -72,6
2970,4, -72,0
2974,5, -38,0
2980,3, 7,0
3008,5, 6,3
2999,4, 12,3
3015,3, 23,0
3010,6, 45,7
3012,7, 41,4
3014,7, 52,2
3032,1, 92,4
3030,1, 90,8
3016,7, 99,1
3018,3, 92,6
3012,3, 47,6
2704,6, 53,2
2648,8, 71,7
2614,0, 100,4
2308,0, 181,3
2168,2, 207,2
2166,7, 190,7
2168,5, 165,9
2168,8, 146,6
2165,3, 152,8
2160,4, 159,3
2122,2, 150,1
2132,7, 147,1
2128,7, 144,3
2111,4, 140,6
1922,8, 190,1
1844,2, 220,3
1861,2, 213,4
1803,8, 237,5
1577,7, 345,9
1573,3, 340,4
1571,4, 336,7
1569,7, 334,7
1558,6, 327,6
1559,5, 323,9
1559,9, 317,1
1550,1, 307,9
1506,4, 276,1
1534,2, 271,0
1530,7, 262,7
1527,2, 259,7
1123,9, 125,5
942,4, 80,6
626,6, 12,5
548,6, -0,2
306,4, -47,3
299,7, -75,0
327,1, -44,3
328,0, -43,8
-349,2, -235,5
-348,6, -258,2
-348,6, -258,2
-348,6, -258,2
-357,9, -270,7
-362,0, -276,1
105,0, -100,5
224,8, -113,6
310,5, -67,3
400,6, -19,7
596,8, 89,1
563,7, 72,2
710,7, 151,1
1074,2, 352,8
1137,7, 400,4
1139,3, 399,6
1183,8, 447,3
1202,5, 464,1
1214,1, 476,6
1262,8, 527,7
1389,5, 848,0
1372,2, 796,1
1449,5, 967,0
1444,7, 896,2
1521,4, 972,5
1597,4, 965,9
1749,5, 953,2
1843,3, 942,7
1848,7, 941,5
1855,8, 936,2
1855,9, 936,3
1861,1, 931,7
1859,3, 933,1
1860,1, 928,4
1858,3, 925,7
1855,7, 926,4
1855,1, 925,2
1852,4, 917,1
1851,2, 906,1
1850,1, 909,3
1858,7, 920,7
1859,7, 919,7
1861,7, 917,9
1859,1, 930,5
1857,5, 934,3
1858,6, 920,7
1859,4, 912,7
1860,9, 911,9
1861,6, 909,3
1860,9, 909,7
1857,6, 903,1
1856,2, 900,3
1851,8, 898,2
1853,5, 899,6
1853,5, 898,7
1899,8, 862,6
2113,7, 668,1
2554,7, 30,6
2343,6, -0,8
2026,0, 27,6
1822,4, 35,6
1532,1, -5,5
1414,6, -9,7
1261,4, -24,5
862,4, -70,1
598,8, -110,9
571,5, -112,3
522,2, -104,8
529,8, -78,8
446,6, -93,3
432,8, -82,3
398,4, 0,3
67,2, -9,0
-40,3, -1,5
-163,5, 23,2
-213,5, 42,0
-221,4, 31,6
-219,4, 36,1
-226,6, 33,1
-220,5, 20,4
-69,4, 39,0
-75,1, 63,8
-62,7, 55,8
-70,6, 38,3
-74,8, 33,1
-74,1, 33,5
-68,6, 40,9
-59,9, 54,3
-55,7, 51,0
-54,2, 36,3
-234,8, 35,4
-215,7, 45,9
-190,0, 110,3
-178,6, 120,7
-176,0, 106,8
-174,0, 64,5
-173,9, 61,5
659,6, 463,7
684,5, 480,7
716,0, 497,6
753,1, 517,7
843,4, 509,1
867,5, 512,3
928,5, 495,3
3231,1, 597,0
2442,8, 371,0
2453,7, 366,6
2152,4, 404,8
1838,5, 441,4
1308,7, 504,9
1308,7, 504,9
3606,3, 801,9
3651,2, 805,4
3632,4, 808,5
3596,6, 824,4
3518,2, 861,1
3535,5, 852,6
3488,2, 874,2
3377,2, 918,7
2933,7, 1091,6
2942,9, 1135,0
2946,3, 1142,2
2896,4, 1158,9
2899,7, 1158,0
2930,1, 1148,1
2983,8, 1123,2
3103,9, 1042,2
3112,5, 1034,0
373,3, 1077,0
393,2, 1087,8
384,2, 1083,7
393,4, 1087,0
393,2, 1085,3
394,5, 1081,6
399,5, 1078,2
-170,2, 1202,6
-180,0, 1206,3
-197,7, 1212,7
-174,0, 1216,4
-109,4, 1226,6
-90,1, 1227,6
-74,7, 1227,7
-56,7, 1230,2
-34,1, 1231,3
-23,1, 1229,1
-27,4, 1231,0
-10,9, 1234,8
64,4, 1253,5
77,0, 1252,6
84,3, 1245,3
85,5, 1243,0
88,0, 1243,5
87,5, 1242,1
80,0, 1248,8
60,5, 1238,5
80,8, 1244,3
86,7, 1248,6
77,2, 1248,9
74,7, 1250,5
90,6, 1253,3
94,3, 1250,2
102,8, 1246,1
95,7, 1242,3
92,9, 1241,8
4,3, 1205,7
34,6, 1200,6
41,7, 1205,6
75,5, 1229,9
78,5, 1227,2
61,2, 1217,4
64,0, 1222,5
59,2, 1218,6
55,1, 1223,2
74,1, 1234,4
72,2, 1232,5
60,7, 1224,9
54,6, 1217,0
52,2, 1215,5
52,4, 1218,4
63,5, 1221,0
76,1, 1221,8
77,2, 1221,9
92,6, 1222,8
89,7, 1222,7
78,8, 1210,9
73,9, 1205,5
71,3, 1205,8
344,9, 711,3
430,8, 603,6
482,4, 522,3
477,4, 521,7
471,0, 522,4
472,6, 521,6
450,6, 494,0
421,4, 477,2
425,1, 480,4
353,0, 458,2
289,1, 438,8
73,4, 409,8
0,8, 410,0
-46,1, 388,8
-24,2, 402,2
2,8, 408,4
21,6, 398,2
20,5, 404,5
-3,3, 395,3
-6,7, 391,4
376,7, 353,1
401,3, 349,9
399,9, 348,4
413,7, 342,9
395,7, 346,1
342,4, 367,6
284,3, 393,8
268,1, 390,6
307,2, 450,9
377,8, 712,2
-620,1, 915,2
-679,6, 911,9
-608,2, 897,3
-582,3, 866,8
451,6, 660,1
473,5, 703,9
465,5, 699,9
455,7, 682,1
453,0, 675,1
966,7, 703,1
1269,6, 698,2
1433,0, 707,9
1521,9, 711,6
1680,3, 715,1
1775,1, 727,5
2047,1, 741,8
2189,3, 758,2
2231,2, 764,7
2240,9, 769,0
2271,4, 765,4
2365,1, 781,9
2450,0, 786,1
2446,1, 809,7
2440,7, 847,3
2505,5, 835,4
2563,7, 868,9
2622,8, 898,1
2758,3, 869,3
2876,8, 832,3
2956,0, 845,1
2982,4, 830,2
3012,1, 774,6
3034,4, 759,5
3041,9, 748,4
3060,0, 735,4
3069,3, 739,8
3069,4, 745,3
3076,5, 735,7
3084,0, 745,2
3090,2, 735,7
3095,8, 732,1
3095,9, 731,7
3095,5, 732,2
3094,8, 735,9
3093,1, 737,9
3094,0, 734,9
3084,8, 732,8
3073,1, 723,1
3067,5, 718,4
3063,7, 712,7
3064,2, 711,9
3065,1, 710,6
3065,2, 711,4
3069,6, 711,3
3075,4, 730,7
3080,2, 771,7
3082,3, 791,5
3077,5, 802,6
3076,5, 800,8
3074,7, 802,2
3070,3, 803,8
3066,5, 804,7
3065,7, 804,9
3065,2, 805,0
3052,1, 808,6
3053,0, 808,6
3053,2, 807,3
3051,9, 805,3
3050,9, 805,7
3048,8, 807,6
3047,5, 809,6
3056,4, 808,6
3059,6, 808,3
3062,9, 814,4
3061,9, 816,4
3030,7, 800,7
3001,0, 857,6
2963,9, 922,1
2984,7, 881,9
2970,2, 903,2
2914,2, 1010,9
2914,6, 1013,4
2917,6, 1010,4
2923,9, 1006,2
2957,6, 998,2
3024,0, 990,1
2973,4, 970,6
2732,6, 981,4
2568,3, 1002,4
1677,7, 1082,3
1635,8, 1086,1
1576,3, 1090,4
1565,8, 1089,2
1547,8, 1084,9
1532,6, 1083,2
1520,7, 1072,0
1514,2, 1065,9
1513,6, 1064,7
1502,4, 1041,0
1100,9, 1003,5
-39,9, 857,1
-44,1, 850,0
-44,1, 850,0
-44,1, 850,0
-87,0, 856,1
-94,5, 863,6
-115,1, 850,8
-196,5, 772,5
-191,7, 786,7
-206,0, 766,3
-211,2, 732,6
-197,0, 734,2
-90,5, 732,3
-58,4, 750,0
87,3, 811,6
122,3, 831,3
127,1, 839,1
189,8, 862,8
193,1, 869,5
233,1, 873,5
256,7, 881,8
256,1, 903,0
279,6, 903,5
269,2, 913,4
294,3, 917,0
285,9, 922,0
352,6, 930,0
326,8, 939,7
367,6, 945,7
367,9, 961,3
303,5, 874,2
309,5, 880,3
286,5, 857,2
214,3, 788,8
191,2, 767,4
180,4, 757,7
165,5, 731,4
170,8, 736,0
231,0, 777,5
253,2, 792,7
390,6, 843,1
382,9, 836,5
399,0, 848,0
357,9, 845,1
382,8, 848,2
431,9, 852,2
433,4, 854,1
431,9, 851,2
427,8, 843,3
426,6, 841,5
423,5, 836,8
413,2, 843,5
402,1, 853,9
401,3, 859,4
399,9, 862,0
417,5, 845,2
416,2, 839,8
420,6, 833,9
421,1, 833,1
426,2, 827,5
427,2, 828,2
425,9, 828,9
425,9, 829,0
425,6, 829,7
424,4, 829,3
423,3, 828,5
421,2, 833,8
421,1, 826,4
420,5, 821,4
476,4, 804,5
876,3, 702,2
1047,0, 663,8
1254,6, 614,0
1295,8, 595,8
1432,1, 556,0
1621,4, 478,7
1589,7, 486,8
1593,4, 484,1
1653,8, 458,3
1673,9, 436,3
1674,7, 424,5
1675,3, 430,9
1630,4, 445,5
1638,8, 426,2
1632,4, 466,9
1527,2, 1107,1
1418,3, 1744,4
1414,1, 1796,2
1372,0, 2042,8
1357,2, 2128,8
1356,4, 2181,2
1325,1, 2609,7
1321,6, 2609,7
1308,1, 2557,5
1313,0, 2585,6
1318,4, 2615,4
1318,0, 2614,6
1316,4, 2611,7
1309,1, 2618,3
1308,4, 2619,5
1311,3, 2622,8
1318,7, 2625,1
1312,9, 2631,6
1306,0, 2631,4
1327,7, 2608,3
1319,0, 2613,6
1228,6, 2117,9
1034,0, 1466,7
801,8, 779,1
597,4, 302,6
550,7, 199,2
548,8, 159,5
602,5, 181,2
624,6, 204,9
583,8, 155,2
656,2, 237,2
689,2, 302,2
717,8, 290,1
709,7, 294,9
686,3, 280,2
674,9, 277,3
662,5, 259,6
635,9, 240,6
581,8, 225,4
374,8, 205,0
197,3, 172,4
105,4, 189,7
194,0, 338,8
170,4, 328,4
119,8, 285,0
77,9, 232,5
102,9, 144,3
88,3, 124,9
71,0, 107,8
57,3, 97,1
76,3, 75,4
842,2, 430,0
922,1, 417,2
1066,4, 424,0
1110,7, 436,9
1169,3, 426,3
1373,5, 429,3
1858,3, 357,8
2246,2, 324,3
2469,8, 312,9
2558,2, 304,0
2595,8, 266,9
2609,1, 270,7
2636,4, 309,1
2656,6, 313,8
2639,9, 334,9
2600,4, 384,7
2633,3, 386,0
2662,3, 384,2
2699,0, 380,7
2697,7, 390,1
2693,9, 392,1
2692,9, 395,9
2689,7, 389,5
2689,8, 395,7
2683,1, 365,5
2674,1, 322,3
2665,3, 328,6
2665,8, 330,4
2692,0, 360,7
2713,6, 358,2
2700,2, 340,1
2725,5, 345,1
2732,1, 348,6
2770,0, 333,6
2772,9, 331,7
2799,0, 315,6
2928,4, 178,0
3049,1, 218,2
3059,7, 213,2
3097,6, 242,8
3154,6, 302,1
3202,8, 329,3
3248,7, 359,0
3327,4, 392,3
3365,6, 407,1
3368,8, 405,6
3371,6, 397,8
3371,3, 398,8
3354,2, 415,8
3232,3, 553,6
3206,8, 582,7
3216,0, 579,5
3239,8, 561,1
3251,9, 552,8
3327,5, 499,0
3315,1, 511,7
3315,2, 512,1
3302,4, 518,7
3290,2, 535,4
3285,5, 539,7
3280,9, 539,5
3259,0, 529,6
3251,9, 536,5
2747,4, 770,9
2506,6, 892,4
2454,2, 922,3
2436,3, 933,3
2360,3, 967,2
2357,1, 970,4
2358,6, 971,1
2349,6, 972,6
2284,8, 957,6
2308,0, 961,8
2182,5, 942,5
1517,3, 859,1
1444,9, 854,2
1307,6, 840,5
1303,3, 843,4
1302,2, 835,9
1299,4, 837,7
1294,7, 826,7
1291,0, 824,3
1276,2, 808,9
1237,0, 805,2
1179,2, 803,2
979,1, 785,7
881,0, 767,6
661,1, 764,0
570,1, 765,7
477,6, 768,5
343,4, 767,3
351,2, 773,5
311,1, 759,7
332,4, 779,2
328,7, 776,5
324,4, 773,9
310,6, 765,2
320,3, 769,8
320,7, 769,0
385,2, 816,4
191,6, 780,2
114,8, 765,3
161,3, 771,7
9,3, 717,0
3,9, 719,8
-17,8, 736,0
-5,5, 749,1
28,6, 769,0
30,3, 770,4
46,2, 788,8
72,2, 812,4
134,7, 847,9
277,5, 910,3
295,6, 921,8
294,2, 919,5
252,8, 910,8
244,5, 903,0
239,3, 894,7
226,3, 847,6
224,0, 836,3
211,6, 813,5
199,3, 808,1
205,0, 808,8
169,9, 777,4
166,9, 777,6
107,6, 737,1
100,1, 735,1
86,0, 724,5
54,8, 716,3
48,2, 708,3
51,8, 705,7
35,1, 693,2
14,5, 685,7
21,4, 687,6
64,1, 687,2
110,5, 689,0
9,9, 658,4
34,4, 660,2
36,6, 656,7
120,8, 645,2
117,9, 650,0
64,4, 665,3
114,5, 660,1
66,8, 665,6
120,0, 667,0
132,2, 679,1
197,8, 682,4
165,8, 694,9
227,2, 698,5
176,8, 697,5
239,5, 689,6
312,6, 691,1
416,1, 686,7
654,3, 675,6
741,4, 674,4
765,1, 672,0
1075,6, 665,7
1198,7, 662,6
1211,0, 655,4
1251,6, 603,2
1221,3, 539,1
1217,0, 523,4
1184,9, 486,2
1209,6, 508,4
1214,9, 454,4
1209,6, 416,6
1224,7, 410,0
1227,3, 406,3
1257,6, 393,5
1264,3, 391,9
1303,3, 374,2
1495,3, 286,1
1526,1, 272,8
1690,8, 215,4
1672,6, 218,5
1699,2, 213,1
1747,4, 210,7
1769,3, 189,0
1779,9, 196,4
1779,9, 192,4
1785,8, 184,7
1794,0, 169,4
1805,9, 177,4
1835,6, 154,9
1880,3, 94,9
1947,0, 59,5
1951,0, 59,3
1956,9, 54,6
1980,1, 37,4
2126,7, 4,2
2492,3, -63,7
2846,4, -6,1
3458,2, 52,7
3459,8, 57,7
3459,8, 57,7
3575,6, -195,2
3575,6, -195,2
3616,7, -244,5
3607,0, -212,9
3604,1, -229,6
3627,4, -256,1
3602,9, -240,3
3562,3, -251,4
3576,1, -224,8
3576,1, -224,8
1711,4, 7,9
1649,6, 30,8
1538,0, -17,0
1498,5, 30,1
1372,9, 86,2
1138,4, 118,3
944,2, 139,0
541,0, 183,6
120,1, 142,8
-80,6, 32,1
-63,4, 45,7
-74,0, 38,8
-10,2, 115,0
7,2, 133,9
16,3, 146,1
33,0, 164,4
86,9, 213,4
157,0, 263,6
180,9, 285,7
182,4, 285,7
160,8, 267,2
133,1, 241,6
134,1, 235,3
204,2, 297,2
246,7, 347,5
250,0, 360,5
242,1, 369,6
244,4, 370,3
240,7, 352,7
264,4, 341,3
260,3, 335,3
255,6, 334,4
243,9, 322,6
249,3, 325,3
202,5, 355,4
195,9, 362,6
201,6, 372,2
191,1, 368,9
180,2, 363,7
201,5, 358,2
180,9, 370,3
176,5, 372,5
319,7, 371,8
413,9, 389,2
928,1, 471,2
1074,7, 477,7
1294,6, 441,9
1280,1, 448,5
1342,6, 469,6
1449,8, 466,9
1579,8, 472,2
1766,4, 524,8
3748,2, 394,6
3704,7, 396,9
3681,7, 415,7
3664,0, 426,0
3474,2, 566,9
3423,5, 600,9
3384,5, 623,6
3335,3, 641,6
3290,9, 665,0
2876,3, 763,5
2264,6, 805,3
2150,9, 824,7
2156,2, 823,2
2130,1, 826,6
1989,9, 857,5
1965,8, 830,5
1987,1, 813,2
1999,9, 774,9
2013,9, 761,8
2021,5, 739,9
2030,0, 716,3
2057,8, 690,5
2060,7, 688,6
2115,7, 683,5
2143,6, 677,0
2399,5, 656,9
2486,3, 649,1
2554,9, 641,1
2703,3, 626,0
2706,5, 626,4
2699,1, 627,2
2702,4, 627,4
2691,1, 627,7
2697,3, 629,5
2695,5, 631,2
2699,5, 630,1
2707,1, 622,9
2709,1, 636,7
2690,0, 623,6
2692,9, 626,6
2004,6, 857,0
2024,6, 850,7
2010,0, 858,1
1976,1, 872,2
1971,0, 879,6
1964,6, 882,7
1966,4, 888,9
1960,1, 887,7
1957,5, 893,0
1954,2, 889,3
1953,4, 886,6
1951,9, 875,4
1950,8, 872,2
1951,2, 872,8
1950,6, 871,4
1947,5, 876,1
1947,5, 875,9
1950,7, 874,8
1954,8, 870,9
1955,4, 870,9
1956,4, 873,4
1958,6, 873,7
1959,0, 883,2
1960,0, 867,6
1959,8, 868,0
1955,7, 863,3
1900,5, 859,2
1788,1, 852,1
1702,4, 830,2
1407,4, 822,3
1006,8, 809,1
608,7, 780,7
448,6, 763,1
486,1, 759,5
467,9, 785,4
473,8, 796,9
485,2, 799,9
469,1, 801,5
507,3, 817,0
498,3, 815,6
505,1, 813,0
531,6, 811,8
543,4, 810,0
285,1, 741,2
-25,3, 621,5
45,2, 655,8
-286,1, 474,9
-377,1, 422,4
-374,4, 422,0
-151,6, 488,0
-146,2, 494,5
-146,9, 487,8
-135,4, 481,7
-139,2, 461,4
-142,3, 452,2
-232,7, 381,5
-389,3, 364,7
-337,6, 353,8
-342,4, 396,6
-319,8, 452,7
-277,7, 518,1
-79,7, 650,5
-18,8, 703,6
153,7, 784,7
200,5, 801,2
244,6, 846,9
347,8, 904,8
339,7, 916,0
355,6, 910,2
351,0, 903,8
371,7, 908,1
413,9, 902,7
435,8, 897,8
448,5, 896,3
469,2, 893,6
467,0, 895,1
458,1, 891,9
459,0, 890,1
457,5, 888,9
454,2, 885,8
448,0, 880,3
448,4, 879,4
448,5, 878,1
445,9, 873,3
446,1, 872,9
435,9, 857,5
427,7, 854,6
422,9, 850,9
424,1, 851,0
428,7, 866,1
429,0, 868,5
434,5, 984,3
491,0, 1170,3
481,5, 1220,7
479,8, 1213,5
485,8, 1246,1
490,2, 1234,4
497,2, 1230,5
493,6, 1228,2
437,2, 1217,6
417,8, 1225,2
411,7, 1222,4
377,8, 1211,8
372,8, 1219,0
349,4, 1197,8
422,1, 1133,8
434,2, 1117,9
440,1, 1021,3
457,7, 976,3
394,8, 1038,2
358,1, 1061,0
391,0, 988,5
303,9, 1145,2
340,0, 1073,8
366,3, 1006,9
335,1, 1032,2
223,7, 1152,6
194,6, 1156,1
121,9, 1150,2
12,6, 1127,3
72,2, 1135,4
70,3, 1123,1
-16,4, 1102,7
-39,9, 1074,4
-60,5, 1073,5
-122,7, 1044,8
-125,8, 1046,4
-121,1, 1074,9
-116,0, 1082,8
-118,5, 1087,6
-128,1, 1079,7
-126,3, 1088,1
-130,2, 1091,6
-149,8, 1071,6
-144,7, 1094,4
-149,4, 1079,1
-111,4, 1082,8
-61,3, 1093,3
-39,9, 1100,8
-31,0, 1099,0
21,7, 1110,8
26,0, 1077,5
26,0, 1077,8
27,0, 1087,1
28,2, 1098,2
33,3, 1110,2
35,9, 1106,5
34,7, 1105,8
37,9, 1097,9
32,1, 1088,1
47,7, 1079,3
49,0, 1074,4
74,6, 1077,7
86,7, 1070,4
94,7, 1066,8
95,0, 1048,1
122,5, 1052,4
422,1, 1042,2
752,8, 1011,8
900,5, 995,3
817,4, 1004,8
1504,0, 1016,5
1465,7, 1018,3
1451,4, 1012,9
1662,4, 945,4
1669,5, 973,0
1680,4, 963,7
1758,3, 846,2
1743,5, 827,9
1821,8, 773,0
2219,1, 748,8
2415,8, 739,6
2519,9, 726,5
2574,1, 718,9
2780,1, 684,3
2703,3, 704,5
3112,1, 638,4
3318,9, 607,6
3361,0, 604,6
3354,0, 608,3
3366,0, 606,9
3360,8, 609,2
3360,3, 609,0
3357,5, 611,4
3359,3, 610,4
3365,3, 600,2
3365,6, 600,4
3367,3, 599,8
3368,0, 601,2
3372,1, 600,8
3374,4, 597,2
3374,7, 597,9
3375,1, 597,6
3377,2, 595,7
3372,4, 594,2
3339,5, 607,1
3335,4, 607,5
3295,1, 620,5
3280,3, 630,5
3116,1, 728,7
3088,4, 743,1
3069,6, 757,4
3056,4, 764,3
3039,0, 770,1
3039,6, 769,7
3042,9, 768,7
3045,4, 764,5
3060,0, 755,1
3133,1, 717,7
3153,1, 704,9
3190,9, 673,8
3251,7, 630,9
3330,1, 557,7
3322,8, 568,9
3297,6, 602,4
3277,6, 630,7
3241,4, 637,1
3236,8, 611,2
3186,0, 659,6
3196,0, 637,1
3177,2, 662,3
3164,4, 670,7
3113,0, 707,4
3067,4, 735,0
3031,7, 761,3
3009,9, 775,6
3003,6, 748,6
3008,3, 774,5
3007,6, 765,9
3003,4, 732,6
3003,7, 733,7
3003,9, 734,8
3001,1, 725,9
2995,8, 715,0
2925,3, 727,4
2908,1, 655,5
2230,5, 701,5
1652,2, 718,6
1346,0, 730,0
886,5, 751,5
1073,3, 741,8
1050,6, 735,1
882,7, 734,6
760,8, 733,6
734,2, 733,1
749,5, 735,8
724,9, 729,4
693,3, 714,6
632,1, 686,2
599,2, 677,3
554,8, 669,2
478,7, 652,5
289,4, 589,3
297,1, 611,8
300,3, 621,6
300,0, 621,0
214,1, 528,2
242,1, 523,1
238,8, 510,6
236,2, 510,7
233,3, 511,1
244,7, 514,7
232,1, 501,9
222,6, 491,4
223,9, 491,8
243,0, 487,8
244,7, 499,5
242,5, 502,2
242,5, 502,2
215,0, 629,7
213,9, 544,0
248,8, 483,8
259,2, 490,1
260,3, 491,5
207,5, 472,4
207,5, 472,4
207,5, 472,4
13,0, 502,4
19,2, 501,4
489,3, 792,6
891,8, 1052,7
1037,7, 1144,9
1066,5, 1163,8
1475,3, 1419,4
1473,3, 1421,5
1445,8, 1426,4
1441,7, 1417,1
1435,8, 1413,2
1433,2, 1410,3
1431,3, 1405,7
1444,0, 1400,9
1464,5, 1402,8
1539,4, 1411,6
1664,3, 1419,0
1731,3, 1429,3
1804,9, 1433,7
1866,2, 1435,3
1862,1, 1435,4
1862,6, 1435,3
1862,8, 1435,8
1865,7, 1437,9
1872,2, 1443,7
1853,1, 1450,6
1815,8, 1446,7
1802,0, 1446,4
1758,3, 1451,8
1755,5, 1451,7
1754,4, 1446,7
1733,5, 1453,6
1734,4, 1453,4
1726,3, 1450,0
1719,2, 1449,5
1706,8, 1446,4
1710,7, 1447,7
1715,6, 1451,1
1715,5, 1450,9
1713,2, 1449,3
1706,8, 1446,5
1703,9, 1446,2
1703,8, 1445,8
1703,6, 1445,7
1699,1, 1447,5
1703,7, 1457,1
1704,4, 1459,5
1730,4, 1433,3
1734,0, 1430,8
1743,0, 1444,2
1741,9, 1440,4
1740,7, 1438,5
1744,4, 1442,3
1746,9, 1445,4
1746,5, 1444,7
1745,7, 1443,3
1745,5, 1433,0
1743,7, 1430,7
1746,8, 1401,1
1747,8, 1406,3
1755,1, 1400,0
1941,4, 1203,2
2559,2, 594,9
2585,0, 570,5
2676,6, 469,5
3335,7, -57,3
3335,7, -57,3
3343,4, -61,2
3345,4, -62,3
3355,7, -64,2
3357,4, -64,7
3358,1, -64,7
3362,6, -70,1
3372,3, -83,0
3429,3, -159,3
3392,5, -193,3
3235,0, -191,2
2285,1, -12,8
1710,9, 17,5
1614,1, 21,9
-298,2, -219,1
-301,0, -247,2
-324,5, -245,9
-293,7, -215,6
-289,7, -211,8
-295,8, -215,9
-295,8, -215,9
-301,0, -254,8
-267,2, -226,0
-281,1, -232,6
-267,7, -256,0
-315,2, -285,2
-269,5, -259,1
-262,0, -248,7
-345,0, -252,6
-383,2, -271,8
-385,3, -280,0
-368,3, -263,9
-360,7, -256,7
-329,8, -247,1
-329,8, -247,1
-339,0, -273,6
-343,1, -285,2
-26,0, -128,1
194,6, -67,2
219,7, -64,4
1709,8, 222,6
1785,2, 170,6
1827,2, 141,7
1851,6, 101,9
1844,9, 92,7
1825,4, 55,8
1817,7, -34,5
1788,1, -120,8
1761,2, -202,8
1751,2, -221,8
1749,3, -225,3
1739,5, -222,7
1707,6, -214,6
2048,3, 1210,5
2128,5, 1700,7
2207,4, 2061,1
2254,2, 2217,8
2283,7, 2368,2
3288,2, 242,7
3288,8, 236,9
3283,1, 243,4
3278,8, 247,9
3248,8, 278,0
3234,9, 289,2
3163,0, 342,2
3136,1, 374,6
3130,5, 381,8
3114,6, 397,9
3097,7, 437,1
3095,0, 453,4
3093,1, 481,3
3093,8, 487,3
3087,1, 495,1
3084,1, 498,1
3059,0, 484,8
3048,6, 479,8
3047,4, 484,2
3045,4, 489,5
3050,4, 522,2
3052,2, 521,9
3060,8, 529,0
3061,0, 527,6
3065,4, 527,1
3082,2, 515,5
3083,3, 507,2
3083,1, 497,3
3074,1, 495,9
3068,4, 496,9
3030,9, 507,2
3013,9, 490,2
2980,3, 494,4
2962,4, 494,3
2920,5, 478,8
2890,5, 462,9
2580,2, 392,5
2491,5, 397,4
1800,3, 392,8
1309,8, 384,2
1152,3, 362,4
743,6, 300,2
600,1, 276,4
551,4, 270,9
541,8, 276,0
520,0, 283,4
506,2, 276,2
505,3, 277,1
502,8, 276,7
471,8, 236,4
443,7, 196,2
388,4, 127,3
181,1, -90,5
3260,7, 43,8
3260,7, 43,8
3261,3, 43,9
3217,0, 28,6
3168,0, 69,1
3149,2, 82,9
3152,2, 68,8
3008,1, 173,9
3003,7, 176,6
2953,4, 232,0
2933,7, 244,5
2927,3, 260,4
2977,6, 301,4
2250,0, 342,4
2282,9, 323,6
1784,2, 305,7
1333,6, 343,9
478,4, 316,0
162,9, 297,0
144,2, 280,3
148,4, 279,0
148,7, 283,5
149,4, 279,4
150,8, 278,3
162,3, 271,8
127,0, 284,3
91,4, 283,8
129,9, 337,1
128,5, 306,6
126,4, 311,5
125,5, 313,7
355,0, 165,4
403,3, 129,1
400,5, 126,4
402,4, 126,6
152,0, 307,7
142,4, 313,1
136,5, 315,9
270,5, 290,8
273,3, 295,8
256,5, 292,3
259,2, 293,6
196,4, 272,1
605,1, 333,8
858,3, 337,0
895,3, 340,9
916,7, 340,5
955,9, 343,4
1011,7, 348,9
1028,0, 345,3
1029,8, 324,4
1038,5, 277,1
1048,4, 272,1
1033,7, 213,2
1032,6, 191,2
1030,1, 181,2
889,1, 63,3
883,3, 58,1
882,9, 55,5
902,5, 58,1
932,6, 72,3
930,6, 60,0
931,2, 6,8
943,1, 16,7
992,1, 47,0
1044,9, 78,7
1059,9, 82,5
1161,6, 110,2
1150,9, 111,1
1163,4, 104,3
1215,1, 103,1
1244,3, 104,7
1278,4, 107,3
1339,0, 122,1
1381,5, 130,7
1402,3, 140,7
1481,1, 152,9
1559,3, 157,1
1837,2, 177,6
1915,6, 182,7
2418,2, 197,7
3034,9, 195,9
3232,2, 189,5
3233,5, 188,0
3338,5, 75,5
3372,4, 49,0
3380,2, 48,5
3376,3, 56,0
3344,9, 70,0
3151,1, 115,5
2865,0, 222,7
2845,7, 229,5
2679,6, 290,0
2676,7, 290,0
2668,6, 298,6
2655,7, 325,1
2662,3, 319,0
2740,7, 280,1
2810,0, 243,0
2868,8, 213,9
2892,5, 208,5
2804,1, 327,0
2856,7, 296,8
2878,9, 281,5
2805,4, 321,7
2847,5, 301,2
2849,6, 309,0
2880,0, 295,8
2898,7, 294,2
2861,7, 322,2
2883,9, 329,3
2918,8, 286,7
2963,1, 257,6
2947,6, 236,1
2719,5, 264,5
2786,9, 246,5
2594,3, 270,6
2240,5, 350,7
2260,4, 337,7
2264,8, 328,5
2268,4, 322,6
2258,8, 310,5
2288,0, 279,5
2244,7, 291,7
2260,3, 281,0
2280,2, 269,8
2251,0, 265,8
2251,1, 262,1
2261,6, 232,9
2244,7, 242,0
2245,5, 236,0
2235,9, 224,9
2239,6, 208,1
2236,9, 195,1
2219,4, 200,1
2213,1, 200,9
2209,9, 200,5
2203,4, 202,3
2190,5, 212,1
2161,6, 206,1
2159,3, 208,8
2152,2, 214,0
2092,9, 190,1
2074,9, 181,8
944,5, -8,2
794,1, 13,8
153,1, -87,6
-117,5, -134,5
-123,5, -145,1
-174,3, -174,2
-307,1, -204,5
-449,9, -201,1
-476,5, -191,1
-524,1, -241,6
-466,7, -191,0
-476,6, -193,4
-470,3, -186,7
-475,5, -201,8
-465,1, -194,4
-476,9, -210,6
-493,6, -227,1
-479,0, -207,7
-463,2, -217,7
-489,9, -234,9
-315,2, -196,9
313,7, -138,8
222,5, -163,6
579,8, -149,1
579,9, -152,7
582,2, -152,0
580,2, -151,2
620,1, -116,9
601,6, -126,0
722,9, 2,4
733,6, 3,2
718,4, -14,6
660,6, -69,9
784,8, 31,6
744,2, -5,5
801,0, 39,8
851,0, 69,5
931,4, 133,4
961,9, 139,3
1004,2, 168,3
1151,0, 232,3
1194,1, 238,7
1329,7, 262,6
1440,7, 275,9
1498,1, 279,5
1686,9, 291,1
1700,6, 282,8
1729,0, 267,5
1744,7, 257,3
1781,5, 244,3
1818,9, 230,4
1841,6, 209,1
1853,4, 205,1
1902,2, 173,5
1923,4, 164,1
1974,8, 152,9
2000,1, 138,2
2046,6, 113,9
2245,7, 93,3
2613,0, 58,9
2664,0, 34,8
2846,8, 10,6
3013,9, -8,8
3329,5, 0,8
3307,5, 53,3
3293,2, 76,2
3295,4, 72,7
3369,9, -33,3
3371,4, -35,5
3374,5, -39,7
3395,8, -68,7
3418,1, -90,4
3435,4, -107,2
3448,2, -118,1
3440,8, -109,5
3354,1, -20,8
3267,7, 94,9
3199,1, 185,2
3127,3, 268,2
3120,0, 278,8
3077,7, 337,8
3061,2, 360,2
3058,1, 376,9
3044,2, 395,6
3025,2, 404,7
3009,7, 424,2
3002,6, 431,2
2970,4, 466,3
2971,7, 468,1
2968,4, 466,8
2961,9, 467,2
2941,9, 469,2
2403,9, 417,5
2093,3, 392,4
2020,9, 373,6
1910,6, 352,0
1890,1, 348,0
1813,0, 344,2
1799,8, 337,3
1787,7, 328,7
1787,0, 321,3
1779,0, 322,2
1771,4, 157,3
1770,1, 141,2
1764,6, 95,4
1760,9, 59,4
1755,9, 34,3
1753,2, 30,9
1734,5, 22,7
1733,9, 19,2
1720,2, 17,7
1466,0, -38,6
1368,5, -55,3
1352,9, -56,2
318,0, -146,0
318,0, -146,0
257,1, -39,1
232,2, -69,2
259,8, -52,0
341,8, -9,3
831,6, 243,1
866,9, 267,0
889,1, 284,7
1064,1, 387,6
1091,2, 404,2
1098,2, 406,1
1190,6, 448,1
1219,2, 459,1
1221,0, 459,4
1249,9, 467,8
1274,5, 477,6
1279,9, 480,8
1354,7, 514,5
1365,5, 517,9
1384,7, 521,1
1406,1, 519,1
1443,9, 524,6
1476,5, 523,7
1484,7, 521,9
1527,7, 522,8
3617,9, 609,6
3621,2, 575,5
3630,6, 569,3
3616,2, 576,5
3583,2, 601,3
3586,5, 613,6
3572,1, 624,1
3520,6, 887,7
3428,3, 988,1
3431,7, 1003,9
3277,8, 1123,6
3149,1, 1256,6
3143,9, 1260,4
3100,4, 1265,8
3118,6, 1267,3
3144,7, 1270,1
3130,7, 1263,5
3130,0, 1263,0
3131,8, 1263,8
3150,7, 1270,0
3163,4, 1276,9
3168,4, 1277,4
3205,4, 1269,7
3219,2, 1259,9
3206,9, 1265,4
3208,8, 1264,5
3208,0, 1268,0
3208,1, 1268,2
3234,3, 1256,2
3233,1, 1255,9
3228,6, 1256,3
3213,2, 1255,7
3210,9, 1255,5
3204,4, 1254,7
3158,5, 1249,5
3122,3, 1245,1
2392,2, 1156,1
2381,7, 1151,2
1935,9, 1091,5
1594,3, 1068,8
1316,0, 1063,9
1145,6, 1070,7
1289,1, 1042,9
371,2, 1144,0
370,9, 1130,5
373,2, 1127,1
372,6, 1127,5
364,8, 1132,3
347,8, 1133,1
346,2, 1135,3
329,0, 1138,3
284,7, 1164,1
267,5, 1172,5
198,0, 1223,3
118,7, 1268,5
117,2, 1269,2
45,1, 1330,1
57,1, 1335,4
80,5, 1339,4
84,2, 1339,8
80,9, 1339,9
81,5, 1340,9
92,6, 1348,9
92,8, 1350,9
88,1, 1350,3
111,4, 1353,6
127,2, 1354,6
153,7, 1354,2
154,2, 1354,9
174,4, 1358,0
192,0, 1357,1
204,7, 1355,3
197,0, 1358,4
195,9, 1350,3
195,5, 1350,9
179,3, 1366,7
184,6, 1365,0
203,2, 1359,1
203,0, 1359,3
207,9, 1359,5
210,6, 1357,7
213,4, 1356,4
215,7, 1355,6
197,7, 1364,9
200,8, 1358,6
202,9, 1353,2
190,5, 1358,8
188,7, 1360,3
170,3, 1360,9
176,6, 1358,1
179,0, 1350,6
152,3, 1351,3
153,1, 1347,1
155,7, 1345,0
156,6, 1344,3
164,8, 1333,9
180,2, 1323,7
402,6, 1166,4
275,9, 1262,1
307,7, 1238,9
246,2, 1270,9
307,7, 1222,5
232,5, 1275,4
235,5, 1273,7
134,7, 1351,1
101,5, 1364,8
109,1, 1356,1
76,4, 1358,2
76,5, 1355,2
152,7, 1345,3
214,0, 1350,6
290,1, 1352,9
454,2, 1314,8
913,0, 1192,2
983,9, 1167,9
1032,2, 1147,3
1050,2, 1133,7
1099,6, 1079,4
1100,7, 1036,0
1111,8, 1034,3
1087,6, 978,7
1094,4, 972,4
1100,1, 969,3
1102,8, 966,4
1098,9, 967,4
1155,3, 952,1
1182,6, 939,6
1209,3, 931,9
1237,4, 929,0
1249,0, 925,4
1263,0, 921,9
1295,9, 915,3
1344,8, 905,8
1368,9, 897,6
1411,7, 880,3
1445,5, 869,6
1423,5, 881,5
1449,2, 871,9
1573,8, 982,9
1799,3, 1221,7
1846,7, 1306,6
2150,5, 1983,8
2193,9, 2117,6
2217,5, 2189,2
2288,7, 2386,9
2327,4, 2542,2
2317,2, 2545,4
2305,7, 2531,3
2310,0, 2540,8
2308,1, 2531,7
2328,4, 2565,5
2333,3, 2569,3
2321,7, 2570,4
2296,9, 2566,2
2297,6, 2568,3
2285,8, 2579,6
2276,9, 2579,7
2283,5, 2569,2
2277,1, 2562,2
2277,2, 2565,8
2276,6, 2566,6
2278,4, 2566,8
2281,1, 2570,3
2282,1, 2570,3
3850,6, 197,8
3746,8, 246,2
3746,8, 246,2
3720,2, 259,1
3605,8, 323,6
3637,9, 308,3
3730,4, 255,3
3670,7, 287,6
3525,1, 382,6
3313,6, 533,8
3215,3, 599,3
3081,9, 680,7
3061,0, 684,2
3034,4, 723,5
3032,8, 719,2
3027,0, 694,8
3026,6, 684,8
3032,7, 695,4
3043,5, 686,4
3053,8, 689,8
3045,0, 694,4
3029,4, 652,4
3036,6, 651,1
2902,5, 635,1
2476,2, 630,7
2318,3, 631,9
2296,7, 599,0
2278,8, 542,5
2280,4, 518,9
2294,0, 510,3
2324,2, 456,2
3451,3, 231,3
3432,7, 234,0
3432,7, 234,0
3538,3, 160,7
3581,2, 132,5
3581,0, 128,5
3596,5, 108,5
3575,1, 113,7
3549,6, 104,5
3528,1, 137,8
3530,3, 133,5
3478,7, 175,7
3418,1, 198,7
2677,9, 199,3
2490,8, 193,4
2386,3, 199,7
2003,5, 198,6
875,0, 217,3
938,0, 223,6
956,2, 216,1
899,1, 198,2
908,9, 198,1
837,6, 170,1
768,9, 145,9
757,2, 137,0
751,1, 138,1
-620,3, 127,6
-459,5, -20,5
-476,5, -58,0
-462,7, -46,5
-412,6, -12,4
-367,2, 14,9
-348,5, 35,3
-354,3, 35,2
-372,6, 50,8
-392,5, 54,9
-607,6, 28,7
-476,8, 123,6
-434,4, 163,9
-419,3, 348,6
-415,0, 458,7
-204,3, 968,5
-168,4, 1087,0
-147,9, 1111,1
2,9, 1242,2
215,9, 1347,9
249,9, 1355,6
150,6, 1343,5
279,0, 1367,4
196,7, 1357,2
243,7, 1357,0
211,3, 1355,7
184,4, 1351,3
175,6, 1347,5
150,3, 1348,9
149,1, 1347,7
180,1, 1337,5
212,7, 1339,1
171,9, 1335,1
182,3, 1342,4
177,8, 1342,8
163,8, 1306,7
139,8, 1181,0
92,1, 1127,8
32,7, 1046,7
-32,7, 920,0
-38,4, 858,8
-61,8, 803,6
-116,9, 718,3
-152,3, 669,9
-180,6, 631,4
-221,3, 579,2
-206,6, 576,8
-118,3, 652,1
-92,3, 663,6
-31,3, 693,2
-19,6, 698,3
-0,4, 741,5
5,8, 771,0
6,0, 803,1
22,5, 944,3
29,4, 933,3
40,7, 942,0
62,3, 972,3
65,9, 965,7
79,3, 984,0
78,2, 969,2
93,7, 973,9
88,6, 960,2
102,7, 968,1
103,7, 953,3
112,6, 964,8
95,4, 956,0
107,4, 981,1
107,3, 966,2
113,1, 976,4
164,2, 965,0
259,6, 987,0
214,0, 970,0
452,7, 1005,2
638,5, 1040,5
991,7, 1099,4
1372,3, 1153,9
1558,6, 1182,7
1553,8, 1180,3
1575,5, 1164,8
1732,3, 1158,4
1742,4, 1149,3
1745,9, 1132,8
1748,9, 1131,7
1749,4, 1129,7
1741,6, 1120,9
1750,5, 1122,8
1754,0, 1122,4
1759,4, 1123,7
1757,3, 1126,2
1755,8, 1127,9
1757,2, 1127,0
1751,6, 1124,3
1749,7, 1116,4
1748,2, 1116,1
1749,4, 1121,0
1751,3, 1127,1
1781,5, 1320,3
1789,0, 1358,6
1797,4, 1398,4
1799,0, 1425,5
1801,0, 1442,3
1796,5, 1440,2
1789,1, 1440,1
1784,8, 1438,4
1787,6, 1437,0
1787,2, 1436,5
1789,5, 1434,3
1779,2, 1427,0
1777,8, 1427,0
1776,5, 1427,6
1777,6, 1430,0
1774,8, 1431,0
1772,2, 1422,8
1773,1, 1424,9
1913,5, 1368,4
2583,5, 1105,2
3053,2, 925,3
3086,1, 914,8
2995,9, 950,7
3131,0, 896,4
3216,6, 862,4
3494,3, 742,3
3671,1, 665,6
3698,5, 654,1
3687,9, 658,3
3651,6, 670,2
3669,2, 662,6
3674,9, 659,3
3680,2, 650,0
3668,1, 650,8
3733,7, 614,4
3745,7, 603,7
3748,1, 606,0
3797,0, 568,8
3798,7, 567,6
3816,7, 550,5
3840,9, 521,0
3835,6, 525,7
3845,7, 507,5
3845,7, 490,8
3847,3, 448,6
3856,9, 437,0
3891,9, 413,7
3895,0, 393,2
3843,3, 314,1
3781,9, 300,7
3776,8, 294,0
3689,2, 342,5
3579,8, 410,8
3416,8, 512,9
3363,8, 548,1
3339,0, 564,0
3273,8, 604,2
3277,6, 594,4
3239,1, 620,2
3168,4, 663,1
3132,1, 669,6
3199,3, 646,0
3187,0, 647,9
2870,6, 686,1
2667,3, 702,6
2362,7, 715,7
233,9, 633,1
294,5, 598,0
258,6, 557,4
134,7, 476,7
124,6, 473,7
122,1, 475,8
183,4, 550,1
198,3, 563,2
193,0, 565,9
212,1, 549,2
195,2, 536,6
193,5, 539,4
203,0, 552,3
206,2, 549,4
194,2, 542,4
192,4, 537,8
204,1, 545,1
201,4, 545,5
209,0, 551,6
173,1, 513,2
134,1, 468,5
128,8, 449,6
122,3, 440,4
106,1, 420,0
558,5, 422,2
703,7, 406,3
886,8, 392,0
1137,5, 385,6
1316,8, 380,7
1591,4, 324,7
1719,2, 291,7
1836,3, 237,7
2027,7, 149,6
2084,1, 108,4
2082,5, 92,0
2123,1, 73,3
2155,8, 58,1
2176,6, 47,1
2184,3, 43,0
2173,6, 49,9
2201,5, 38,6
2218,2, 37,6
2207,6, 101,7
2180,2, 359,7
2154,9, 518,9
2132,5, 656,2
2117,5, 738,6
2119,8, 721,3
2051,5, 1119,3
2044,7, 1127,1
2033,6, 1143,8
2035,9, 1149,5
2033,1, 1149,6
2028,7, 1156,0
2019,8, 1171,4
2021,1, 1170,8
2005,2, 1373,2
1997,9, 1391,5
1993,5, 1392,4
1992,7, 1408,2
1969,2, 1430,9
1968,6, 1430,1
1979,2, 1432,4
1966,6, 1426,6
1923,2, 1434,5
1868,8, 1433,2
1853,4, 1432,7
1827,3, 1435,0
1733,9, 1437,9
1730,9, 1437,2
1719,1, 1437,0
1719,2, 1436,8
1705,7, 1442,1
1711,7, 1438,5
1714,1, 1423,8
1715,1, 1425,0
1716,2, 1424,2
1715,2, 1417,1
1715,2, 1417,2
1715,3, 1417,0
1724,1, 1416,6
1745,0, 1410,3
1829,0, 1355,0
2115,9, 1155,7
2376,7, 971,1
2731,2, 716,7
2780,9, 681,7
3154,9, 410,3
3329,3, 288,4
3341,9, 282,3
3341,2, 280,1
3429,0, 200,0
3468,4, 170,2
3482,6, 167,2
3435,1, 223,3
3524,8, 146,9
3528,0, 141,5
3524,0, 147,5
3490,0, 201,2
3487,3, 200,8
3465,2, 205,6
3449,6, 185,0
3449,9, 190,7
3442,3, 210,4
3393,7, 279,1
3159,0, 391,8
3166,9, 411,8
2722,4, 403,6
1351,6, -243,8
78,7, 224,8
42,8, 181,7
35,0, 170,3
35,0, 170,4
60,1, 177,6
53,3, 174,4
53,3, 174,4
56,2, 180,8
40,2, 182,6
29,6, 235,2
-77,9, 272,0
-23,5, 272,7
18,0, 246,4
34,9, 259,2
32,8, 247,9
18,1, 251,6
5,7, 244,3
-79,1, 244,9
252,2, 337,8
339,0, 316,9
473,4, 333,2
452,9, 334,1
415,6, 330,9
360,4, 268,2
337,6, 202,0
320,7, 135,2
321,0, 144,1
336,7, 107,6
351,3, 71,2
343,7, 62,1
451,6, 108,6
749,5, 219,8
942,6, 299,3
1044,0, 334,4
1131,8, 362,4
1140,1, 365,7
1146,8, 367,3
3319,4, 482,4
3316,0, 474,0
3316,0, 474,0
3432,2, 413,1
3470,4, 395,0
3486,5, 379,4
3480,7, 397,7
3480,8, 397,3
3477,2, 398,0
3464,2, 407,9
3334,2, 524,8
3273,6, 582,9
3305,0, 795,9
3365,1, 1036,5
3264,0, 1187,2
3229,3, 1231,8
3110,8, 1394,5
3075,4, 1427,5
2997,2, 1520,8
2996,6, 1522,1
3037,6, 1520,0
3054,5, 1518,5
3088,2, 1516,6
3072,0, 1517,4
3142,1, 1502,1
3150,3, 1499,4
3168,8, 1502,0
3185,3, 1502,9
3198,5, 1504,3
3216,9, 1506,5
3232,7, 1507,8
3241,4, 1509,1
3264,1, 1512,5
3271,5, 1512,2
3278,7, 1512,1
3319,9, 1512,9
3344,0, 1511,7
3362,9, 1489,9
3374,1, 1496,0
3372,0, 1495,8
3341,3, 1487,7
3330,7, 1484,5
3325,5, 1494,2
3288,7, 1507,7
3318,0, 1505,8
3324,5, 1503,1
3368,8, 1485,3
3364,7, 1487,3
3419,5, 1454,2
3422,3, 1452,3
3425,9, 1448,8
3434,8, 1449,6
3454,6, 1464,6
3453,7, 1463,5
3455,9, 1464,8
3444,5, 1457,0
2881,9, 1292,1
2585,8, 1131,3
2399,8, 1036,8
1560,5, 700,5
994,0, 512,5
577,1, 467,6
695,3, 474,4
474,6, 450,8
467,6, 445,6
466,8, 445,1
310,5, 380,9
299,2, 372,1
259,6, 366,0
178,2, 368,7
28,1, 471,2
-8,4, 505,4
-114,5, 596,8
-119,5, 603,8
-126,2, 605,8
-117,9, 605,2
-105,6, 610,2
-72,9, 624,5
-31,6, 645,7
15,9, 679,0
53,9, 702,4
65,0, 708,0
93,5, 714,5
103,0, 716,9
135,5, 741,8
134,9, 740,6
174,4, 772,7
174,0, 771,1
177,4, 770,9
183,5, 767,2
186,4, 763,7
195,7, 765,7
204,2, 755,3
205,2, 749,9
209,8, 749,5
210,9, 759,0
210,1, 767,3
210,0, 768,9
212,9, 769,4
226,3, 760,9
240,7, 744,7
239,9, 746,1
956,0, 667,4
1008,4, 646,9
1155,6, 618,5
1346,0, 591,3
1371,6, 589,9
1501,6, 565,5
1536,4, 560,1
1545,1, 533,8
1548,1, 498,5
1532,5, 362,1
1539,9, 357,8
1534,3, 351,3
1540,5, 377,5
1538,4, 426,4
1525,9, 570,5
1523,7, 602,6
1520,0, 650,6
1506,9, 817,7
1469,4, 1356,8
1468,0, 1378,7
1470,1, 1394,3
1473,7, 1400,9
1476,2, 1403,1
1482,5, 1411,9
1483,7, 1416,3
1484,7, 1412,1
1484,4, 1417,9
1485,9, 1421,3
1487,1, 1415,9
1491,8, 1422,1
1492,7, 1424,9
1492,5, 1423,7
1493,3, 1419,3
1488,2, 1421,5
1485,9, 1419,9
1482,1, 1423,2
1470,9, 1411,3
1466,2, 1404,0
1401,3, 912,6
1382,7, 757,6
1369,4, 642,9
1349,6, 460,8
1353,1, 456,7
1350,8, 447,5
1350,4, 447,9
1348,5, 439,6
1345,6, 434,9
1345,4, 429,3
1341,4, 424,2
1342,0, 422,3
1304,8, 414,1
881,4, 327,4
882,8, 323,0
209,3, 184,7
-112,3, 111,8
-115,0, 101,8
-125,4, 86,6
-118,0, 81,8
-152,2, 226,2
-397,4, 25,6
-395,8, 29,3
-407,2, 43,5
-480,0, 162,2
-448,3, 132,1
-179,6, 298,4
-6,7, 505,7
101,0, 537,5
235,3, 585,9
190,9, 607,8
278,4, 623,6
355,7, 643,7
377,6, 653,5
361,5, 652,7
265,3, 658,5
355,2, 645,9
216,1, 659,3
271,5, 656,7
268,0, 655,9
188,2, 643,1
243,4, 629,2
200,4, 633,8
255,9, 634,3
279,3, 622,1
289,1, 616,5
334,9, 621,0
464,5, 658,4
539,9, 679,8
552,8, 679,5
622,3, 692,1
678,7, 660,4
738,4, 682,9
740,8, 690,7
842,4, 722,3
909,7, 758,9
986,9, 804,3
1466,5, 1164,2
1354,6, 1081,1
1610,5, 1265,7
1748,7, 1365,3
1691,9, 1320,6
1704,8, 1331,6
1747,1, 1350,4
1790,8, 1372,7
1811,1, 1385,4
1806,2, 1390,7
1808,8, 1403,8
1807,4, 1409,7
1806,4, 1414,0
1806,5, 1407,6
1831,0, 1393,6
1856,2, 1398,0
1895,2, 1412,6
1921,3, 1432,0
1929,2, 1436,3
1952,7, 1441,5
1951,6, 1438,6
1955,2, 1453,8
1946,4, 1453,0
1892,3, 1435,3
1815,9, 1445,2
1812,5, 1446,7
1805,4, 1449,9
1752,3, 1444,5
1748,9, 1446,1
1751,4, 1447,8
1746,7, 1440,6
1746,4, 1438,7
1746,7, 1442,4
1743,4, 1442,3
1742,0, 1442,2
1743,1, 1442,7
1743,0, 1443,7
1732,7, 1447,0
1732,8, 1446,0
1733,0, 1445,3
1731,5, 1445,4
1732,6, 1445,2
1741,6, 1426,2
1803,3, 1429,4
1800,5, 1427,5
2054,6, 1370,7
2739,9, 1224,0
3025,1, 1162,5
3443,3, 1075,6
3436,9, 1077,2
3634,2, 1058,6
3585,9, 1056,1
3569,8, 1054,4
3581,8, 1050,7
3614,3, 1052,5
3626,4, 1052,0
3619,7, 1054,0
3623,5, 1054,3
3559,0, 1078,8
3554,0, 1082,1
3606,1, 1077,4
3616,7, 1073,6
3299,9, 1139,7
2569,1, 1287,7
1879,2, 1397,6
1912,3, 1397,6
1998,3, 1388,7
1772,3, 1435,4
1772,6, 1433,5
1782,2, 1430,4
1785,7, 1423,9
1775,8, 1421,9
1757,5, 1418,5
1767,1, 1422,7
1750,7, 1428,7
1735,9, 1431,5
1739,9, 1432,3
1738,9, 1433,4
1735,7, 1447,7
1742,5, 1453,1
1744,9, 1441,3
1744,4, 1451,7
1747,7, 1443,6
1747,5, 1443,4
1749,8, 1443,1
1749,0, 1443,6
1747,2, 1439,6
1745,4, 1436,9
1742,1, 1434,4
1734,2, 1428,0
1724,1, 1423,8
1721,9, 1422,1
1704,6, 1415,7
1603,9, 1374,3
1294,3, 1247,0
1108,7, 1167,5
641,0, 970,3
286,3, 843,4
202,0, 822,9
97,8, 801,9
52,9, 788,9
52,6, 787,9
-22,0, 756,4
2,1, 767,3
-49,0, 752,8
-121,2, 737,9
-100,4, 741,1
-268,4, 753,8
-369,6, 762,5
-430,5, 782,8
-487,0, 826,4
-466,3, 857,7
-422,0, 889,0
-326,4, 943,1
-300,9, 1017,2
-259,3, 1023,9
-315,1, 1025,1
-403,0, 1012,4
-408,1, 1011,1
-435,5, 1006,1
-518,1, 994,0
-522,2, 991,6
-483,1, 987,2
-526,1, 970,4
-501,3, 980,1
-484,6, 989,7
-196,8, 1055,5
-154,3, 1071,2
-48,7, 1099,9
6,3, 1136,2
43,8, 1159,5
59,4, 1155,5
10,3, 1133,2
38,6, 1135,6
66,2, 1133,1
62,9, 1122,9
75,5, 1112,1
18,0, 1093,6
44,7, 1094,5
-20,0, 1080,1
27,0, 1084,2
-26,0, 1064,4
20,2, 1075,5
-42,8, 1055,4
-89,1, 1027,7
-73,7, 1029,5
-44,8, 1124,2
20,7, 1154,1
205,9, 1344,7
210,4, 1397,4
227,3, 1439,9
195,0, 1444,4
227,1, 1434,1
242,9, 1432,7
201,5, 1431,6
218,2, 1424,8
223,3, 1423,5
164,7, 1421,1
172,7, 1411,8
143,6, 1412,8
169,0, 1411,3
162,6, 1410,9
107,6, 1411,9
140,8, 1409,2
155,8, 1406,2
86,8, 1404,4
93,6, 1403,6
108,3, 1404,6
182,6, 1409,2
90,8, 1395,1
-45,4, 1141,3
-9,7, 1142,1
7,8, 1135,6
34,6, 1142,8
74,5, 1151,2
35,6, 1149,1
32,0, 1163,6
81,9, 1163,7
61,0, 1172,9
106,4, 1174,2
76,9, 1176,0
123,0, 1183,8
73,6, 1179,4
78,7, 1185,2
-2,6, 1164,3
19,8, 1165,4
67,7, 1165,3
38,4, 1173,0
57,6, 1180,2
120,4, 1186,6
3,1, 1355,8
16,8, 1356,8
5,8, 1362,2
47,0, 1358,9
33,2, 1367,2
120,9, 1378,8
85,7, 1376,0
-93,3, 1372,6
-78,3, 1373,0
-111,8, 1372,3
-134,2, 1368,4
-99,8, 1365,7
-64,6, 1360,5
13,9, 1361,2
-40,0, 1359,5
55,6, 1344,4
16,6, 1347,9
88,5, 1339,4
31,6, 1341,5
-14,6, 1342,6
14,0, 1344,3
-4,7, 1326,2
27,9, 1305,3
7,5, 1309,4
-10,5, 1299,0
-10,0, 1288,6
-92,8, 1302,3
213,0, 1311,2
600,7, 1351,3
718,9, 1359,0
742,4, 1359,8
748,3, 1354,2
814,1, 1352,2
849,6, 1324,6
808,4, 1296,5
782,5, 1273,0
766,3, 1258,6
766,0, 1254,7
796,6, 1236,0
1007,9, 1181,7
1071,3, 1171,0
1093,8, 1165,3
1112,6, 1150,0
1154,3, 1115,5
1166,0, 1112,7
1176,4, 1110,5
1191,5, 1097,1
1252,9, 1086,7
1341,9, 1089,3
1429,4, 1095,0
1586,0, 1116,2
3418,5, 1498,1
3499,4, 1493,9
3554,5, 1502,4
3587,0, 1508,0
3524,5, 1517,0
3539,7, 1513,6
3486,6, 1506,4
3489,3, 1511,6
3492,9, 1518,6
3489,9, 1515,6
3461,3, 1519,9
3397,9, 1523,5
3346,6, 1525,5
3314,8, 1528,3
3330,2, 1526,7
3317,1, 1526,8
3392,8, 1503,2
3402,6, 1505,5
3414,3, 1500,0
3428,3, 1486,5
3461,2, 1498,6
3459,9, 1491,9
3457,8, 1486,2
3452,9, 1486,4
3413,1, 1492,6
3435,1, 1491,7
3447,5, 1485,8
3457,9, 1478,4
3465,1, 1479,0
3475,4, 1477,1
3524,2, 1456,7
3522,6, 1454,7
3498,2, 1478,5
3485,2, 1482,3
3402,8, 1506,2
3340,5, 1519,9
3320,1, 1492,2
3323,2, 1427,4
1612,6, 834,4
1274,0, 746,2
1177,3, 722,1
1110,9, 715,5
706,4, 672,3
683,6, 667,8
577,1, 649,1
573,9, 646,2
561,9, 646,0
536,2, 644,4
507,8, 638,8
506,3, 637,3
512,1, 641,6
512,7, 646,0
519,9, 649,6
527,1, 649,7
490,3, 627,7
470,5, 618,9
495,8, 625,7
491,9, 622,7
478,7, 614,0
483,9, 607,6
452,2, 585,1
374,7, 541,3
370,7, 572,5
306,8, 579,8
223,2, 587,8
145,8, 585,9
12,6, 577,5
-54,5, 572,9
-105,2, 577,5
-84,8, 581,5
-76,1, 583,9
-66,6, 586,7
23,7, 595,4
69,0, 590,3
38,9, 599,9
-6,1, 610,9
-74,8, 550,5
-78,9, 495,3
-129,4, 421,7
-228,9, 250,7
-242,8, 200,5
-215,6, 172,1
-214,4, 156,1
-229,0, 160,5
-229,9, 149,1
-225,4, 142,1
-224,9, 143,3
-224,6, 140,4
-224,6, 140,0
-198,6, 149,7
-195,1, 151,4
-31,4, 282,3
56,9, 361,1
253,8, 533,2
419,8, 569,7
570,3, 644,5
468,2, 668,1
541,2, 677,6
411,7, 663,7
311,3, 638,8
332,2, 652,1
309,5, 642,6
274,0, 626,5
244,8, 648,3
240,0, 654,3
252,9, 660,8
218,5, 687,8
220,6, 688,6
224,8, 699,2
231,5, 694,0
243,4, 699,4
232,7, 715,2
251,5, 711,9
267,4, 705,4
251,1, 713,1
273,8, 709,4
302,9, 691,8
353,0, 662,4
369,2, 651,2
337,8, 670,0
353,0, 672,6
359,8, 674,5
320,5, 689,8
302,0, 695,6
306,7, 692,2
274,5, 689,8
305,1, 646,2
277,7, 664,9
302,6, 646,2
311,0, 642,7
293,1, 675,8
302,8, 666,3
415,2, 679,6
408,5, 675,8
631,8, 734,1
778,5, 765,2
837,2, 787,5
1035,3, 841,2
1065,0, 836,1
1096,2, 821,1
1107,6, 819,1
1112,1, 817,0
1111,4, 814,4
1105,6, 793,2
1082,5, 738,6
1058,9, 693,0
1071,9, 655,7
1081,7, 637,8
1104,4, 628,2
1106,1, 629,8
1124,3, 632,4
1436,4, 683,3
2877,0, 921,8
2910,6, 949,0
2930,7, 964,8
2926,9, 961,4
2912,5, 942,8
2915,8, 941,0
2908,2, 936,1
2902,6, 932,1
2896,1, 928,4
2881,8, 930,0
2874,9, 930,6
2887,8, 932,6
2905,7, 940,1
2908,7, 941,9
2895,2, 948,9
2907,1, 956,3
2911,6, 956,1
2909,0, 951,8
2908,7, 950,2
2910,0, 951,6
2912,6, 947,4
2917,0, 947,1
2917,7, 950,5
2915,5, 966,9
2918,4, 968,5
2929,2, 966,4
2948,3, 987,0
2988,0, 1039,2
3038,6, 1081,4
3128,2, 1249,6
3163,1, 1308,0
3184,4, 1350,8
3202,4, 1392,8
3172,2, 1377,8
3172,1, 1392,9
3185,5, 1392,9
3183,4, 1391,5
3184,1, 1393,8
3182,1, 1395,1
3180,2, 1400,3
3175,2, 1401,7
3176,5, 1402,4
3140,0, 1365,8
3141,3, 1367,6
3150,7, 1376,3
3142,1, 1378,7
3116,5, 1368,2
3117,8, 1366,5
3117,2, 1368,8
3101,3, 1358,1
3106,9, 1364,7
3098,1, 1379,7
3082,0, 1379,5
3081,0, 1378,1
3086,0, 1379,4
3085,1, 1379,3
3086,7, 1381,4
3093,0, 1379,1
3106,5, 1379,6
3102,0, 1376,8
3067,6, 1360,4
2776,8, 1250,1
2778,5, 1301,7
2358,6, 1182,5
2251,8, 1141,0
2093,2, 1088,4
2027,1, 1073,7
2021,1, 1071,3
1941,5, 1033,4
1941,3, 1024,1
1937,3, 1014,5
1932,0, 1009,8
1911,2, 1003,3
1870,5, 997,1
1389,0, 933,5
1488,1, 951,0
1226,8, 912,5
556,2, 802,4
273,8, 756,2
231,2, 745,2
188,9, 734,9
170,6, 722,0
121,1, 683,8
77,1, 671,9
101,9, 681,6
106,0, 688,5
120,3, 693,3
177,5, 722,1
191,2, 728,1
206,1, 733,1
280,6, 761,9
275,2, 757,5
315,2, 770,1
316,5, 774,9
318,8, 776,5
324,2, 780,2
310,8, 814,2
331,0, 821,3
245,0, 826,9
160,7, 851,9
153,8, 856,3
150,8, 918,2
151,7, 917,2
138,7, 897,4
122,7, 872,6
125,2, 869,7
128,9, 873,2
133,2, 877,3
132,7, 878,1
136,0, 878,5
134,9, 879,3
145,6, 890,4
136,9, 896,1
138,1, 898,0
139,0, 899,2
139,5, 899,8
141,8, 900,2
150,9, 904,4
120,5, 887,5
129,9, 901,4
116,0, 892,9
203,6, 1008,1
182,0, 974,8
251,7, 1047,0
283,4, 1075,7
286,5, 1077,5
288,8, 1079,2
301,7, 1083,2
304,4, 1083,9
306,0, 1083,7
299,3, 1082,6
296,5, 1085,8
297,2, 1083,6
295,1, 1085,1
305,5, 1056,0
302,0, 1062,0
301,4, 1061,5
304,5, 1049,0
304,5, 1048,6
585,2, 992,9
734,5, 909,4
779,2, 916,4
750,7, 893,6
741,3, 880,2
721,5, 824,8
722,0, 820,7
728,8, 828,6
742,8, 805,5
768,1, 775,9
787,4, 753,2
801,0, 737,5
795,6, 738,1
1635,5, 671,5
2281,2, 80,7
2281,2, 80,7
2799,9, 279,7
2898,9, 317,3
3086,9, 392,6
3093,2, 390,7
3113,2, 350,2
3109,5, 370,9
3105,8, 376,8
3105,9, 376,7
3111,9, 335,5
3112,1, 327,3
3112,3, 326,2
3123,2, 318,9
3082,2, 362,3
3060,1, 389,9
3064,7, 384,0
3039,7, 418,3
2993,4, 466,9
3004,7, 485,7
3006,3, 486,5
3083,4, 419,4
3149,0, 361,5
3202,2, 308,1
3321,0, 196,4
3350,9, 176,7
3318,4, 205,0
3313,8, 198,4
3307,9, 204,0
3326,7, 198,0
3302,3, 219,0
3142,7, 372,7
3117,9, 393,6
3082,9, 420,7
3057,1, 421,7
3056,8, 391,0
3056,2, 356,4
3064,1, 347,6
3060,1, 346,0
3056,4, 350,6
3055,9, 350,8
3062,8, 355,0
3071,6, 358,6
3084,1, 364,6
3094,1, 366,2
3109,1, 368,3
3102,2, 370,6
3100,0, 377,0
3094,9, 381,4
3094,8, 381,4
3066,5, 367,8
2930,3, 417,5
2071,8, 682,1
2044,4, 689,5
2008,3, 694,1
2012,1, 680,2
2021,0, 650,4
2036,5, 569,2
2043,8, 545,1
2051,6, 551,0
2198,6, 548,7
2371,3, 578,8
2735,2, 656,1
2768,7, 666,7
2942,0, 697,7
3166,8, 756,6
3240,0, 731,6
3240,7, 731,9
3240,4, 785,1
3250,0, 778,3
3255,9, 748,4
3262,5, 740,7
3271,5, 734,1
3267,4, 749,6
3276,8, 757,2
3260,6, 763,9
3253,4, 788,7
3266,9, 790,3
3254,6, 790,1
3247,2, 801,7
3209,3, 808,6
3228,9, 810,4
3209,9, 812,1
3187,2, 813,0
3236,4, 814,5
3206,3, 818,9
3225,8, 818,6
3211,1, 818,7
3207,5, 820,8
3159,0, 828,2
3173,0, 828,7
3168,1, 830,3
3151,5, 832,0
3220,5, 834,4
3180,6, 845,7
3133,0, 863,7
3119,9, 869,5
3142,0, 1164,8
3149,2, 1269,1
3148,8, 1339,7
3145,0, 1338,9
3144,3, 1338,5
3147,7, 1338,7
3143,3, 1337,8
3159,6, 1331,9
3168,1, 1330,8
3173,7, 1331,2
3188,5, 1331,4
3191,6, 1329,8
3207,2, 1323,0
3201,0, 1324,4
3197,2, 1327,2
3205,9, 1323,4
3205,1, 1323,8
3207,7, 1322,6
3279,2, 1326,4
3280,3, 1326,5
3254,4, 1323,1
3313,3, 1330,3
3322,1, 1333,4
3295,2, 1335,5
3193,4, 1342,4
3250,1, 1341,2
3294,3, 1334,1
3276,8, 1327,6
3274,9, 1324,5
3312,9, 1329,0
3292,6, 1324,4
3282,9, 1322,4
3294,9, 1311,2
3299,1, 1213,3
3336,9, 1241,2
3366,1, 1067,2
3530,1, 876,2
3504,2, 870,2
3490,9, 855,8
3470,2, 718,1
3449,1, 794,8
3414,8, 651,1
3417,5, 631,8
3346,6, 377,8
3348,8, 382,9
3361,4, 364,6
3383,4, 295,6
3438,7, 239,0
3440,6, 245,6
3441,2, 252,3
3433,7, 253,9
3369,6, 309,5
3326,4, 347,2
3296,3, 371,2
3264,0, 391,3
3265,3, 383,7
3265,2, 383,9
3302,7, 292,7
3304,3, 286,7
3267,3, 335,1
3250,5, 357,6
3202,3, 434,8
3217,0, 426,8
3221,0, 419,2
3228,2, 405,3
3230,9, 400,4
3211,3, 411,9
2697,2, 641,9
2609,6, 675,0
2498,1, 710,2
2165,2, 813,5
1845,2, 907,1
1844,3, 907,1
1826,7, 920,8
1837,6, 911,3
1828,3, 895,9
1818,7, 870,4
1833,9, 849,1
1835,9, 846,6
1842,9, 834,9
1856,9, 810,6
1855,4, 808,7
1852,1, 793,7
1855,0, 805,4
1853,5, 798,8
1854,6, 790,7
1854,2, 786,8
1850,6, 787,3
1849,1, 786,5
1849,0, 786,4
1848,9, 786,6
1849,3, 786,2
1847,9, 787,6
1803,3, 780,1
1593,1, 731,3
1079,3, 601,4
1265,9, 648,7
978,6, 575,9
975,0, 576,4
975,3, 579,0
977,1, 583,7
975,9, 582,6
980,1, 587,8
991,0, 591,3
1000,4, 598,7
1001,0, 597,1
966,9, 592,5
912,9, 570,9
860,9, 564,3
537,5, 510,7
120,9, 452,2
315,1, 486,9
251,6, 501,2
192,9, 524,5
150,3, 513,8
253,9, 611,3
297,2, 637,9
334,5, 644,8
348,7, 650,6
856,5, 767,8
720,5, 744,3
1455,2, 876,1
1865,1, 947,6
2917,5, 1115,0
3062,4, 1080,1
3009,6, 1079,0
2987,0, 1078,5
3012,5, 1078,2
3019,9, 1077,8
3046,8, 1062,5
3070,1, 1048,9
3074,7, 1047,7
3115,8, 1039,9
3122,4, 1034,7
3135,3, 1027,8
3087,6, 1022,7
2536,6, 1023,3
2533,3, 1023,1
1806,1, 976,2
1780,0, 973,3
1545,7, 957,5
1477,7, 962,5
1472,9, 964,2
1501,5, 956,7
1476,8, 947,1
1472,2, 940,5
1450,0, 925,2
1446,1, 912,9
1421,9, 887,8
1391,1, 856,4
1354,2, 854,7
482,4, 763,4
547,5, 771,9
486,4, 774,5
461,7, 774,9
480,4, 778,8
434,5, 778,0
432,0, 783,3
392,2, 779,1
311,1, 768,7
303,2, 769,1
322,3, 781,2
323,1, 774,6
306,9, 772,6
293,5, 777,3
310,3, 778,2
296,9, 786,0
315,3, 800,9
383,0, 840,9
224,3, 864,4
79,4, 870,1
58,1, 882,7
47,3, 885,7
-114,4, 870,8
2,5, 901,8
-55,7, 887,0
-50,4, 899,0
-49,7, 902,5
-74,0, 893,5
-69,0, 896,2
-51,8, 910,8
-116,8, 949,8
-101,4, 978,8
-140,9, 1017,7
-128,4, 1025,4
-138,5, 1042,4
-177,4, 1043,5
-157,1, 1047,9
-15,7, 1077,1
48,1, 1090,8
53,1, 1095,3
89,7, 1103,6
171,2, 1127,5
184,1, 1141,4
167,6, 1137,3
191,8, 1137,4
241,3, 1143,6
197,3, 1134,9
188,2, 1131,0
241,7, 1136,0
178,7, 1125,5
209,2, 1129,4
172,9, 1123,2
211,8, 1127,0
231,4, 1128,9
164,3, 1123,5
193,9, 1126,0
208,4, 1126,5
155,5, 1118,4
189,7, 1120,9
164,8, 1119,3
198,5, 1122,0
205,4, 1122,1
165,3, 1118,7
187,2, 1120,6
216,3, 1121,9
148,5, 1115,2
171,8, 1116,8
193,9, 1119,3
68,0, 1107,1
5,5, 1100,8
231,1, 1117,4
543,8, 1143,4
765,4, 1156,8
1263,9, 1192,2
1346,8, 1203,0
1384,1, 1205,4
1386,4, 1205,1
1394,8, 1198,4
1400,5, 1188,1
1400,0, 1186,6
1378,8, 1166,4
1354,4, 1157,5
1546,0, 1257,2
1576,8, 1278,7
1554,4, 1274,5
1559,3, 1281,9
1618,5, 1353,1
1611,3, 1359,2
1607,4, 1358,7
1603,1, 1352,4
1609,0, 1351,4
1603,2, 1349,6
1606,1, 1348,7
1603,6, 1343,3
1798,8, 1250,2
1884,6, 1126,1
1888,2, 1120,7
1881,5, 1139,7
1889,2, 1128,3
1916,6, 1061,1
1914,9, 1060,2
1913,4, 1055,8
1910,4, 1049,8
1913,5, 1053,9
1922,7, 1058,9
3533,4, 1597,2
3705,0, 342,3
3697,2, 331,0
3694,6, 326,8
3696,0, 325,3
3682,7, 306,8
3683,7, 296,5
3675,0, 296,6
3634,0, 320,5
3655,9, 298,8
3673,6, 285,0
3794,3, 158,8
3825,5, 120,6
3815,2, 117,9
3719,8, 128,2
3738,0, 126,1
3691,0, 239,2
3287,5, 447,4
3358,0, 438,0
3245,7, 473,7
3250,8, 482,7
3283,1, 480,9
3216,4, 500,4
3124,0, 517,7
3095,2, 523,7
3112,7, 529,2
3129,0, 533,4
3450,9, 385,6
3300,7, 401,1
2513,1, 518,1
1970,9, 622,2
2109,2, 594,1
1053,8, 686,8
567,4, 687,5
544,3, 696,3
552,1, 673,1
574,6, 655,2
594,3, 646,2
598,2, 658,4
502,1, 624,0
501,3, 624,6
287,1, 558,6
305,0, 571,5
164,0, 606,6
75,6, 707,7
117,8, 734,0
175,1, 721,0
298,1, 787,4
277,1, 782,7
339,1, 798,6
350,2, 791,6
404,5, 808,0
405,7, 773,3
411,5, 759,7
417,1, 747,5
415,5, 734,3
421,2, 712,6
429,1, 702,9
430,7, 694,2
419,7, 670,8
392,6, 658,3
361,8, 643,7
358,4, 642,4
326,4, 629,0
322,9, 623,9
303,6, 605,6
270,0, 578,4
265,4, 570,8
271,8, 573,5
272,5, 573,5
256,1, 556,4
255,1, 557,7
263,0, 570,0
264,6, 571,8
265,6, 573,8
259,6, 571,6
249,7, 565,0
245,6, 558,7
250,6, 537,8
239,4, 527,1
232,7, 526,7
231,1, 517,9
236,5, 518,2
238,8, 523,1
457,6, 483,7
884,0, 471,8
980,4, 455,2
1058,4, 441,5
1205,4, 405,6
1374,7, 350,2
1568,5, 185,8
1550,1, 244,0
1545,5, 255,3
1586,1, 112,8
1672,9, 16,1
1672,6, 18,6
1811,6, 12,3
2016,1, 3,0
2411,1, -23,7
2420,7, -25,2
3005,0, -80,8
3011,6, -82,9
3346,8, -30,5
3346,8, -30,5
3434,0, 59,4
3570,1, 199,8
3580,7, 216,9
3616,0, 203,9
3616,7, 203,9
3617,1, 203,6
3700,6, 114,2
3652,4, 158,1
3411,0, 327,8
3247,1, 454,2
3231,0, 466,7
3274,1, 432,0
3189,1, 521,5
3195,0, 533,1
3190,3, 549,9
3188,5, 564,7
3185,0, 586,9
3178,4, 597,2
3195,8, 620,8
3202,4, 616,8
3220,2, 612,6
3218,5, 625,0
3217,7, 627,6
3205,4, 632,1
3104,8, 835,2
2831,3, 1281,1
2823,0, 1333,0
2821,7, 1372,1
2945,3, 1368,9
2955,4, 1369,5
2954,2, 1373,4
2977,0, 1363,1
3038,0, 1360,4
3034,7, 1360,4
2821,6, 1366,0
2692,3, 1371,1
2324,4, 1397,1
2249,3, 1404,0
2199,1, 1409,3
2145,8, 1412,2
1874,7, 1442,0
1896,2, 1418,8
1869,7, 1413,0
1864,6, 1420,7
1855,8, 1422,6
1856,8, 1422,1
1866,8, 1429,3
1871,1, 1429,3
1869,6, 1428,5
1849,4, 1427,8
1798,6, 1424,8
1769,1, 1424,0
1757,4, 1424,8
1717,2, 1424,7
1716,5, 1424,4
1720,9, 1420,7
1720,4, 1420,2
1713,8, 1419,0
1720,9, 1420,3
1710,0, 1417,4
1646,8, 1371,4
1423,4, 1206,7
1368,2, 1169,3
1076,0, 985,6
991,1, 937,4
542,0, 714,9
150,9, 510,9
42,7, 469,6
-146,3, 362,0
-74,5, 395,4
-77,1, 391,2
-147,2, 355,1
-293,1, 271,5
-261,3, 292,7
-346,0, 235,8
-452,3, 157,8
-461,9, 88,1
-466,9, 134,0
-482,0, 80,3
-529,6, 41,8
-516,7, -23,6
-513,7, -26,3
-492,4, -38,4
-492,4, -38,4
-485,5, -21,6
-123,8, 739,9
91,2, 931,1
104,4, 965,9
120,6, 977,3
134,4, 998,2
108,6, 995,6
144,0, 1007,2
258,2, 1031,8
207,2, 1018,5
212,9, 1006,5
210,0, 973,6
205,6, 938,3
180,8, 905,8
109,7, 893,2
110,4, 893,4
96,9, 884,8
79,6, 889,8
105,9, 898,1
117,4, 901,6
98,1, 896,2
135,9, 897,5
94,8, 891,8
111,5, 883,3
111,5, 881,8
48,3, 875,4
80,4, 879,5
40,7, 878,7
62,3, 881,0
-1,7, 874,4
9,5, 872,8
-23,7, 859,8
6,3, 866,7
-11,0, 866,5
24,6, 868,5
44,5, 872,9
117,4, 892,4
128,8, 907,7
117,8, 897,9
221,7, 950,5
248,2, 997,8
261,3, 1003,2
435,0, 1032,2
484,7, 1035,8
718,3, 1032,6
738,6, 1036,2
849,8, 1028,3
1209,1, 978,1
1611,2, 837,5
1717,0, 762,2
1964,9, 533,8
2101,7, 440,6
2327,1, 343,3
2411,4, 271,3
2482,3, 241,9
2650,5, 228,7
2950,3, 237,5
3096,5, 270,2
3239,8, 263,0
3415,9, 251,9
3683,5, 195,9
3776,3, 163,5
3747,1, 191,2
3764,1, 180,8
3782,4, 173,4
3837,2, 118,0
3910,7, 28,2
3932,0, -14,7
3931,9, -14,9
3931,9, -14,9
3931,9, -14,9
3908,4, -20,5
2824,9, 24,7
2718,3, 164,4
2662,5, 265,1
2700,9, 262,4
2694,7, 286,0
2661,3, 395,5
2664,9, 343,1
2666,0, 323,3
2679,1, 361,3
2682,1, 309,0
2694,9, 345,7
2705,5, 320,3
2714,6, 234,9
2717,1, 292,2
2726,6, 252,1
2728,5, 243,6
2733,8, 283,0
2734,3, 276,0
2794,3, 237,8
2824,8, 210,3
2791,5, 203,0
3367,0, 198,3
3126,9, 202,6
3149,0, 201,3
3160,7, 215,7
3139,1, 217,4
3149,1, 213,0
2405,3, 433,3
2188,2, 442,7
1979,8, 448,1
1909,3, 443,6
1754,5, 458,2
1542,4, 468,5
1192,8, 367,4
1116,5, 357,7
1065,8, 320,4
1020,2, 287,1
1015,5, 287,6
1017,9, 305,5
1038,7, 340,9
1060,0, 360,4
1065,5, 398,2
782,9, 371,6
473,2, 471,2
337,4, 500,5
335,0, 497,0
334,7, 496,6
1720,0, 720,0
630,0, 226,4
620,1, 224,7
620,1, 224,7
237,8, 477,9
246,2, 458,0
236,3, 446,2
228,0, 426,8
231,6, 415,2
231,4, 415,4
161,9, 284,5
123,7, 224,6
219,2, 404,8
217,7, 399,9
231,3, 400,8
232,2, 404,2
225,1, 394,3
234,7, 390,1
235,4, 387,4
232,8, 391,4
539,3, 739,4
624,4, 1102,1
696,4, 1134,2
746,3, 1152,8
800,0, 1181,7
866,8, 1238,6
847,0, 1218,1
768,9, 1200,3
605,0, 1174,1
506,5, 1151,3
477,0, 1143,7
353,1, 1098,5
270,7, 1081,4
213,6, 1067,0
182,5, 1072,2
171,0, 1072,9
160,8, 1071,2
175,1, 1081,2
184,7, 1057,8
60,1, 990,1
39,6, 956,3
-48,3, 800,6
-126,0, 615,7
-136,7, 628,4
-136,6, 627,4
-154,9, 627,7
-164,8, 609,5
-126,4, 649,7
187,7, 774,6
239,8, 828,5
343,3, 886,3
381,2, 896,5
338,8, 927,2
365,8, 917,4
370,3, 930,9
398,4, 937,8
367,8, 945,6
387,8, 942,1
366,9, 939,7
380,1, 911,1
348,6, 976,7
333,9, 1014,0
321,9, 1044,6
322,1, 1069,6
306,9, 1261,6
251,2, 1293,2
261,4, 1291,6
300,8, 1276,6
289,4, 1285,6
292,1, 1284,7
291,5, 1283,5
290,8, 1290,3
257,5, 1293,1
260,4, 1308,7
255,6, 1304,9
248,0, 1300,7
235,0, 1318,3
238,8, 1312,9
237,9, 1314,8
242,4, 1319,4
244,2, 1316,9
251,4, 1330,0
248,5, 1323,9
236,8, 1325,1
209,2, 1325,3
186,9, 1323,1
201,2, 1317,1
209,8, 1326,4
216,3, 1322,0
192,8, 1324,4
189,2, 1322,3
183,7, 1318,6
193,5, 1339,4
191,4, 1341,7
187,0, 1319,7
176,1, 1316,4
188,6, 1314,4
215,1, 1298,8
192,0, 1302,5
500,7, 1106,7
468,6, 1131,7
480,0, 1110,9
479,1, 1103,9
463,9, 1103,5
467,2, 1097,0
446,9, 1081,3
429,3, 1078,8
422,2, 1077,1
408,1, 1073,3
373,2, 1038,6
366,8, 1044,3
350,8, 1052,4
350,1, 1043,5
348,6, 1045,7
330,3, 1044,3
324,4, 1049,2
321,3, 1049,7
319,6, 1045,7
318,6, 1039,6
312,4, 1030,2
303,5, 1025,4
293,7, 1023,5
293,0, 1022,1
288,4, 1036,9
289,6, 999,1
267,2, 1010,5
237,7, 1000,6
214,9, 1010,6
192,9, 986,3
208,0, 1006,4
189,1, 981,2
192,9, 993,4
161,4, 970,5
158,1, 972,4
171,2, 982,1
174,3, 979,8
161,1, 960,5
193,0, 941,3
234,4, 943,3
238,3, 922,8
244,6, 894,4
160,0, 739,1
246,5, 712,1
128,8, 736,3
137,8, 737,5
146,8, 739,9
183,5, 748,0
174,8, 751,7
224,9, 757,3
255,8, 756,5
276,3, 756,8
247,9, 734,1
138,3, 691,9
168,3, 698,6
130,5, 681,5
124,5, 683,7
299,1, 756,3
284,5, 753,7
395,5, 805,1
404,7, 828,4
400,4, 830,0
390,2, 825,7
446,5, 824,9
414,5, 819,8
364,4, 818,6
418,3, 826,2
540,8, 811,8
510,2, 812,9
490,7, 781,0
441,3, 748,6
394,6, 744,6
382,0, 723,1
352,5, 720,5
350,7, 706,5
344,1, 660,4
342,5, 659,8
341,4, 659,5
340,7, 660,6
342,0, 725,0
341,9, 727,1
730,2, 860,7
685,1, 845,0
771,8, 874,5
772,7, 874,6
775,1, 876,3
753,0, 853,8
706,8, 806,0
696,9, 810,9
689,7, 801,2
657,4, 785,1
630,4, 748,3
610,6, 736,5
603,6, 726,2
600,1, 724,8
586,5, 721,0
577,8, 728,0
588,5, 738,0
602,7, 747,9
611,3, 751,8
610,1, 752,3
607,1, 754,5
609,7, 754,8
608,4, 750,5
609,6, 739,6
611,3, 735,7
611,2, 735,6
856,6, 683,7
1278,1, 590,8
1405,3, 562,6
1432,4, 555,1
1523,9, 523,7
1645,5, 475,6
1769,4, 428,4
1764,6, 421,0
1759,0, 411,3
1762,9, 408,5
1750,5, 413,5
1752,1, 410,5
1741,7, 414,9
1736,8, 415,3
1706,7, 411,1
1679,5, 409,2
1677,2, 409,5
1667,6, 404,8
1667,3, 403,5
1666,6, 403,1
1664,8, 402,5
1655,0, 387,2
1647,2, 386,3
273,9, 380,6
80,8, 365,6
29,1, 357,9
41,1, 372,6
-8,4, 362,8
-79,2, 328,3
-54,9, 358,9
-52,5, 382,6
-113,9, 363,1
-76,7, 378,0
-201,6, 310,1
-254,9, 279,6
-331,1, 221,7
-370,7, 189,1
-404,3, 164,3
-308,4, 197,4
-292,9, 195,9
-292,9, 195,9
75,0, 399,4
162,9, 446,0
648,5, 644,7
1112,4, 789,6
1220,2, 822,4
1261,6, 815,9
1313,6, 804,9
1457,5, 791,6
1479,9, 796,9
1527,4, 793,8
1596,2, 788,7
1851,7, 759,4
3664,5, 584,0
3140,7, 869,5
3138,0, 850,7
3147,9, 819,2
3319,5, 748,8
3313,5, 749,4
3178,5, 786,7
3159,2, 806,5
3181,6, 801,7
3840,4, 769,8
3875,5, 758,6
3891,1, 754,3
3985,2, 715,8
3997,0, 708,7
4003,1, 704,7
3703,6, 885,4
3676,1, 897,6
3692,1, 899,0
3642,5, 913,6
3627,0, 917,6
3568,6, 940,5
3441,0, 987,1
3392,5, 1001,1
3374,7, 1005,3
3340,0, 1020,0
3271,0, 1038,2
3324,6, 1020,8
3186,4, 1057,8
3164,9, 1068,9
3155,7, 1140,5
3122,8, 1136,3
3102,4, 1149,7
3089,0, 1150,6
3134,5, 1121,3
3228,8, 1107,8
3170,5, 1117,6
3174,1, 1116,2
3219,2, 1099,0
3278,0, 1093,0
3315,2, 1084,2
3372,9, 1090,6
3327,2, 1083,8
3299,9, 1067,8
3300,9, 1067,8
3311,9, 1069,3
3356,7, 1071,2
3345,3, 1069,0
3311,3, 1065,7
3320,7, 1065,8
3326,9, 1067,3
3403,5, 1067,0
3468,8, 1073,9
3455,5, 1072,6
2726,3, 966,8
2574,5, 948,1
2242,1, 878,0
2132,5, 840,7
1995,1, 846,1
1809,1, 827,1
1805,8, 832,7
1801,0, 835,8
1774,3, 846,5
1780,6, 845,2
1072,8, 802,5
1147,3, 808,1
1358,6, 830,0
1235,8, 840,5
-153,8, 756,3
-78,9, 766,2
-72,9, 772,9
-76,4, 776,9
-79,6, 780,3
-111,7, 783,0
-116,2, 782,8
-117,1, 781,7
-131,9, 776,6
-146,8, 765,5
-158,5, 751,7
-232,2, 722,5
-364,2, 655,0
-470,2, 603,6
-533,5, 571,7
-447,2, 617,4
-454,1, 606,7
-336,2, 665,8
-43,2, 809,9
-27,2, 815,4
56,6, 852,8
203,3, 920,3
301,7, 960,9
282,9, 972,6
94,0, 1009,5
68,2, 1015,5
108,3, 1024,2
159,7, 1035,1
151,4, 1039,0
48,2, 1013,7
65,2, 1018,7
52,2, 1017,3
97,6, 1020,5
55,4, 1012,3
0,9, 1002,0
44,2, 1007,2
-19,5, 990,6
18,5, 997,5
21,3, 1000,2
66,3, 1002,1
1,1, 997,4
43,9, 1001,3
-5,0, 994,5
45,7, 1000,1
-15,0, 980,4
31,7, 988,1
-36,7, 966,0
-78,4, 931,1
-56,0, 933,6
208,3, 941,0
355,0, 943,4
305,2, 941,8
387,3, 938,6
734,0, 919,0
692,3, 901,3
702,5, 908,0
752,4, 924,9
752,6, 924,3
747,3, 920,4
725,5, 916,9
682,6, 906,5
555,4, 896,1
436,6, 888,6
301,2, 909,9
113,1, 914,8
118,7, 911,3
71,8, 912,4
68,2, 903,2
61,3, 926,3
59,7, 927,4
60,5, 927,4
99,8, 916,2
98,6, 921,9
121,7, 923,6
157,1, 947,6
212,1, 984,6
198,9, 979,6
184,8, 999,7
179,5, 1006,8
184,1, 999,1
195,2, 1017,6
210,4, 1017,3
185,1, 1023,2
213,1, 1018,7
195,4, 1012,4
211,2, 1009,1
184,2, 1005,7
203,2, 1004,1
311,0, 985,7
394,0, 970,1
542,9, 941,0
585,8, 930,9
792,5, 884,0
789,8, 882,5
785,1, 879,3
782,7, 878,6
763,8, 874,5
735,3, 886,7
737,4, 880,7
407,4, 839,0
339,3, 829,1
467,9, 841,2
371,6, 826,6
297,9, 811,5
117,4, 825,1
89,5, 827,3
49,5, 832,5
178,1, 922,4
176,2, 920,0
211,5, 933,3
218,9, 934,6
223,2, 931,3
217,2, 923,8
212,6, 915,9
206,8, 898,6
202,8, 866,2
191,6, 853,2
185,7, 847,6
161,7, 826,3
154,7, 811,7
153,4, 805,4
153,0, 799,0
152,4, 788,2
128,5, 764,0
105,5, 730,2
117,0, 744,4
117,7, 745,8
244,6, 776,6
210,6, 781,8
481,3, 1039,0
584,0, 1156,6
614,6, 1202,0
773,3, 1385,0
724,0, 1386,0
716,8, 1386,3
660,5, 1382,9
411,2, 1358,4
329,3, 1347,2
321,9, 1346,6
315,8, 1346,5
354,9, 1350,2
301,3, 1346,6
373,4, 1349,8
336,5, 1348,5
307,9, 1338,0
237,9, 1315,3
108,3, 1274,4
78,6, 1252,4
57,7, 1240,9
44,2, 1242,3
34,6, 1238,3
14,1, 1236,9
23,3, 1226,7
38,4, 1226,0
53,3, 1242,7
52,0, 1239,3
56,4, 1241,1
52,0, 1233,1
52,1, 1235,3
89,9, 1255,7
107,1, 1244,4
111,7, 1249,9
117,2, 1250,5
119,9, 1260,3
113,6, 1262,6
116,0, 1257,4
105,8, 1261,6
105,8, 1248,9
101,4, 1253,5
94,1, 1241,5
91,9, 1256,0
90,8, 1245,7
91,5, 1260,5
76,6, 1248,1
56,5, 1292,0
59,3, 1269,9
29,5, 1323,8
76,7, 1407,1
67,7, 1401,8
55,6, 1395,9
55,8, 1399,9
48,1, 1397,8
5,1, 1396,8
16,3, 1386,0
10,8, 1393,4
16,4, 1386,6
19,7, 1383,9
6,6, 1379,6
4,0, 1380,4
-0,7, 1369,4
10,3, 1374,3
4,4, 1363,4
8,1, 1362,5
14,9, 1369,1
2,4, 1285,0
-159,8, 630,8
-164,6, 589,7
-170,0, 561,2
-177,2, 547,5
-59,4, 581,5
-99,0, 567,7
-22,6, 659,0
33,2, 716,3
70,4, 728,4
274,8, 763,7
528,0, 857,1
906,7, 968,9
904,9, 962,9
1354,7, 1101,5
1494,4, 1125,3
1471,1, 1119,0
1542,3, 1124,1
1535,0, 1111,8
1521,6, 1088,4
1542,7, 1086,5
1505,7, 1042,1
1523,2, 1029,1
1546,8, 1025,6
1581,7, 1019,1
1611,2, 999,6
1633,3, 991,9
1652,6, 978,3
1666,4, 968,3
1657,1, 960,7
1648,4, 954,4
1626,0, 936,8
1615,6, 928,5
1602,6, 913,7
1552,9, 907,1
1043,7, 845,3
525,9, 775,8
632,2, 765,6
591,3, 764,0
551,7, 759,6
479,0, 740,5
378,3, 726,3
322,9, 718,1
323,8, 719,2
337,4, 749,8
351,6, 759,2
363,6, 758,7
369,0, 758,2
342,8, 765,2
245,5, 791,2
220,0, 801,5
172,6, 811,0
119,0, 872,0
106,2, 871,4
126,0, 873,4
138,2, 892,3
110,4, 879,4
83,4, 866,5
64,4, 864,4
38,6, 859,7
38,5, 869,2
42,1, 868,8
45,4, 889,1
46,2, 872,5
42,8, 871,1
50,3, 856,9
52,9, 872,6
71,6, 876,1
85,2, 896,9
106,4, 908,7
85,0, 912,0
91,6, 932,7
94,8, 932,0
84,7, 977,7
90,1, 974,8
88,2, 989,1
123,7, 984,5
110,4, 989,6
86,7, 996,6
115,1, 1004,5
75,6, 1003,5
102,1, 1007,1
125,2, 1056,6
145,5, 1083,8
146,3, 1132,9
163,6, 1158,5
182,8, 1155,4
206,0, 1129,8
233,7, 1098,5
336,8, 956,5
297,0, 1005,6
307,6, 987,7
151,6, 1159,8
183,4, 1148,6
130,6, 1161,4
162,2, 1154,0
187,8, 1149,0
330,2, 977,3
367,4, 933,3
288,1, 1010,8
343,7, 926,2
283,5, 981,9
200,0, 1038,1
202,4, 1022,1
62,3, 1108,6
103,4, 1114,4
103,5, 1067,4
113,2, 1081,6
198,9, 1047,8
928,9, 792,2
1142,5, 688,4
1237,0, 613,8
1254,4, 606,1
1371,2, 497,4
1378,1, 487,5
1376,0, 511,4
1352,7, 504,6
1335,2, 499,9
1277,9, 483,5
1150,4, 446,6
891,3, 369,1
862,6, 361,5
727,5, 330,7
882,2, 373,5
330,0, 322,4
-4,8, 258,1
71,6, 260,5
68,7, 265,1
51,2, 264,5
13,5, 265,2
-17,0, 295,6
-8,0, 323,2
3,0, 327,8
40,1, 347,0
48,3, 353,0
35,1, 354,5
61,7, 360,9
39,9, 361,9
78,5, 364,8
76,0, 361,1
59,8, 338,9
43,4, 319,9
31,0, 312,9
15,7, 300,2
-7,3, 274,3
-23,8, 261,3
-48,4, 248,5
-43,8, 241,8
-54,2, 242,3
-44,3, 262,6
-32,1, 291,8
51,8, 366,7
60,4, 374,3
72,8, 386,8
122,7, 419,9
135,7, 427,3
125,9, 422,7
158,3, 438,5
127,4, 409,0
165,6, 434,1
203,9, 457,0
238,3, 480,5
273,6, 500,1
302,0, 519,9
281,6, 524,4
323,4, 544,5
350,4, 556,4
429,3, 588,2
468,7, 597,1
392,5, 561,1
398,8, 558,8
461,1, 576,0
390,5, 508,3
507,7, 528,8
586,0, 541,1
690,4, 543,0
969,6, 562,1
1118,1, 561,8
1860,8, 570,7
2051,4, 548,5
2116,7, 547,2
2132,7, 548,1
2144,7, 551,3
2224,0, 573,4
2293,8, 539,6
2313,9, 523,8
2366,4, 514,2
2413,5, 500,2
2663,9, 426,9
2883,9, 385,4
2842,6, 399,3
3031,5, 382,4
3344,5, 363,8
3317,5, 409,8
3261,8, 461,8
3246,0, 469,3
3237,8, 475,3
3173,7, 530,1
3105,8, 580,5
3078,3, 599,1
3094,0, 569,0
3125,6, 537,5
3150,3, 510,0
3180,6, 493,7
3195,3, 483,9
3236,7, 454,9
3270,9, 429,6
3308,6, 401,2
3316,1, 395,3
3320,0, 391,9
3322,0, 389,0
3273,3, 403,5
3133,2, 470,7
2750,6, 581,2
2541,1, 634,7
2291,1, 700,4
2392,2, 676,1
103,6, 1104,4
192,7, 1144,7
177,8, 1157,3
180,4, 1149,6
172,2, 1161,3
87,3, 1234,1
40,6, 1270,2
-35,7, 1329,1
-20,0, 1332,6
-13,8, 1333,3
-7,6, 1335,8
-4,6, 1337,5
338,0, 1111,1
440,0, 1039,4
585,6, 869,3
628,4, 808,7
633,9, 796,5
654,1, 779,0
663,8, 766,6
672,5, 777,3
678,7, 781,6
684,9, 782,2
695,9, 794,5
709,8, 785,3
711,2, 785,3
710,4, 789,5
688,7, 780,7
688,3, 781,2
660,0, 764,5
647,6, 747,3
644,5, 745,7
641,0, 744,3
633,1, 738,4
635,0, 738,9
633,1, 740,5
749,1, 709,9
1063,3, 605,9
1024,6, 622,5
1138,6, 581,8
1218,5, 556,5
1276,8, 536,5
1328,6, 510,6
1326,9, 521,9
1324,9, 513,7
1327,5, 509,8
1323,7, 519,7
1323,0, 515,6
1322,1, 511,0
1321,4, 501,4
1325,1, 489,5
1325,7, 486,2
1316,4, 478,6
1321,1, 481,8
1317,0, 477,4
1315,8, 479,0
1312,3, 474,4
1309,6, 472,3
1310,6, 471,9
1306,2, 468,2
1300,5, 464,3
1285,0, 456,2
1284,5, 456,0
798,8, 378,7
528,0, 327,2
-229,9, 249,1
-154,5, 226,1
-264,2, 155,3
-228,5, 172,6
-259,9, 152,4
-217,9, 172,2
-231,4, 159,6
-190,1, 180,5
-228,5, 145,2
-175,0, 177,0
-282,9, 79,3
-182,4, 154,6
-249,7, 96,5
-155,5, 185,4
-65,3, 244,4
-63,7, 278,7
112,4, 399,2
106,1, 377,3
98,2, 399,7
87,3, 379,6
96,4, 391,8
115,9, 390,3
230,2, 441,9
338,0, 468,7
505,7, 512,0
571,6, 528,2
655,0, 540,9
742,0, 538,2
910,6, 519,2
1112,4, 495,7
1108,4, 488,6
1099,2, 470,6
1086,5, 444,9
1078,9, 454,7
881,9, 475,5
548,9, 410,2
460,9, 367,2
424,4, 352,2
364,3, 343,3
77,8, 301,4
-174,7, 256,1
-235,8, 224,9
-255,7, 217,5
-245,6, 239,5
-239,6, 270,9
-221,7, 269,4
-170,1, 319,1
-61,8, 391,1
-0,2, 438,8
-11,5, 434,2
-14,7, 427,7
64,5, 461,8
-60,0, 360,9
-58,1, 362,4
-27,7, 382,6
-23,8, 386,5
-5,9, 404,9
-13,7, 395,8
5,8, 414,1
11,5, 420,4
10,5, 419,8
11,0, 420,1
12,7, 419,7
13,3, 420,0
26,2, 419,2
33,0, 413,2
34,8, 411,0
51,1, 384,1
50,5, 376,1
534,3, 477,5
732,3, 516,9
1061,0, 543,5
1240,9, 534,1
1411,6, 517,5
1393,3, 518,3
1601,3, 476,0
1635,1, 474,8
2268,8, 384,8
2654,1, 340,0
2674,9, 356,5
2681,4, 356,7
3079,0, 414,6
3096,1, 347,1
3091,1, 366,5
3105,1, 299,2
3108,3, 294,9
3120,1, 280,2
3124,8, 282,2
3113,6, 313,2
3117,8, 309,4
3141,4, 268,3
3145,8, 262,8
3152,6, 257,0
3162,5, 241,0
3164,1, 243,1
3205,0, 215,3
3290,7, 192,4
3280,4, 297,7
3282,4, 408,1
3281,0, 445,4
3262,1, 550,2
3259,8, 552,9
3247,4, 570,8
3178,0, 633,7
3182,4, 634,7
3150,4, 689,5
3129,4, 694,7
3109,4, 698,0
3107,0, 697,6
3100,1, 683,1
3089,6, 684,4
3091,4, 683,4
3099,1, 684,8
3106,2, 705,2
3108,3, 715,4
3092,0, 726,0
2843,4, 859,1
2806,9, 846,3
2757,9, 852,4
2490,3, 918,0
2335,2, 953,9
2137,4, 989,1
2087,6, 991,8
1988,5, 979,7
1992,4, 963,6
1989,6, 956,3
1993,5, 942,7
148,7, 473,4
137,2, 461,0
129,8, 461,9
129,6, 461,9
220,6, 814,8
319,2, 1171,1
297,4, 925,8
300,3, 891,7
137,6, 534,1
-16,7, 538,5
56,8, 517,7
-65,9, 544,5
-98,7, 543,8
-97,6, 605,3
-92,6, 594,6
-82,3, 608,8
-47,9, 619,7
-69,7, 619,8
-45,8, 627,4
-14,8, 650,0
96,7, 684,8
101,4, 706,3
186,1, 768,6
200,7, 762,9
196,6, 769,0
209,7, 761,7
215,1, 767,8
211,5, 783,0
212,1, 770,0
184,8, 751,9
175,9, 737,0
168,2, 725,3
148,8, 719,5
120,1, 706,4
103,0, 701,1
117,1, 688,4
123,7, 682,6
145,5, 717,4
156,5, 704,0
169,1, 704,1
173,8, 701,2
94,7, 650,7
110,2, 667,0
167,0, 679,0
183,9, 693,5
184,0, 680,1
173,5, 697,7
161,8, 703,0
172,6, 678,3
175,2, 646,2
176,7, 641,9
163,9, 647,6
-103,4, 604,2
-69,6, 615,9
272,4, 651,7
576,9, 662,2
637,0, 659,3
654,4, 658,9
1022,3, 629,7
1403,1, 607,6
1123,5, 627,7
2130,1, 580,0
2166,6, 562,0
2253,1, 578,4
2395,0, 647,1
2661,7, 765,9
2857,9, 838,2
2859,0, 835,8
2859,8, 841,4
2861,6, 847,1
2880,5, 864,2
2867,5, 855,8
2876,3, 849,9
2933,5, 799,8
2974,2, 759,4
2987,2, 758,8
3007,7, 750,6
3006,6, 766,8
3062,5, 804,1
3222,9, 967,8
3188,5, 1125,2
3198,6, 1168,4
3218,9, 1174,2
3204,7, 1196,1
3206,1, 1196,4
3194,0, 1199,0
3218,0, 1189,3
3249,3, 1173,7
3292,9, 1173,6
3343,4, 1164,1
3349,9, 1163,4
3401,5, 1164,9
3397,0, 1174,1
3404,6, 1169,3
3410,1, 1165,8
3409,6, 1165,6
3402,3, 1174,4
3395,4, 1180,7
3392,9, 1179,2
3382,6, 1178,8
3338,7, 1183,7
3290,7, 1189,7
3250,2, 1185,8
3247,3, 1181,4
3250,8, 1179,1
3248,5, 1183,8
3248,8, 1183,6
3248,1, 1185,0
3250,1, 1184,6
3233,7, 1188,1
3215,1, 1190,9
3210,1, 1193,0
3211,2, 1195,4
3214,8, 1193,7
3211,8, 1195,1
3211,7, 1197,0
3217,7, 1192,3
3222,1, 1195,0
3240,2, 1190,2
3245,0, 1187,9
3240,0, 1189,2
3225,2, 1190,3
3231,7, 1186,9
3225,8, 1174,5
3234,3, 1180,1
3245,3, 1181,9
3245,1, 1182,0
3245,0, 1182,9
3246,2, 1183,5
3244,8, 1111,8
3244,4, 1113,4
3236,7, 1155,8
3207,3, 1113,7
3123,3, 855,9
3149,0, 1001,2
3095,7, 1037,2
2617,4, 1133,7
2271,5, 1186,7
2139,7, 1169,9
2061,1, 1176,7
2015,3, 1174,4
1928,2, 1174,7
1912,3, 1189,6
1916,7, 1186,7
1912,1, 1195,0
1535,5, 1166,1
1523,5, 1155,7
1494,5, 964,9
463,3, 2925,1
-82,9, 965,0
-30,5, 986,5
7,9, 1000,3
11,5, 1001,7
14,2, 1002,1
20,6, 1001,4
23,1, 1002,3
24,2, 1002,0
27,6, 1003,2
25,7, 999,1
17,5, 987,0
60,7, 999,9
239,5, 1087,6
235,9, 1086,5
236,0, 1085,8
238,9, 1086,7
220,2, 1068,9
221,3, 1076,4
226,3, 1063,8
235,2, 1066,9
282,0, 1082,1
270,0, 1081,5
275,4, 1082,0
285,1, 1084,7
256,9, 1078,2
256,8, 1078,1
246,9, 1078,9
246,5, 1078,9
249,4, 1078,7
259,8, 1082,1
258,5, 1081,0
188,8, 1071,0
127,5, 1054,9
94,6, 1048,1
74,8, 1047,3
28,6, 1037,1
-5,2, 1034,6
-10,2, 1030,9
-0,2, 1038,6
3,2, 1040,3
20,7, 1036,0
58,3, 1069,0
55,6, 1065,8
60,5, 1066,4
132,3, 1091,0
158,5, 1074,9
164,9, 1078,9
163,2, 1074,2
186,0, 1092,7
350,9, 1055,4
573,2, 1021,2
953,1, 944,6
1300,8, 902,9
1218,8, 913,8
1594,4, 834,3
1735,1, 768,9
1771,7, 752,0
1857,9, 683,3
1892,5, 647,3
1932,1, 620,9
1940,8, 607,3
1958,9, 591,0
1982,2, 582,5
1999,1, 579,5
2016,2, 577,3
2188,9, 508,7
2307,3, 442,2
2313,8, 438,1
3249,4, 6,8
3185,2, 35,9
3169,9, 49,0
3209,3, 81,2
3225,9, 64,6
3242,5, 40,4
3243,3, 41,4
3325,6, -10,7
3439,1, -54,8
3650,8, -72,2
3699,2, -74,5
3044,8, -13,3
2875,0, 116,8
2783,5, 226,6
2722,2, 356,8
2704,6, 372,3
2669,4, 422,1
2668,5, 419,2
2535,9, 585,4
2539,8, 594,1
3450,2, 687,5
3528,8, 696,6
3527,3, 708,1
3537,9, 710,5
3544,5, 709,0
3546,9, 703,4
3565,1, 659,2
3562,9, 670,1
3561,0, 676,6
3560,3, 681,4
3556,1, 699,8
3554,7, 703,0
3549,0, 705,7
3539,2, 712,4
3529,7, 722,0
3517,2, 731,4
3477,9, 744,4
3455,4, 743,0
2178,3, 764,8
2001,3, 763,2
1724,7, 751,3
1896,7, 759,1
1688,2, 749,3
1624,9, 746,9
1569,6, 743,7
1584,9, 762,9
1540,7, 764,5
1244,9, 743,9
1018,3, 739,3
129,2, 716,9
188,8, 721,5
99,1, 740,0
119,0, 748,3
32,9, 783,6
11,6, 771,0
-8,2, 758,9
31,8, 775,3
55,6, 786,3
125,4, 816,9
158,4, 830,0
190,4, 842,3
215,3, 849,4
224,8, 851,2
345,4, 918,1
353,8, 922,2
355,6, 922,6
365,5, 928,2
403,3, 946,7
403,3, 946,6
409,5, 942,1
411,8, 942,1
411,7, 942,3
426,8, 944,0
430,5, 946,0
456,9, 958,1
469,0, 963,8
472,5, 966,6
473,6, 969,1
473,0, 968,0
461,4, 964,2
434,4, 960,4
432,6, 961,8
431,4, 961,9
439,3, 964,0
406,4, 981,7
382,5, 993,6
380,5, 997,6
376,4, 1009,9
370,5, 1042,6
375,8, 1080,5
365,0, 1081,9
325,4, 1071,2
323,5, 1070,8
326,6, 1071,7
314,7, 1053,8
286,3, 1050,6
270,2, 1042,8
237,8, 1031,4
214,2, 1021,0
193,5, 1020,6
190,7, 1020,4
175,7, 1020,7
134,0, 1020,8
114,9, 1020,2
84,6, 1002,8
72,7, 985,6
74,1, 984,0
81,8, 993,0
245,4, 1002,8
206,0, 998,7
957,0, 924,5
1386,8, 834,4
1589,5, 789,4
1713,6, 764,1
1732,5, 761,0
1453,2, 1977,1
3355,7, 690,5
3371,4, 689,5
3371,4, 689,5
3449,8, -19,3
3468,7, -55,7
3452,6, -11,0
3449,5, -23,4
3480,3, -21,5
3458,9, -26,4
3476,6, -21,5
3465,2, -22,0
3466,3, -28,3
3475,9, -34,1
3506,9, -53,8
3486,8, -51,6
3473,1, -13,7
3482,2, -29,2
3483,5, -33,0
3482,1, -30,9
2856,9, 513,4
2797,7, 573,1
2714,7, 698,0
2759,6, 633,4
2737,8, 683,7
2658,0, 763,8
2616,3, 802,7
2550,3, 879,4
2545,8, 880,1
2619,7, 923,0
2773,7, 928,0
2772,5, 920,3
2779,9, 924,9
3052,2, 887,0
3164,4, 876,0
3354,1, 855,0
3352,2, 855,6
3343,0, 860,8
3342,1, 859,9
3330,1, 870,0
3322,3, 872,3
3311,5, 880,8
3296,0, 894,9
3285,4, 904,8
3282,0, 910,4
3224,2, 940,4
3187,6, 964,8
3183,9, 967,7
3181,8, 969,0
3183,8, 970,4
3174,3, 981,0
3174,0, 982,0
3174,3, 983,1
3172,9, 983,8
3169,6, 981,6
3167,5, 982,9
3168,1, 983,4
3164,8, 983,7
3163,3, 983,6
3162,3, 983,9
3154,3, 985,7
3154,4, 983,4
3154,6, 981,8
3156,7, 975,3
3176,8, 964,5
2922,4, 982,1
2378,2, 1010,5
2323,8, 1013,6
2252,5, 1013,8
2248,0, 1013,3
2263,9, 1001,8
2293,3, 975,5
2303,0, 961,6
2303,4, 962,6
2338,6, 942,9
2347,4, 935,5
2350,7, 924,8
2781,8, 903,2
3105,6, 891,7
3174,5, 882,0
3192,5, 885,5
3358,6, 868,3
3441,1, 860,7
3438,3, 880,9
3440,8, 881,0
3466,2, 869,0
3450,3, 885,7
3448,1, 888,4
3432,9, 909,6
3425,5, 921,2
3414,3, 928,5
3348,8, 949,7
3329,9, 954,8
3307,4, 960,1
3296,5, 975,4
3250,7, 991,0
3260,4, 994,0
3201,4, 992,9
3251,3, 991,4
3234,9, 996,3
3235,4, 990,7
3220,1, 972,1
3182,0, 969,3
2656,0, 931,7
2349,8, 917,7
1880,3, 906,9
1159,1, 868,8
718,0, 858,8
716,2, 857,0
610,6, 789,3
616,8, 793,2
665,0, 825,8
8,3, 763,5
-117,6, 701,5
-121,2, 700,3
-84,3, 719,5
-46,8, 734,8
87,2, 790,5
97,4, 794,8
192,5, 833,0
285,2, 869,7
325,1, 886,5
321,9, 885,0
422,3, 924,1
422,5, 926,8
427,0, 932,1
436,4, 932,1
450,0, 932,6
438,2, 963,6
420,9, 983,1
415,5, 990,5
428,1, 995,1
429,0, 995,2
434,0, 996,6
432,5, 1000,8
431,6, 1000,6
436,2, 999,7
431,0, 999,7
432,4, 996,3
442,9, 987,7
444,2, 987,8
451,0, 979,4
453,9, 979,5
455,9, 990,0
454,4, 993,0
447,2, 990,9
429,1, 981,5
385,6, 977,6
404,5, 976,2
408,6, 936,6
420,8, 918,9
554,6, 866,2
668,8, 834,8
883,8, 787,1
3440,8, 461,6
3351,9, 502,0
3332,9, 536,5
3318,9, 560,3
3325,8, 564,8
3336,0, 566,9
3379,0, 538,4
3358,5, 556,9
3368,1, 557,5
3375,2, 549,0
3388,6, 504,3
3397,7, 491,1
3427,4, 459,7
3413,8, 470,2
3416,7, 450,4
3377,0, 476,0
3313,5, 539,6
3238,2, 594,5
3217,2, 607,6
3216,7, 606,8
3187,3, 641,6
3196,9, 628,4
3210,2, 633,3
3210,8, 629,7
3193,3, 631,5
3191,2, 632,3
3206,4, 546,5
3207,9, 533,7
3223,3, 538,6
3227,5, 536,9
3227,3, 529,6
3178,5, 513,2
2915,2, 487,0
1899,5, 531,5
1497,8, 534,5
1178,8, 526,0
892,4, 527,8
1010,0, 522,0
704,7, 518,1
468,6, 523,2
437,5, 529,7
363,2, 482,6
358,7, 499,2
352,0, 505,6
341,8, 501,2
318,9, 472,7
311,6, 465,7
275,6, 420,1
78,8, 313,1
89,7, 337,5
113,0, 345,6
218,6, 154,9
169,2, 210,4
107,7, 327,5
111,8, 326,1
110,5, 298,9
96,8, 295,3
93,7, 294,5
104,0, 264,7
105,2, 261,5
110,8, 247,5
103,9, 235,0
93,1, 233,5
90,1, 237,7
93,0, 239,0
98,5, 237,4
95,6, 238,4
101,5, 237,3
101,3, 248,7
109,9, 271,9
109,9, 271,9
117,3, 271,2
196,7, 264,3
395,4, 246,0
484,3, 269,3
654,2, 315,1
647,9, 312,6
682,9, 332,5
971,9, 445,1
969,2, 445,4
833,8, 417,0
732,1, 379,6
662,8, 340,5
-94,0, 333,2
-100,1, 336,0
-108,9, 333,0
-106,9, 330,0
-108,0, 330,7
-106,4, 328,0
-84,3, 333,8
-84,7, 334,8
-33,7, 370,7
33,1, 403,2
64,3, 423,6
73,9, 434,3
87,3, 443,6
91,2, 443,1
91,4, 428,0
97,7, 434,3
103,3, 434,9
173,1, 776,9
182,2, 797,4
220,9, 894,6
330,2, 1127,7
332,8, 1129,2
344,1, 1130,8
350,0, 1132,1
350,6, 1132,4
362,2, 1127,8
351,2, 1117,1
312,6, 1087,4
212,8, 810,9
204,5, 781,6
177,9, 698,2
180,2, 696,7
214,7, 722,7
220,9, 721,9
219,1, 720,6
259,7, 741,1
330,6, 790,0
382,1, 851,4
387,0, 839,0
400,2, 846,2
418,3, 868,4
420,1, 872,1
432,6, 880,4
440,6, 887,4
450,0, 890,7
454,8, 885,2
457,6, 885,5
462,6, 886,3
485,4, 897,4
534,6, 901,8
588,6, 909,5
766,6, 931,9
1110,1, 975,8
1188,9, 985,6
1240,1, 990,1
1263,8, 977,0
1249,1, 964,0
1235,0, 957,1
1227,5, 953,3
1213,9, 948,1
1202,1, 943,9
1183,5, 935,5
1146,1, 898,5
1160,1, 884,2
1182,8, 877,2
1245,1, 868,9
2901,3, 903,7
2900,8, 906,3
2902,4, 880,8
2902,7, 871,8
2902,3, 878,4
2906,0, 880,2
2906,6, 886,6
2904,5, 897,4
2910,8, 888,0
2911,7, 887,4
2911,7, 888,5
2908,6, 896,1
2911,7, 894,0
2922,1, 880,0
2929,1, 872,7
2916,2, 886,6
2927,5, 869,6
2932,6, 874,7
2947,0, 870,9
2946,4, 870,2
2953,1, 868,0
2949,1, 860,9
2939,9, 860,1
2935,3, 864,8
2709,6, 886,6
2512,1, 928,4
2385,7, 956,0
2305,6, 991,6
2145,0, 1058,6
2141,2, 1061,1
1700,9, 1271,3
1707,0, 1264,1
1704,8, 1261,8
1692,9, 1264,0
1701,0, 1264,2
1700,3, 1265,3
1688,1, 1260,6
1692,0, 1255,6
1703,9, 1242,9
1702,0, 1235,5
1700,7, 1239,1
1699,0, 1195,2
1693,1, 1174,7
1674,8, 1093,7
1666,7, 1047,5
1670,9, 1045,1
1672,8, 1054,9
1676,2, 1049,0
1676,1, 1046,1
1676,4, 1045,3
1678,7, 1043,5
1677,3, 1047,1
1677,7, 1046,0
1676,6, 1046,6
1667,8, 1046,0
1666,4, 1046,2
1606,1, 1046,3
1411,9, 1012,5
1109,4, 983,1
1012,2, 981,7
615,8, 971,7
561,6, 969,5
539,2, 964,4
414,3, 964,9
376,3, 969,5
363,1, 966,5
279,1, 964,1
287,4, 964,1
289,3, 966,1
267,2, 953,9
273,9, 949,4
276,1, 948,2
248,7, 940,0
242,9, 937,9
243,0, 937,5
255,1, 937,5
259,1, 938,8
246,2, 947,7
242,8, 951,0
262,4, 947,6
253,8, 947,1
253,8, 950,2
323,1, 967,2
350,1, 972,4
360,2, 975,7
346,2, 975,2
358,5, 979,4
298,1, 977,2
322,3, 980,0
320,1, 982,6
288,9, 985,8
321,7, 983,8
306,3, 988,1
331,3, 997,6
328,9, 997,7
345,0, 997,8
326,4, 991,2
350,7, 987,1
341,0, 987,4
350,7, 989,4
321,4, 987,5
343,0, 986,1
332,0, 976,5
178,0, 863,8
166,1, 839,6
138,4, 804,1
94,1, 816,4
90,1, 818,5
115,5, 816,0
150,8, 840,9
160,4, 844,6
191,3, 854,5
196,8, 855,0
212,2, 864,7
236,1, 865,7
221,7, 865,3
271,9, 865,3
232,9, 854,5
258,8, 858,8
224,7, 855,0
252,0, 847,9
212,0, 848,5
239,8, 836,8
194,6, 842,5
151,4, 840,7
169,0, 840,4
381,4, 877,0
455,6, 893,4
903,7, 1067,8
1105,3, 1173,0
1214,8, 1225,5
1355,8, 1295,6
1337,7, 1283,1
1517,7, 1371,1
1548,9, 1380,4
1534,4, 1373,7
1621,9, 1412,0
1606,2, 1438,0
1619,9, 1413,3
1611,8, 1427,3
1609,3, 1435,2
1611,6, 1427,4
1611,1, 1430,8
1621,1, 1415,5
1621,9, 1415,0
1620,6, 1421,1
1615,5, 1426,8
1592,8, 1429,8
1581,1, 1431,4
1517,2, 1444,1
1545,4, 1437,6
1543,1, 1440,2
1518,8, 1448,3
1494,3, 1457,1
1492,2, 1453,4
1491,6, 1450,5
1492,9, 1448,8
1494,9, 1448,4
1497,8, 1447,4
1536,2, 1419,4
1533,5, 1422,8
2325,2, 962,7
2321,5, 969,4
2539,3, 867,2
2524,9, 876,0
2974,1, 642,4
2986,2, 633,4
3030,3, 610,2
3080,9, 580,4
3531,3, 342,8
3470,7, 377,9
3473,0, 382,0
3470,6, 386,2
3488,9, 378,9
3516,1, 327,0
3554,8, 289,6
3691,3, 179,4
3690,1, 183,8
3742,6, -124,3
3819,1, -247,7
3807,5, -248,4
3818,4, -246,1
3828,1, -244,1
3833,1, -273,7
3835,4, -286,8
3835,4, -286,8
2948,8, -119,8
2514,8, -30,0
2075,2, -50,4
1972,3, -37,8
1938,5, -33,3
1740,7, -19,7
1306,6, 28,7
1250,5, 35,9
-604,5, -215,6
-573,4, -165,4
-498,5, -132,9
-501,9, -120,4
-439,0, -144,3
-445,6, -98,9
-426,8, -85,3
-427,0, -73,8
-419,6, -67,1
-387,2, -62,3
-375,1, -61,1
244,4, -85,9
392,4, -55,3
491,0, -28,3
699,5, 37,1
1089,1, 159,4
1215,7, 205,9
1283,4, 219,5
1488,8, 263,8
3162,7, 582,0
3155,3, 587,1
3163,3, 579,3
3177,3, 586,3
3174,4, 589,3
3182,0, 579,4
3184,6, 574,7
3192,3, 567,3
3193,0, 564,6
3182,9, 571,1
3180,9, 573,3
3173,8, 578,8
3160,6, 587,9
3129,1, 620,4
3121,2, 644,1
3111,9, 648,4
3112,9, 659,1
3106,0, 681,9
3032,5, 687,2
3030,0, 687,0
3038,3, 685,5
3079,1, 672,2
3073,7, 652,9
3057,6, 638,9
3061,5, 639,4
3078,2, 626,4
3149,2, 642,2
3116,9, 632,0
3147,4, 627,8
3142,9, 632,6
3167,4, 630,2
3346,8, 724,0
3420,7, 773,3
3418,8, 787,2
3381,2, 808,9
3447,1, 812,5
3411,7, 824,5
3414,1, 824,4
3408,0, 834,2
3370,3, 842,5
3323,4, 876,7
3273,9, 888,2
3291,8, 886,3
3267,8, 903,3
3219,9, 914,3
3249,1, 903,0
3144,0, 921,6
3194,8, 909,5
3210,1, 905,3
3150,2, 913,9
3288,9, 884,7
3251,6, 896,1
3223,5, 903,2
3263,5, 904,2
3224,2, 912,1
3149,1, 914,6
3074,0, 912,3
2560,8, 894,9
2508,7, 877,9
2339,9, 856,4
2308,9, 851,0
2110,2, 825,0
1773,3, 769,6
1738,9, 763,8
1708,0, 749,1
1692,1, 725,7
1691,1, 722,7
1690,4, 721,0
1682,2, 716,1
1671,4, 705,0
1610,1, 670,5
83,6, 612,9
101,7, 629,3
95,9, 641,3
102,9, 638,6
90,9, 633,0
78,5, 624,7
74,5, 628,4
82,2, 629,4
94,1, 632,1
195,1, 684,5
246,0, 711,6
246,3, 715,2
151,6, 784,0
142,7, 792,8
74,1, 809,8
64,0, 810,8
52,8, 814,7
50,2, 811,6
45,9, 809,1
33,9, 794,5
13,4, 778,7
63,2, 787,4
236,3, 853,6
257,9, 868,1
339,5, 903,5
340,9, 903,5
380,5, 882,7
371,9, 894,1
371,9, 891,4
375,4, 876,8
373,7, 867,9
373,8, 864,4
372,8, 860,4
374,2, 865,2
368,1, 880,0
371,7, 885,0
392,3, 879,7
386,8, 882,3
437,4, 905,5
454,1, 917,1
459,4, 921,2
473,7, 933,2
475,0, 931,5
463,1, 924,5
456,6, 919,3
432,3, 902,9
419,4, 898,5
387,8, 874,4
369,4, 863,2
334,2, 836,5
267,9, 784,8
246,1, 768,3
236,7, 753,6
223,2, 726,7
213,5, 716,8
195,3, 710,3
187,4, 706,9
192,9, 695,1
191,7, 692,5
196,8, 697,2
201,3, 696,4
199,3, 694,5
199,1, 690,9
203,6, 686,6
205,6, 687,2
227,7, 683,3
226,9, 684,0
236,1, 686,1
265,9, 714,8
262,1, 705,0
274,7, 854,8
220,4, 870,9
219,3, 872,3
215,4, 858,9
192,4, 831,7
184,3, 829,8
180,6, 828,5
183,9, 854,1
182,9, 837,9
194,3, 845,4
209,3, 848,2
220,9, 858,3
220,8, 859,4
225,4, 863,9
230,8, 870,6
251,2, 893,9
267,1, 899,6
268,5, 900,5
254,7, 893,4
253,9, 892,3
253,6, 890,7
253,5, 890,9
119,7, 1004,1
107,4, 1010,8
109,5, 1012,3
110,5, 1039,2
100,3, 1043,9
116,7, 1064,9
120,6, 1059,8
114,0, 1047,9
107,8, 1037,2
100,2, 1021,7
107,2, 1031,2
67,7, 1016,0
48,7, 1007,8
5,7, 1002,9
5,4, 1001,2
13,6, 1000,8
13,6, 998,5
19,2, 997,4
40,2, 1000,8
53,6, 982,1
49,6, 983,2
50,9, 978,7
236,8, 782,8
148,3, 881,0
169,7, 861,8
190,9, 925,1
568,9, 832,2
792,7, 842,5
911,0, 863,1
1215,1, 877,4
1435,1, 882,0
1689,6, 890,6
1801,3, 906,4
1626,8, 775,2
1626,8, 775,2
1626,8, 775,2
1995,9, 103,2
2907,9, 260,3
3261,3, 584,8
3241,3, 589,4
3228,4, 592,0
3228,4, 587,1
3234,9, 583,8
3235,4, 582,6
3190,8, 591,4
3195,2, 578,9
3193,7, 581,6
3596,0, 231,7
3200,3, 444,4
3385,7, 329,4
3267,2, 391,0
3395,0, 320,2
3502,2, 266,7
3511,3, 270,5
3493,6, 288,3
3211,1, 433,3
3180,4, 449,0
3124,3, 479,8
3122,1, 495,6
3109,1, 500,4
3073,5, 515,9
3064,2, 510,0
3064,2, 510,0
3054,4, 438,1
3046,3, 415,6
3048,7, 417,0
3042,5, 426,8
3044,3, 446,6
3058,3, 502,9
3330,1, 499,5
3301,8, 503,9
3166,3, 613,4
3152,1, 623,3
3087,4, 635,1
3077,8, 645,5
3077,8, 651,6
3088,2, 647,0
3087,1, 654,2
3071,0, 701,1
3096,4, 588,0
3363,2, 463,9
3241,4, 512,8
3279,4, 490,1
3226,5, 502,7
3298,7, 467,5
3210,4, 534,4
3289,2, 498,8
3246,3, 529,2
3313,7, 490,6
3211,1, 547,4
3136,6, 565,8
3143,2, 562,5
3172,9, 555,7
3057,3, 520,9
2957,5, 502,2
2641,8, 495,9
2347,6, 517,8
940,8, 580,9
776,1, 558,4
573,7, 526,2
578,5, 554,3
505,9, 560,1
468,2, 589,9
298,5, 606,1
287,5, 631,8
287,7, 717,6
275,1, 737,8
271,8, 732,0
310,8, 703,3
330,9, 683,1
400,9, 660,7
410,3, 662,6
411,8, 665,1
405,8, 646,9
405,3, 634,3
402,7, 640,4
400,4, 629,2
405,1, 623,1
409,6, 615,0
401,5, 605,3
415,1, 599,8
416,7, 599,1
411,0, 606,2
410,6, 606,6
378,7, 516,3
387,1, 543,2
356,3, 550,3
350,2, 542,7
382,3, 642,4
396,5, 634,0
619,3, 668,0
724,0, 679,4
886,0, 697,7
1071,0, 709,4
1379,7, 688,9
1445,0, 681,2
1660,9, 620,3
1691,2, 608,9
1828,5, 566,2
1931,6, 489,6
1935,9, 504,3
1992,5, 416,2
2022,7, 361,0
2042,1, 315,9
2050,1, 299,6
2056,0, 278,8
2084,3, 204,5
2100,3, 176,6
2100,8, 176,3
2103,7, 173,2
2102,6, 167,6
2106,7, 138,1
2086,7, 181,0
2049,8, 259,5
2014,1, 356,8
1937,0, 596,6
1936,1, 640,0
1865,0, 986,6
1869,2, 1000,6
1870,7, 1028,6
1881,4, 1141,1
1897,7, 1280,0
1897,6, 1290,0
1905,7, 1351,5
1903,7, 1363,9
1903,2, 1376,8
1915,1, 1374,9
1909,4, 1375,6
1922,4, 1374,3
1936,0, 1407,8
1933,9, 1406,9
1939,1, 1409,5
1938,9, 1407,8
1941,2, 1426,4
1938,1, 1426,0
1918,9, 1416,3
1838,1, 1423,2
1785,9, 1435,4
1759,0, 1441,9
1729,3, 1443,0
1720,0, 1446,0
1707,1, 1445,6
1697,4, 1448,8
1692,0, 1446,3
1672,1, 1438,1
1666,6, 1438,1
1670,6, 1438,1
1684,0, 1453,1
1697,8, 1449,2
1701,7, 1447,4
1710,8, 1442,6
1716,9, 1436,5
1715,6, 1433,6
2917,2, 793,6
3374,9, 468,9
3423,8, 435,2
3498,0, 394,8
3518,0, 384,4
3645,8, 312,9
3672,1, 305,0
3671,7, 306,7
3668,1, 305,5
3645,7, 288,4
3679,0, 249,8
3683,5, 250,6
3664,6, 279,0
3697,9, 273,3
3570,5, 128,9
3569,0, 126,0
3571,9, 123,9
3550,7, 120,5
3572,0, 119,4
3560,4, 124,3
3560,3, 125,5
3563,1, 125,5
3581,1, 91,2
3592,7, 85,4
2902,3, -10,8
221,6, 1179,8
986,4, 657,0
2924,7, 1086,5
2086,4, 833,4
1823,9, 1362,3
1934,2, 2135,7
1741,0, 2062,4
1860,0, 2657,8
-312,6, -134,1
-321,7, -159,8
-321,7, -159,8
-317,9, -153,3
-317,9, -153,3
-318,3, -154,0
-286,6, -123,9
-227,8, -64,0
-137,8, 235,0
170,4, 386,9
129,2, 338,8
88,0, 357,6
80,4, 360,4
68,5, 366,0
58,2, 377,4
89,5, 429,3
178,5, 472,3
179,6, 496,7
285,0, 475,4
511,9, 518,8
445,7, 514,8
936,7, 482,6
1119,0, 465,8
1182,9, 459,0
1290,6, 440,4
1292,6, 433,4
1313,0, 423,2
1405,7, 385,1
1412,2, 280,3
1396,7, 102,1
1404,0, 49,2
1403,9, 12,6
1410,1, -15,1
1412,2, -14,1
1427,6, -12,7
1433,7, -23,3
1441,2, -66,3
1469,3, -54,9
1517,9, -40,3
1514,4, -41,0
1530,5, -43,7
1538,8, -63,9
1569,3, -86,7
3535,9, 213,9
3558,1, 213,3
3558,1, 213,3
3690,6, 106,0
3741,9, 61,8
3741,2, 64,7
3774,9, 33,7
3775,0, 33,4
3718,6, 77,2
3720,5, 70,2
3768,3, 36,2
3793,1, 11,6
3808,4, 6,9
3787,7, 26,2
3527,6, 251,2
3313,1, 455,0
3297,2, 471,6
3283,4, 486,7
3246,8, 526,4
3234,7, 526,9
3214,0, 540,4
3219,4, 549,1
3221,7, 553,1
3236,8, 539,8
3315,3, 447,5
3323,6, 442,3
3330,9, 434,9
3340,9, 447,6
3340,9, 448,3
3332,5, 436,9
3327,8, 445,2
3333,6, 437,9
3334,8, 439,0
3320,4, 448,1
3260,4, 482,8
3212,7, 488,5
3200,5, 483,9
3102,3, 453,8
2701,9, 587,1
2471,4, 643,4
2156,3, 709,8
1989,7, 735,0
1933,7, 742,6
2004,1, 713,5
1886,1, 657,4
1885,7, 635,6
1879,3, 622,0
1852,8, 604,1
1768,8, 536,9
733,9, 145,0
639,3, 93,0
-257,0, 47,4
-273,8, 38,5
-255,3, 34,1
-243,1, 23,0
-240,3, 21,1
-238,8, 23,2
-55,2, 339,3
-2,0, 444,4
118,1, 579,9
134,4, 584,4
140,3, 592,4
148,6, 587,1
148,6, 588,7
235,3, 640,6
252,7, 652,1
261,4, 657,8
299,9, 672,3
319,0, 682,2
328,5, 673,9
325,7, 678,1
326,1, 679,1
327,8, 671,4
332,6, 664,6
347,8, 640,7
355,9, 628,5
361,4, 618,0
359,8, 619,2
356,3, 620,9
362,0, 608,7
362,9, 589,7
362,1, 590,2
361,9, 583,5
358,8, 585,1
358,3, 575,6
359,7, 574,6
363,9, 572,3
365,3, 570,8
366,7, 569,9
373,1, 565,3
371,8, 565,3
371,2, 563,5
371,3, 562,7
362,5, 557,6
342,5, 547,4
323,3, 534,9
318,7, 521,7
312,2, 511,1
339,4, 524,5
623,1, 620,2
918,7, 710,2
952,7, 720,3
1033,0, 744,7
1059,8, 751,8
1083,3, 753,8
1094,2, 747,7
1096,8, 742,5
1098,1, 743,1
1096,1, 723,0
1097,7, 695,1
1114,0, 661,9
1097,4, 649,1
1395,2, 602,7
3036,2, 1032,9
2989,7, 1025,5
3005,6, 1029,1
3008,6, 1034,1
3002,5, 1041,1
2996,6, 1050,4
2985,3, 1063,5
2978,3, 1061,9
2975,1, 1061,8
2970,2, 1062,6
2965,0, 1062,1
2957,9, 1061,0
2950,0, 1062,6
2950,0, 1063,2
2946,5, 1060,4
2943,9, 1060,2
2940,9, 1068,5
2936,9, 1074,4
2942,5, 1082,2
2942,2, 1080,0
2944,2, 1080,0
2941,7, 1080,8
2939,8, 1077,8
2945,5, 1046,0
2832,2, 1066,6
2453,5, 1174,9
1989,1, 1270,2
1979,8, 1276,1
1839,0, 1304,2
1823,6, 1316,3
1784,1, 1335,8
1775,8, 1316,5
1776,3, 1309,0
1776,8, 1303,5
1779,2, 1304,1
1782,6, 1300,2
1781,4, 1311,4
1783,0, 1317,2
1782,9, 1319,8
1775,8, 1321,5
1776,7, 1303,5
1786,6, 1330,2
77,0, 1140,6
-73,3, 1106,4
-14,2, 1115,2
113,2, 1135,8
102,7, 1134,0
105,2, 1134,4
160,1, 1147,3
185,0, 1150,7
133,4, 1138,7
-58,2, 1036,2
-86,5, 1016,0
-155,9, 969,6
-143,9, 982,4
-4,3, 1010,1
-41,8, 1003,0
-53,5, 1017,2
43,8, 1046,1
75,3, 1057,7
146,3, 1076,3
130,7, 1072,7
139,5, 1075,2
175,2, 1080,4
185,1, 1081,9
165,6, 1083,2
173,6, 1083,9
165,2, 1085,0
192,4, 1084,9
199,4, 1085,0
177,2, 1081,0
204,7, 1079,2
235,1, 1078,5
185,7, 1078,1
200,4, 1078,4
218,6, 1078,3
268,4, 1084,8
271,0, 1088,5
200,4, 1080,1
197,2, 1078,5
156,3, 1073,1
162,4, 1077,0
206,3, 1078,4
219,9, 1081,7
177,3, 1078,0
248,9, 1063,3
216,0, 1064,2
190,4, 1059,9
147,4, 1032,4
204,4, 1034,4
185,5, 1032,6
234,1, 1037,3
173,7, 1037,4
214,7, 1039,0
165,6, 1037,9
209,5, 1038,1
166,3, 1024,9
160,6, 1024,2
175,0, 1023,8
192,8, 1007,4
176,9, 1021,3
162,2, 1011,1
70,4, 989,1
109,0, 992,5
78,5, 986,6
18,2, 980,1
64,2, 989,3
33,6, 988,0
95,3, 996,1
218,9, 977,8
233,2, 979,1
963,3, 862,6
971,4, 862,2
1142,0, 843,9
1433,5, 803,2
1629,4, 779,2
1821,4, 755,8
1902,4, 737,8
1890,5, 732,7
1911,4, 707,6
2015,2, 637,8
2034,0, 631,4
2047,6, 634,0
2048,2, 639,4
2049,1, 639,3
2046,8, 639,0
2044,0, 636,1
2049,8, 641,2
2050,0, 642,5
2049,0, 630,3
2046,2, 620,5
2047,0, 616,9
2047,9, 616,5
2048,2, 616,8
2048,2, 132,4
2050,3, 51,6
2052,3, 38,4
2053,1, 4,8
2052,3, -23,8
2076,5, -15,0
2066,5, -19,6
2062,4, -16,6
2064,1, -17,4
2064,5, -36,1
2066,0, -32,9
2094,1, -55,6
2144,8, -76,1
2335,2, -92,0
2375,4, -34,7
2371,1, -27,7
3379,8, 22,0
3379,8, 22,0
3383,7, 20,7
3407,0, 12,3
3405,9, 13,6
3389,9, 21,6
3388,3, 7,4
3564,1, -49,7
3540,1, -56,0
3537,2, -62,1
3579,1, -87,0
3561,9, -86,9
3570,3, -88,4
3559,4, -82,9
3554,4, -79,1
3595,9, -111,5
3588,2, -102,1
3585,3, -102,9
3571,1, -104,6
3540,6, -112,9
3563,3, -106,9
3591,8, -117,0
3600,9, -132,4
3602,2, -126,8
3563,8, -105,0
3431,6, -192,8
3191,3, -148,6
2842,6, -56,8
2504,9, 52,2
2509,8, 44,3
2319,3, 69,4
2194,2, 104,2
2155,1, 117,4
2164,3, 113,9
2127,0, 115,7
2111,2, 119,8
2117,8, 120,5
2105,6, 123,2
1623,4, 171,2
1770,2, 155,9
1628,3, 176,6
1276,3, 217,3
1088,8, 246,2
843,7, 260,7
667,8, 265,9
532,1, 266,9
425,5, 247,7
418,9, 239,6
428,5, 240,6
441,6, 248,8
481,4, 270,1
395,4, 242,6
-162,5, 33,7
-223,5, 7,6
-229,7, -6,8
-257,1, -40,5
-301,4, -64,0
-302,0, -53,9
-306,4, -50,5
-295,1, -53,0
-286,8, -52,2
-237,3, 825,9
-270,7, 800,1
-288,6, 786,3
-296,7, 791,1
-338,5, 792,6
-330,2, 792,2
-279,7, 802,2
-292,8, 804,0
-146,6, 848,1
2,5, 899,7
238,5, 982,1
294,0, 1004,5
312,6, 1013,2
307,3, 1011,1
315,5, 1014,5
330,7, 1016,1
367,9, 1005,7
368,5, 1005,4
892,6, 1221,8
996,8, 1272,8
1036,2, 1298,5
1044,5, 1345,5
805,0, 1381,3
721,1, 1385,4
456,9, 1388,0
399,7, 1392,6
336,7, 1394,2
328,7, 1389,7
304,3, 1381,3
302,8, 1378,7
316,8, 1372,7
287,0, 1372,9
210,8, 1378,0
229,5, 1376,1
185,6, 1380,6
126,0, 1394,9
127,0, 1394,5
60,1, 1415,3
59,7, 1414,8
49,8, 1420,1
39,6, 1426,9
44,9, 1432,7
72,2, 1421,8
34,5, 1433,3
49,3, 1434,5
38,9, 1433,8
37,3, 1432,2
41,6, 1424,9
60,2, 1418,8
157,1, 1432,9
166,9, 1422,4
182,7, 1402,0
178,1, 1399,1
188,7, 1422,7
179,2, 1340,7
159,6, 820,1
176,3, 789,8
182,0, 739,8
165,9, 681,3
163,2, 658,4
180,2, 697,7
205,4, 692,0
188,0, 699,9
265,2, 730,3
393,1, 791,7
422,5, 815,5
978,4, 1028,9
1128,1, 1090,7
1203,3, 1120,8
1309,4, 1160,7
1501,7, 1232,5
1490,1, 1208,9
1521,4, 1196,9
1520,2, 1192,9
1516,9, 1187,7
1483,6, 1131,4
1483,6, 1130,3
1481,1, 1128,3
1478,5, 1122,4
1479,6, 1122,2
1476,2, 1118,5
1476,0, 1119,8
1468,8, 1131,2
1434,0, 1167,2
1223,5, 1394,8
1015,1, 1829,6
1019,9, 1823,6
1004,2, 1858,9
801,0, 2311,9
784,9, 2366,4
786,3, 2367,2
782,1, 2385,7
778,2, 2373,6
780,3, 2375,0
785,9, 2366,6
784,7, 2367,4
796,1, 2360,3
759,9, 2358,1
759,6, 2353,0
697,7, 2328,0
686,1, 2329,1
678,6, 2326,8
666,7, 2344,0
665,3, 2345,3
666,3, 2337,9
669,9, 2320,5
672,7, 2310,2
669,6, 2306,3
667,5, 2308,9
654,8, 2316,7
648,1, 2322,2
656,0, 2320,9
654,2, 2279,3
659,9, 2268,5
660,5, 2257,8
663,5, 2251,7
672,5, 2260,6
676,9, 2259,2
698,2, 2245,6
6