
1366,3, 1045,7
1284,5, 976,1
666,2, 382,9
1269,0, 943,0
1200,5, 879,5
1192,8, 869,1
1271,8, 956,9
1280,6, 937,4
1739,2, 811,9
1577,6, 758,5
2525,0, 1444,5
2840,9, 1678,4
2989,2, 1638,5
3500,7, 1633,1
3652,4, 1634,5
3784,5, 1644,4
3765,1, 1648,3
2455,8, 1630,9
2486,4, 1692,5
1963,7, 1392,8
1625,0, 984,9
1680,0, 1329,4
1587,1, 1184,9
1484,8, 1034,2
1462,4, 1019,8
1441,7, 1013,6
1445,2, 1020,4
1210,8, 982,4
809,7, 1143,8
799,5, 1148,4
1014,4, 684,0
1134,2, 754,8
1148,0, 752,0
1117,4, 724,9
1108,2, 718,5
2409,6, 1712,2
1827,1, 1511,0
1823,0, 1517,0
1826,1, 1518,4
1825,6, 1506,6
1824,3, 1501,8
2396,7, 1715,7
2423,2, 1699,0
2419,1, 1705,8
2368,0, 1749,7
2368,0, 1749,7
2368,0, 1749,7
2386,7, 1777,0
2375,2, 1769,5
2380,6, 1781,7
2387,5, 1789,9
2371,6, 1779,5
2377,8, 1771,8
2375,0, 1780,5
2357,2, 1769,1
2350,9, 1762,6
2346,2, 1774,3
2341,8, 1771,0
2341,7, 1770,9
2341,8, 1815,0
2332,8, 1806,5
2332,8, 1806,5
2328,7, 1803,0
2329,4, 1803,6
2294,4, 1808,2
2284,1, 1891,3
2283,7, 1901,0
2256,2, 1901,3
1778,0, 1669,4
1789,0, 1673,8
1781,7, 1651,3
1773,8, 1674,4
1771,4, 1704,3
2195,6, 2096,9
2291,6, 1681,5
1643,9, 1149,2
1260,8, 836,0
1053,2, 666,0
1511,2, 1047,0
1463,3, 1006,7
1583,3, 1102,4
1610,2, 1127,3
1597,5, 1115,1
1551,2, 1076,3
1278,5, 844,1
1207,2, 1041,7
1213,7, 1241,2
1105,0, 1276,8
1014,0, 1309,7
840,6, 1279,0
959,8, 1331,5
961,5, 1337,4
1680,4, 1646,8
1679,3, 1642,1
1608,9, 1589,7
1870,7, 1705,0
1567,4, 1505,6
1436,3, 1390,9
1490,7, 1405,8
1290,8, 1216,5
1403,0, 1286,6
1630,8, 1415,1
1818,9, 1563,5
1929,8, 1647,3
1956,4, 1669,4
1965,3, 1679,1
1958,4, 1681,5
1952,6, 1682,3
1937,3, 1682,9
1943,3, 1678,0
1939,6, 1665,4
1938,9, 1662,4
1934,5, 1661,8
1934,4, 1661,5
1932,2, 1667,1
1924,8, 1677,4
1926,7, 1683,8
1929,1, 1678,5
1929,9, 1674,8
1929,6, 1673,3
1922,9, 1671,6
1921,0, 1671,5
1919,7, 1661,1
1923,8, 1651,8
1932,0, 1660,2
1933,5, 1662,4
1932,1, 1662,4
1919,8, 1667,6
1913,6, 1660,8
1913,4, 1661,2
1915,8, 1664,1
1413,6, 1276,2
1477,8, 1326,6
1255,0, 1154,1
1585,0, 1419,4
1308,5, 1200,1
1594,5, 1423,0
1389,8, 1261,1
1559,1, 1383,8
1287,5, 1160,5
1654,6, 1519,3
1710,3, 1579,0
1678,2, 1682,6
1603,1, 1705,9
1599,8, 1658,8
1633,4, 1688,7
2288,0, 1882,9
2297,9, 1877,5
2298,6, 1875,4
2297,5, 1875,3
1638,2, 1687,9
1320,3, 1491,2
140,4, 881,1
470,2, 1085,5
228,5, 939,7
540,3, 1131,2
529,4, 1098,0
489,8, 1039,8
826,1, 1212,9
1420,7, 1139,5
2212,8, 960,4
2484,0, 935,4
2550,4, 922,8
2550,8, 715,5
2542,4, 417,7
2555,0, 411,9
2588,4, 323,6
2655,1, 245,6
3278,6, 261,9
3204,9, 199,7
3217,3, 183,5
3228,7, 170,8
3229,5, 169,7
3235,0, 163,6
3246,0, 153,1
3268,3, 137,8
3326,2, 91,3
3268,4, 108,1
1518,6, 1341,2
1504,0, 1345,1
1622,7, 1297,3
1911,9, 1363,7
2106,5, 1578,4
2161,7, 1422,3
2151,0, 1410,3
2155,4, 1402,1
2155,0, 1402,9
2127,5, 1456,0
2108,8, 1438,8
2085,3, 1458,0
2134,5, 1475,2
2125,9, 1474,1
2126,6, 1562,3
2209,7, 1724,7
2186,7, 1695,5
2172,1, 1644,7
2222,2, 1597,5
2232,1, 1613,2
2226,4, 1624,6
2138,9, 1563,9
2164,4, 1587,6
2219,1, 1662,2
2211,6, 1652,9
2227,5, 1671,9
2166,1, 1651,0
2152,1, 1648,0
2113,7, 1615,8
2108,0, 1611,9
2134,6, 1619,0
2142,4, 1619,7
2130,1, 1630,3
2170,3, 1665,0
911,6, 1294,7
756,4, 1272,8
638,6, 1257,8
646,0, 1272,7
873,8, 1374,5
847,5, 1369,3
749,6, 1341,6
722,4, 1330,7
738,2, 1329,0
814,0, 1334,7
877,9, 1481,9
2431,1, 2425,8
2523,7, 2506,1
2548,3, 2554,2
2535,8, 2614,7
2462,3, 2329,0
2568,5, 2507,0
2527,4, 2499,2
1743,4, 3163,0
2187,6, 2482,1
2073,6, 2530,4
2066,5, 2613,6
2043,6, 2701,1
1923,6, 2847,1
1756,1, 3098,5
1848,4, 2894,0
1962,0, 2623,7
1860,5, 2753,1
1478,0, 3129,9
1226,5, 3210,3
1196,8, 3043,4
1011,2, 3081,7
820,6, 3156,6
868,5, 3084,4
1269,5, 3056,3
1531,6, 2975,1
1674,0, 2762,3
1627,2, 2794,2
1668,5, 2774,7
1908,3, 2717,4
1912,4, 2711,7
1996,1, 2622,6
2099,1, 2575,6
2050,9, 2428,1
2018,3, 2443,6
2030,3, 2434,3
1889,7, 2586,3
2119,8, 2645,7
2471,0, 2648,3
2617,9, 2647,8
2625,3, 2672,0
2658,5, 2636,9
2673,3, 2621,3
1903,3, 1033,2
1363,8, 1118,9
1313,3, 1112,6
1053,2, 2692,1
1,8, 758,8
-43,7, 922,6
-70,6, 914,7
-77,9, 922,3
-56,0, 926,4
-38,6, 868,4
-54,2, 851,0
-49,1, 847,9
-75,6, 1170,1
97,4, 969,9
97,4, 969,9
97,4, 969,9
1541,6, 1225,6
1494,7, 1282,8
1457,8, 1327,9
1425,4, 1401,4
1424,4, 1403,7
972,0, 1527,9
886,3, 1561,2
344,5, 1209,4
452,5, 1515,3
463,7, 1542,5
345,1, 1340,0
326,1, 1287,5
333,8, 1278,9
331,1, 1278,4
321,6, 1276,6
289,1, 1368,9
289,5, 1371,2
268,6, 1428,7
93,0, 1422,8
45,9, 1277,1
39,9, 1355,6
37,7, 1380,4
60,5, 1660,4
60,5, 1660,4
-66,4, 1500,1
-66,4, 1500,1
-66,3, 1506,2
-66,3, 1508,2
-66,1, 1514,6
-5,4, 1487,1
-8,1, 1530,7
22,3, 1527,1
68,1, 1521,8
37,0, 1527,9
2909,9, 2026,1
507,7, 1452,4
373,6, 1194,6
323,3, 1162,9
297,1, 1146,4
278,1, 1136,1
254,5, 1157,0
250,0, 1287,2
2258,5, 3232,5
1782,6, 3408,5
1782,6, 3408,5
1967,0, 3459,4
1983,4, 3464,0
1994,2, 3466,9
703,8, 1729,3
258,7, 1254,5
116,6, 1045,7
272,0, 1208,6
295,3, 1201,0
196,2, 1120,0
467,2, 1411,2
807,2, 1915,7
1014,7, 2281,7
933,0, 2139,4
1060,9, 2413,7
775,3, 1974,8
601,8, 1712,8
601,7, 1712,8
634,6, 1696,0
895,9, 1657,2
1035,0, 1734,2
1068,3, 1762,0
1012,9, 1697,3
987,9, 1667,8
949,3, 1626,8
939,2, 1615,9
910,6, 1587,8
893,8, 1558,9
867,1, 1520,5
866,3, 1512,8
868,8, 1505,4
863,7, 1503,6
1573,8, 1737,6
1262,4, 1669,8
1216,0, 1463,4
1264,9, 1422,1
2487,5, 2034,7
2296,3, 1209,9
2293,2, 1214,7
2225,5, 1240,1
2266,7, 1203,1
2264,7, 1216,3
2284,1, 1272,0
2311,5, 1273,5
2322,0, 1256,1
2311,1, 1269,3
2301,5, 1271,7
2201,0, 1276,4
2224,0, 1253,4
2241,4, 1247,8
2310,2, 1189,2
2407,2, 1136,4
2433,5, 1122,5
2423,5, 1222,6
2424,1, 1221,5
2392,2, 1229,6
2300,8, 1257,7
2433,1, 1069,9
2440,8, 1053,1
2364,5, 957,8
2288,5, 858,9
1302,4, 1121,0
885,9, 1435,7
856,2, 1567,0
3442,9, 1227,1
3218,2, 1250,7
3216,5, 1268,4
3244,9, 1271,6
3228,2, 1276,5
3195,8, 1277,2
3193,9, 1278,0
3207,7, 1280,8
3254,1, 1287,2
3466,1, 1258,1
3659,3, 1176,1
3898,1, 1116,3
3892,7, 1013,8
69,8, 729,4
300,8, 812,2
449,4, 2180,0
1274,3, 674,2
3062,7, 857,3
3256,3, 838,2
3403,2, 822,7
3402,5, 848,2
3406,1, 850,0
3406,1, 851,4
3413,0, 803,1
3426,3, 784,7
3450,6, 775,0
3485,4, 765,2
3805,6, 610,4
3809,4, 602,1
3890,9, 532,3
3975,5, 484,0
3833,6, 576,8
3749,1, 635,5
3855,0, 533,1
3762,4, 639,2
3795,4, 607,0
3789,4, 624,3
3794,0, 569,1
4272,5, 746,1
5065,0, 441,2
1296,3, 2922,2
4074,7, -250,8
683,8, 1115,6
736,7, 1109,2
736,7, 1109,2
1973,3, 600,8
1979,0, 595,8
2026,0, 548,5
1962,8, 565,0
1975,9, 545,7
2001,7, 534,3
1997,1, 530,5
1939,1, 490,4
1921,4, 494,4
1790,4, 515,2
1175,0, 700,0
1217,4, 597,6
304,6, 879,5
343,6, 302,1
56,6, 474,6
56,6, 474,6
2210,8, 1936,1
1603,5, 1946,4
1615,0, 1925,3
1947,7, 1844,2
2096,5, 1800,0
2565,9, 1659,7
2064,0, 1843,3
2220,7, 1797,2
2057,9, 1779,7
2116,9, 1735,0
1993,1, 1713,0
1831,9, 1730,4
2907,1, 1444,1
-745,8, 258,2
-635,2, 242,3
150,9, 835,4
1414,7, 1505,6
1515,2, 1562,5
1556,1, 1572,9
1603,5, 1597,0
1682,1, 1666,6
2259,3, 1845,3
2464,6, 1873,1
2474,2, 1880,3
2435,6, 1856,7
2464,0, 1885,3
2510,6, 1947,1
2511,4, 1947,1
2492,8, 1955,6
2453,4, 1960,7
1422,8, 1508,5
1126,8, 1345,3
1126,8, 1345,3
1664,6, 1969,1
1729,1, 1954,6
1845,5, 1938,1
1905,1, 1958,0
1964,6, 1976,3
2002,7, 1982,4
2066,6, 1983,2
2074,2, 1983,3
2084,4, 1987,2
2091,0, 1984,9
2104,5, 1985,9
2133,1, 1941,3
2140,8, 1934,5
2139,3, 1941,1
2149,3, 1944,0
2153,0, 1939,4
2176,1, 1912,4
2074,4, 1953,3
2081,3, 1963,1
2068,7, 1966,0
2065,3, 1966,7
1905,3, 1594,9
1873,2, 1653,7
2708,4, 1880,0
2886,0, 1897,3
2881,5, 1889,8
1512,5, 1355,5
1532,4, 1400,4
1671,2, 1809,0
1528,9, 1493,9
1675,1, 1825,8
1825,9, 1169,1
2463,6, 1310,5
1945,4, 1825,6
1098,3, 1235,8
934,0, 1161,2
845,6, 1125,7
1727,2, 1695,7
1885,9, 1797,9
1856,1, 1775,7
1650,8, 1171,5
1787,7, 1090,6
2007,3, 641,0
2150,6, 247,2
2916,0, 785,5
3164,0, 943,8
3160,5, 948,0
3086,9, 1104,8
2858,6, 1124,0
2824,2, 1103,4
2594,6, 1148,2
2646,3, 1132,7
2522,0, 1153,6
3133,1, 1085,3
3126,9, 1084,0
2926,4, 1069,4
2963,6, 1070,1
2996,3, 898,5
3058,7, 897,1
2924,6, 861,9
2916,8, 615,1
2890,5, 442,9
2168,4, 378,0
-6,2, 418,0
13,8, 405,3
2105,9, 1877,2
2095,0, 1885,9
2096,6, 1878,6
2116,3, 1868,7
2120,7, 1868,4
2118,8, 1870,7
2118,8, 1870,7
1995,4, 1544,8
1939,2, 1354,0
1913,8, 1288,2
1893,6, 1201,4
1898,1, 1035,2
1893,2, 1050,8
1883,1, 827,9
1895,3, 652,3
1883,1, 652,8
1799,7, 524,8
1541,8, 278,8
1354,6, 144,4
1350,1, 143,6
1664,6, 1349,6
1700,8, 1439,6
1032,8, 1485,7
1473,4, 1456,3
1211,2, 1506,9
1170,2, 1168,4
1275,5, 1186,8
1516,1, 1230,9
1536,8, 1235,7
1536,6, 1239,4
1523,7, 1250,8
1401,5, 1201,7
1305,8, 1047,6
1240,3, 958,1
1762,6, 744,3
1918,8, 807,5
2000,0, 842,1
2652,1, 1345,2
2587,5, 1475,3
2468,0, 1556,5
2426,1, 1562,2
2256,3, 1693,2
2182,7, 1779,9
2183,3, 1780,1
2154,7, 1843,3
2154,7, 1843,3
2154,7, 1843,3
2154,4, 1839,3
1983,8, 1637,3
1892,6, 1591,2
1769,3, 1527,1
1645,6, 1460,3
1329,2, 1282,7
1278,1, 1245,0
1212,4, 1229,1
1254,1, 1240,8
1120,7, 1194,3
1762,5, 1179,5
1456,0, 1131,0
1463,8, 1120,1
1447,7, 1122,2
1485,5, 1150,0
1455,3, 1117,3
1483,8, 1144,7
1385,1, 1057,0
1260,1, 947,7
1225,4, 908,6
1620,9, 914,4
1064,2, 1055,0
944,0, 1043,7
941,0, 1025,0
1006,5, 1938,6
1006,5, 1938,6
1879,3, 1641,2
1880,6, 1652,6
1880,6, 1652,6
1979,6, 1599,6
2012,5, 1598,2
2066,2, 1582,5
1938,0, 1172,3
1980,6, 1025,2
1921,5, 1013,0
1922,3, 947,7
1956,1, 805,9
2093,6, 874,6
2062,4, 803,6
2037,5, 784,1
2206,1, 2019,1
2200,5, 2046,2
2151,5, 1994,7
2151,5, 1994,7
1483,0, 1186,6
1249,3, 1202,6
1416,5, 1227,0
1555,2, 1236,0
1678,6, 1242,3
2189,9, 1279,2
2360,4, 1286,8
2563,3, 1266,3
2079,2, 1213,0
1712,9, 1234,0
1366,5, 1256,6
2039,4, 1480,2
2041,6, 1486,5
2462,2, 1711,1
2377,1, 1723,4
2104,3, 1770,5
2017,6, 1787,8
2014,8, 1788,8
2004,7, 1792,6
2012,9, 1793,6
2028,9, 1793,8
2032,0, 1803,1
2033,9, 1803,8
2036,8, 1800,3
2002,0, 1793,0
1989,0, 1798,4
1991,3, 1799,5
1931,2, 1344,1
1926,8, 1323,7
1896,9, 1312,3
1875,0, 1249,6
1875,5, 1250,0
1816,6, 1135,2
1818,5, -148,8
1818,5, -148,8
3008,2, 1546,0
2150,4, 1776,3
2122,8, 1726,0
2101,9, 1694,0
2093,9, 1693,2
2084,3, 1688,6
2094,7, 1674,5
1683,0, 961,5
2089,7, 1105,8
2474,2, 1097,8
2476,9, 1141,6
2194,3, 612,0
2343,5, 377,3
2260,0, 500,3
2168,7, 635,9
2263,5, 309,9
2454,3, 204,5
3020,5, -97,3
2904,4, -29,6
2974,8, -64,4
3235,0, -175,3
3257,6, -199,0
3265,9, -199,5
3283,6, -272,8
3299,4, -318,8
1661,2, 417,5
1643,7, 472,3
1642,5, 506,0
1641,9, 448,0
1641,9, 458,0
1435,2, 428,6
1449,6, 422,5
2223,5, 141,1
2881,8, 10,9
3050,5, -14,9
3150,9, -38,3
3256,7, -55,6
3454,8, -79,8
3467,8, -81,5
4183,9, -174,0
4178,5, -171,0
4179,6, -170,9
4161,4, -147,7
4161,2, -148,1
3956,6, 106,0
3977,3, 77,5
4000,2, 47,8
3853,7, -70,2
3273,5, 27,7
2908,7, 89,6
2283,0, 195,4
2064,4, 314,1
1920,2, 373,8
2013,0, 253,3
1953,4, 265,6
1615,2, 261,3
1546,8, 266,7
1154,7, 285,9
464,5, 292,3
436,1, 258,6
421,5, 260,8
409,2, 245,4
371,1, 177,3
388,0, 162,3
-19,1, 36,7
-19,1, 36,7
1193,3, 833,1
1165,0, 799,7
1147,4, 759,1
1213,6, 768,8
1360,8, 797,5
1773,8, 1254,9
1385,2, 999,5
1066,6, 706,2
1368,2, 996,7
1522,4, 1151,8
1429,3, 1082,1
1443,3, 1107,7
-722,5, 52,0
2093,4, 1817,3
2098,9, 1830,8
2102,7, 1834,6
2106,6, 1867,1
2269,0, 1786,7
2206,6, 1856,0
2178,7, 1843,9
2132,4, 1882,9
2128,3, 1922,6
2118,7, 1932,1
2129,5, 1919,9
71,3, 1978,5
1443,7, 1308,8
1459,3, 1291,9
1460,7, 1294,7
1461,7, 1296,7
1478,5, 1288,6
1481,6, 1287,1
1670,0, 1320,5
1956,7, 1233,7
1040,2, 1140,3
1463,3, 1769,6
948,0, 1279,0
1395,6, 1705,1
937,4, 1242,5
3587,1, 527,5
3638,4, 515,1
3667,0, 516,9
3678,3, 517,5
3687,5, 505,6
3708,1, 491,2
3735,6, 480,8
3746,5, 483,6
3787,5, 476,7
3810,3, 470,2
3841,5, 456,5
3837,8, 455,7
3830,7, 457,6
3829,4, 451,8
3821,3, 447,0
3860,4, 454,8
3869,5, 453,2
3936,2, 466,7
3863,1, 562,2
3847,2, 603,9
3772,6, 701,7
3822,3, 659,5
3875,7, 624,3
3915,5, 638,9
3875,7, 623,4
3717,7, 674,4
3761,4, 694,7
4035,5, 704,0
4003,3, 715,2
3394,8, 773,9
3374,8, 786,9
3267,0, 773,4
3176,5, 783,7
2908,0, 827,5
2910,8, 847,5
2810,6, 889,9
2850,9, 817,8
2677,7, 976,7
2705,4, 840,9
2669,1, 923,3
2363,7, 1146,2
2005,9, 1299,9
2105,4, 1241,5
2792,9, 1207,2
3053,9, 1107,4
3776,5, 716,3
3506,8, 883,9
3650,6, 778,0
3465,2, 890,7
3560,9, 789,5
3429,0, 843,3
3338,1, 883,2
3393,9, 841,0
2898,7, 1181,2
2860,8, 1032,0
2648,8, 940,3
2493,0, 961,7
2223,3, 1012,3
1727,7, 1155,1
1906,4, 1231,2
2183,2, 1400,1
2189,4, 1406,7
2182,0, 1404,0
2037,7, 1234,8
1984,6, 1232,7
1920,0, 1251,4
1948,4, 1237,1
1946,2, 1237,2
1912,7, 635,6
1858,2, 677,7
1825,7, 663,6
4055,3, 131,1
3263,5, 1339,9
1177,1, 2139,0
1706,7, 2175,6
1709,0, 2153,9
1686,5, 2161,8
1678,4, 2169,8
2045,8, 1940,5
2037,3, 1678,1
1960,8, 1271,9
1933,7, 1330,7
1745,0, 966,6
834,1, 1989,6
638,1, 2077,5
1508,7, 1979,8
1534,2, 2007,9
1546,1, 2026,9
1232,8, 1578,9
1327,9, 1675,9
1781,9, 1676,3
2102,3, 1667,1
1406,6, 967,7
1238,4, 819,3
1015,4, 522,6
947,6, 402,5
2189,9, 2422,8
1068,1, 1629,5
1508,1, 2092,4
1352,2, 2903,5
1532,6, 2809,5
2748,4, 478,0
2968,1, 1265,4
2749,0, 2102,3
2693,4, 2076,2
2164,2, 1620,7
1976,9, 1477,9
2289,9, 1828,8
2269,6, 1808,7
2322,5, 1845,7
2417,5, 1094,8
2127,2, 1052,9
2123,2, 1052,2
2188,4, 1053,6
2309,2, 1055,1
2480,0, 1060,8
2819,1, 1058,3
2769,3, 1052,5
2780,7, 1052,5
2808,4, 1048,5
2864,5, 1037,8
2900,9, 1028,2
2996,9, 996,3
3055,2, 969,2
3061,8, 958,8
3072,1, 953,5
3130,2, 946,8
3133,8, 943,2
3039,1, 976,4
2985,8, 994,5
2955,7, 1003,8
2734,5, 1086,3
2685,1, 1119,2
2666,8, 1156,6
2529,6, 1305,1
2469,3, 1362,5
2390,5, 1488,6
2384,6, 1498,0
2428,3, 1422,6
2425,5, 1425,7
2378,5, 1498,7
2383,0, 1477,1
2387,9, 1464,4
2374,9, 1476,5
2372,7, 1486,6
2672,5, 1063,4
2615,6, 554,2
2024,5, 870,4
2194,8, 750,3
2327,9, 732,5
2304,8, 748,7
1810,0, 1444,1
1892,6, 1470,5
2189,0, 1569,3
3171,3, 1904,0
3168,9, 1906,8
1765,1, 1523,3
1763,6, 1530,1
1763,6, 1528,5
1766,0, 966,7
2553,3, 870,4
2279,6, 998,4
938,1, 1022,1
1142,0, 1125,2
836,7, 1105,6
1322,9, 1596,2
1306,3, 1588,9
1675,1, 381,3
1601,3, 422,2
3364,7, 1390,6
2314,1, 883,9
1748,6, 940,2
2104,3, 1223,8
2262,5, 1590,0
2253,9, 1592,9
2059,0, 1596,9
1930,4, 1633,8
1660,7, 1647,8
2045,7, 1920,9
2057,7, 1894,5
2059,2, 1891,8
2704,9, 2102,4
2713,4, 794,6
2091,6, 1525,9
2352,7, 1393,4
2412,5, 1322,1
2766,2, 2160,5
1911,4, 1789,8
1750,1, 1665,3
1542,8, 1688,7
1578,8, 1791,8
1837,1, 2424,7
1776,6, 2376,2
2996,8, 1729,9
2572,5, 1808,7
2576,7, 1809,4
2580,9, 1796,6
2581,4, 1794,6
3483,3, 1543,4
3563,1, 1553,4
3640,8, 1589,6
3577,0, 1543,8
3647,9, 1499,6
3709,5, 1418,8
3668,5, 1376,5
3668,0, 1454,3
3605,0, 1509,5
3626,0, 1459,0
3645,6, 1428,7
3643,6, 1451,2
3632,1, 1416,7
3652,0, 1418,5
3581,0, 1378,7
3981,1, 1317,3
4003,8, 1317,9
4010,3, 1316,8
4013,8, 1313,7
4018,0, 1316,4
3989,1, 1320,9
3910,3, 1347,3
3804,5, 1401,5
3561,6, 1499,9
3533,4, 1495,3
3494,0, 1507,7
3489,8, 1504,6
3459,0, 1485,9
3562,3, 1431,3
3633,2, 1402,1
3668,9, 1383,0
3629,7, 1339,8
3605,7, 1317,7
3516,3, 1314,8
3552,5, 1197,5
3409,4, 1279,7
3303,2, 1373,2
3267,9, 1352,3
3165,2, 1331,8
2615,1, 1236,6
163,3, 1581,5
219,7, 1553,5
220,6, 1508,1
220,1, 1531,9
202,5, 1495,3
160,0, 1483,7
133,8, 1464,9
163,3, 1465,5
212,5, 1442,4
198,2, 1442,3
218,6, 1439,5
264,3, 1502,6
280,0, 1527,4
311,0, 1505,6
314,9, 1499,1
773,3, 3620,8
773,3, 3620,8
804,9, 3588,1
1371,3, 2801,8
1130,5, 3141,9
1117,7, 3419,9
1674,3, 3373,7
1825,2, 3458,2
1790,3, 3546,6
1240,6, 3411,2
1256,3, 3371,9
1259,3, 3312,2
1219,9, 3214,4
1219,9, 3214,4
1174,1, 3181,8
1168,7, 3178,0
1154,3, 3152,1
1359,9, 2930,5
1355,5, 2935,7
1325,7, 2948,8
1969,3, 2705,5
2324,1, 2537,8
1822,4, 2575,0
2033,9, 2545,0
2046,0, 2537,3
2027,5, 2487,4
2031,2, 2468,7
2172,5, 2393,1
2172,5, 2393,1
2022,4, 1497,3
1994,1, 1562,1
1447,4, 1988,5
2237,2, 2907,7
2702,0, 1261,8
2352,6, 1282,6
2491,1, 1236,8
2527,5, 1246,8
2850,1, 1196,4
3453,6, 1062,5
3651,0, 1023,3
3698,3, 994,0
4162,7, 642,4
4274,9, 580,5
4412,7, 440,3
4388,3, 467,1
4455,5, 423,4
4462,7, 396,0
4282,9, 577,2
4262,9, 509,9
4225,3, 556,6
4056,2, 688,7
4009,3, 699,2
4002,4, 708,0
4052,9, 849,7
4035,0, 822,6
3993,1, 816,6
3381,2, 677,3
1357,0, 759,8
3240,0, 720,6
3474,9, 713,1
3543,2, 661,5
3607,3, 655,6
3652,5, 677,5
3668,9, 690,8
3702,9, 684,1
3719,2, 690,5
3733,0, 678,6
3741,4, 673,2
3759,6, 651,9
3781,1, 606,0
3797,3, 556,3
3797,7, 528,4
3792,4, 510,7
2928,5, 1785,1
2133,6, 1218,8
2128,5, 1203,5
2120,9, 1204,0
3659,7, 1662,9
2811,1, 1155,1
2342,5, 804,2
2107,0, 620,7
2100,2, 605,5
2093,4, 618,1
2095,9, 613,7
2103,1, 601,8
1944,7, 494,5
1934,8, 487,1
1903,1, 479,0
1901,7, 478,6
1903,0, 479,0
1850,7, 486,1
1850,0, 486,1
1888,7, 1679,8
1896,3, 1655,8
1913,8, 1639,6
1919,2, 1607,8
1927,0, 1622,9
2172,7, 1636,8
2087,7, 1634,5
2549,7, 1666,1
1575,7, 1229,1
1896,7, 1438,6
2147,7, 1602,4
2266,8, 1680,1
2672,1, 1639,5
2602,1, 1654,6
2371,5, 1690,9
2340,2, 1692,7
2308,8, 1689,2
2285,0, 1687,4
2232,8, 1723,7
2252,3, 1706,2
2226,8, 1764,6
2199,3, 1788,2
2132,7, 1870,2
2216,2, 1998,0
2209,0, 2025,0
2196,3, 2023,5
1917,3, 1793,2
1998,1, 1805,2
1805,2, 1612,6
1810,2, 1608,2
1718,9, 1499,5
1712,7, 1515,5
1715,3, 1525,3
1712,9, 1523,4
1755,9, 1524,8
1872,3, 1521,6
2045,4, 1561,6
2034,6, 1556,9
2225,0, 1560,0
2311,3, 1568,9
2357,3, 1545,8
2351,1, 1534,5
2378,2, 1514,8
2364,6, 1519,2
2395,2, 1478,2
2435,7, 1449,5
2425,4, 1457,0
2472,9, 1427,8
2481,1, 1423,1
2501,4, 1409,1
2504,6, 1407,0
2502,9, 1410,5
2478,1, 1457,7
2458,4, 1515,5
2493,1, 1564,7
2519,0, 1567,0
2530,0, 1566,7
2541,6, 1590,4
2601,0, 1539,0
2600,5, 1539,5
2818,1, 1438,9
1389,4, 2372,0
1704,2, 2125,9
937,9, 1902,1
783,3, 1805,8
803,9, 1778,1
827,1, 1805,1
822,6, 1846,0
918,4, 2034,9
911,8, 2028,8
850,7, 1831,2
762,3, 1547,5
678,1, 1202,1
709,0, 1354,2
971,6, 1166,2
844,2, 909,0
889,2, 841,3
2447,0, 1029,6
3080,8, 1151,9
3333,1, 1184,3
3356,4, 1215,2
3465,0, 1219,7
4103,9, 1209,7
3915,1, 1208,3
4275,3, 1205,3
4149,5, 1160,5
3938,0, 1099,8
3911,8, 1102,4
4107,5, 1241,1
4005,7, 1211,4
4136,4, 1319,1
3936,0, 1223,1
3852,3, 1243,8
3777,3, 1202,8
3161,0, 1155,0
2938,2, 1144,3
2725,7, 1149,0
2584,9, 1293,9
2565,5, 1304,5
2530,0, 1318,3
1377,6, 1031,4
2369,4, 2039,3
2318,2, 1984,5
2218,8, 1954,0
2153,8, 1963,7
2142,2, 1982,9
2112,6, 2064,0
2106,7, 2075,0
1918,2, 2053,5
1107,0, 2110,8
1173,4, 3142,9
1104,4, 2892,9
1133,7, 2945,5
1133,7, 2945,5
2044,3, 2837,0
2061,6, 2822,1
2065,0, 2811,1
2070,2, 2789,0
2074,0, 2779,5
1714,7, 2666,9
1690,9, 2677,6
1648,8, 2700,6
1704,6, 2680,0
1856,6, 2620,0
2132,3, 2480,7
2103,9, 2425,0
2145,0, 2307,4
2193,7, 1980,3
2254,3, 1912,5
2268,4, 1953,6
2280,5, 1999,1
2278,7, 1997,4
2278,5, 1997,2
2007,4, 1249,2
2176,3, 1261,2
2175,5, 1256,2
2173,4, 1252,3
2170,9, 1263,5
2172,0, 1233,1
2169,8, 1237,6
2147,3, 1182,1
2108,6, 1088,7
2141,8, 868,5
2217,5, 442,6
2231,5, 372,6
2263,2, 246,8
2275,3, 120,6
2298,0, 102,2
2308,8, 104,8
2341,5, 118,7
2353,6, 127,8
2375,7, 155,3
2381,2, 161,7
2371,5, 148,9
2782,5, 62,3
3027,5, -20,5
3126,1, -142,4
3172,5, -177,2
3190,4, -198,9
3211,9, -220,9
3217,1, -181,2
3220,0, -159,4
3217,7, -141,3
3214,5, -123,7
3221,3, -95,5
3389,2, -247,5
3309,5, -226,3
3322,0, -249,4
3327,8, -253,1
3349,6, -259,2
3373,2, -267,1
3396,0, -272,4
3385,3, -270,7
3401,9, -273,4
3430,1, -273,7
2961,4, -318,5
3629,4, -201,3
3629,4, -201,3
3635,8, -208,2
3638,1, -210,8
3764,9, -127,7
4116,2, 166,3
4168,5, 147,0
4185,2, 143,4
4187,4, 141,0
4178,8, 144,0
4179,2, 124,4
4070,9, 165,5
4101,3, 160,3
4058,7, 193,4
3991,9, 276,4
3977,6, 291,5
3872,3, 420,5
3864,0, 436,2
3830,1, 415,5
3840,4, 411,6
3860,7, 401,0
3857,8, 405,1
3508,4, 494,3
2907,9, 589,1
3136,0, 531,9
2481,1, 652,9
2458,7, 634,1
2397,5, 622,7
2358,3, 599,1
2355,0, 582,2
2332,9, 564,1
2334,2, 565,0
2125,1, 581,2
2052,1, 591,3
2044,5, 587,1
1744,2, 604,9
1552,4, 607,7
1165,6, 623,3
1527,4, 1689,7
1450,4, 1727,3
1242,4, 1405,6
1076,3, 1218,3
1670,2, 1732,7
1750,4, 1780,7
1985,1, 1830,2
1983,4, 1837,8
2011,2, 1810,3
2259,2, 1730,2
2306,6, 1759,7
2298,3, 1768,5
2266,6, 1782,4
2213,5, 1808,5
2202,3, 1815,7
2140,2, 1852,1
2153,2, 1794,4
2134,5, 1815,1
2127,5, 1801,2
2129,8, 1802,0
2124,0, 1801,5
2121,7, 1801,2
2124,5, 1835,8
2120,6, 1836,6
2118,6, 1831,6
2120,3, 1847,7
2119,8, 1856,0
2118,1, 1874,5
2118,1, 1874,5
2107,5, 1877,3
2109,1, 1844,4
2109,1, 1844,4
2074,8, 1866,6
2092,9, 1862,2
2076,4, 1491,4
1905,8, 1568,2
1905,2, 1579,9
1183,8, 1189,2
2026,3, 1580,2
1992,8, 1577,8
2044,7, 1521,2
2009,6, 1564,3
1961,6, 1538,7
1988,7, 1552,5
2682,8, 1341,9
2825,8, 1479,3
3083,4, 1379,8
3204,6, 1365,2
3487,1, 1285,2
3645,9, 1247,7
3663,2, 1242,9
3675,1, 1251,8
3503,3, 1377,5
3513,2, 1378,9
3654,0, 1278,1
3654,8, 1273,6
3757,9, 1112,5
3770,8, 1143,3
3813,5, 1054,1
3964,6, 1269,7
3974,3, 1266,8
4008,0, 1262,3
4012,2, 1259,1
4017,0, 1251,7
4008,3, 1261,2
4003,4, 1263,3
3988,4, 1279,3
3981,3, 1290,6
3972,9, 1261,6
3978,3, 1263,1
3968,9, 1253,9
3964,7, 1250,6
3930,3, 1212,3
3886,2, 1193,8
3872,7, 1193,4
3860,5, 1197,0
3860,6, 1207,2
3841,2, 1204,0
3836,0, 1200,9
3815,5, 1180,4
3800,1, 1160,4
3785,2, 1160,4
1048,2, 701,7
2240,1, 1439,1
2240,1, 1439,1
1955,9, 1282,2
1735,9, 1297,0
1515,8, 1231,3
850,6, 1164,5
949,4, 1943,3
912,1, 2869,6
892,4, 2802,9
967,5, 2824,9
789,6, 2176,2
1099,9, 1442,0
819,4, 1270,0
694,1, 866,3
691,5, 1036,6
2767,8, 2607,7
2452,2, 2563,4
2448,6, 2603,5
1357,3, 2821,2
1289,9, 2706,0
1168,6, 2755,9
1261,7, 2728,7
1251,1, 2732,0
3266,3, -285,3
3266,3, -285,3
261,3, 705,2
3233,2, 1566,0
2461,4, 1727,4
1926,9, 1564,2
1649,3, 1255,2
1947,7, 1258,8
2058,5, 1253,8
2369,3, 1403,1
2316,2, 1366,7
2115,0, 1228,6
2085,4, 1204,7
2463,7, 1395,0
2354,1, 1274,0
2519,8, 1322,3
2520,0, 1326,1
2774,7, 1425,1
2820,5, 1451,8
1293,4, 320,4
1659,2, 554,8
1342,0, 761,2
801,1, 400,7
801,1, 400,7
1247,7, 2307,4
1497,0, 2266,2
1497,0, 2266,2
1577,0, 1333,9
1688,7, 1300,2
2413,2, 572,1
2695,1, 251,5
2703,1, 261,5
2711,7, 273,7
2702,9, 269,2
2697,2, 269,5
2704,3, 281,2
2727,6, 235,7
2766,1, 153,0
2780,2, 105,4
2829,9, 19,8
2853,0, -37,0
2848,9, -34,0
2886,2, -61,8
2832,6, -89,8
2822,3, -89,7
772,4, 162,6
824,0, 231,6
831,8, 234,5
865,7, 210,1
854,1, 235,6
894,0, 239,8
949,5, 285,0
1778,2, 319,3
1838,7, 322,9
2331,4, 361,9
3551,5, 462,1
3605,0, 459,2
3773,6, 476,3
3852,3, 500,6
3842,8, 479,2
3846,2, 459,9
3854,1, 457,4
3877,3, 438,6
3878,3, 421,9
3893,0, 419,6
3888,0, 412,6
3878,8, 412,0
3875,8, 412,7
3868,5, 413,9
3863,1, 416,2
3865,8, 403,3
2562,1, 891,4
1659,4, 515,6
1852,2, 583,4
1792,6, 546,3
1726,6, 493,0
1687,5, 451,0
1625,0, 301,9
1597,4, 280,0
1606,8, 281,7
1860,4, 497,6
2947,0, 771,8
2134,4, 559,9
1363,7, 547,2
1060,7, 598,4
1012,1, 857,3
884,3, 1287,5
867,0, 1325,1
846,7, 1331,0
1239,3, 1821,9
1263,2, 1848,3
1235,4, 1670,6
1844,0, 988,9
1867,4, 966,9
1935,4, 845,4
1837,0, 819,0
1833,2, 821,4
1833,3, 821,7
2487,2, 1127,1
2487,3, 1137,1
1337,8, 797,2
989,1, 714,2
965,3, 812,9
1966,6, 1996,4
1928,3, 1994,0
1952,5, 1993,2
2013,2, 1995,2
2040,6, 1994,6
2035,6, 1994,2
2069,0, 1986,3
2094,8, 1982,7
2111,7, 1978,1
2111,6, 1979,8
2109,3, 1986,7
1773,9, 1748,1
1632,8, 1656,5
1993,7, 1681,7
1868,6, 1718,6
1972,2, 1798,2
2158,6, 1974,0
2161,0, 1914,3
2162,2, 1908,6
2154,5, 1918,4
2166,3, 1923,4
2171,9, 1932,9
2160,1, 1925,6
2155,3, 1924,7
2150,0, 1925,6
2132,9, 1929,7
2114,2, 1933,6
2115,8, 1913,3
2338,0, 1835,4
2338,0, 1835,4
1511,1, 1324,3
1469,2, 1361,7
1457,4, 1339,4
1426,1, 1318,6
1412,4, 1309,4
1713,9, 1565,1
1718,8, 1578,5
1692,2, 1583,7
1933,7, 1672,3
2285,7, 1798,5
2267,8, 1817,5
2237,0, 1832,8
2201,9, 1844,3
2192,3, 1842,2
2195,4, 1839,3
2263,3, 1760,8
2266,4, 1756,7
2266,2, 1753,7
2243,5, 1736,7
2234,3, 1749,0
2229,5, 1752,0
2236,0, 1770,0
2232,6, 1768,5
2195,9, 1759,5
2189,5, 1763,1
2195,1, 1768,9
2181,6, 1783,5
2182,3, 1788,6
2163,2, 1796,3
2151,9, 1803,5
2151,1, 1818,4
2152,8, 1814,9
1666,3, 1433,9
1663,7, 1436,8
1663,7, 1436,8
1324,2, 1351,1
1673,9, 1453,1
2236,5, 1603,9
1952,0, 1447,5
1819,3, 1383,9
1751,7, 1350,3
1722,2, 1202,5
1731,3, 1065,4
1748,7, 988,7
1743,5, 981,8
1630,3, 222,3
1632,1, 98,5
1621,9, -13,5
1638,5, -1,8
1701,1, -16,7
1711,7, -25,0
1708,2, -38,5
1975,4, -128,9
1975,4, -128,9
2165,4, -86,6
2155,2, -39,4
2099,7, -30,6
2109,7, -12,9
4249,9, -87,1
4352,7, -278,4
4397,0, -191,2
4397,0, -191,2
4397,0, -191,2
4351,5, -62,0
3517,9, 14,2
3446,9, 4,9
3202,3, -24,5
3177,9, -23,1
3198,2, -123,9
3126,6, -135,7
2434,2, -52,2
231,5, 35,9
3160,5, 1098,4
2546,6, 1134,8
2265,7, 1073,5
1710,3, 1131,0
1681,8, 1131,9
1742,2, 1131,5
1871,8, 1152,0
1994,4, 1198,4
2058,4, 1233,6
2034,8, 1227,1
1906,2, 1358,2
2032,5, 1466,8
1979,0, 1310,4
2115,3, 1283,1
2111,2, 1297,4
2106,8, 1267,8
2087,8, 1264,7
2076,7, 1262,8
2072,2, 1261,8
2072,5, 1261,7
1853,9, 530,5
2871,5, 1111,3
1979,6, 1166,0
2033,1, 1139,1
2059,9, 1147,8
2008,8, 1199,9
1971,7, 1237,6
1976,3, 1270,5
1940,4, 1249,9
1410,6, 1007,8
1400,8, 901,0
1219,5, 695,7
905,1, 273,6
1184,2, 267,8
1215,4, 209,0
1215,4, 209,0
1215,4, 209,0
2094,9, 1518,2
1315,9, 2177,8
1164,5, 2213,1
2269,0, 2108,5
2472,8, 1871,2
3154,2, 609,6
2973,7, 141,5
3035,5, 421,7
3373,3, 657,8
3373,3, 657,8
4538,0, 967,7
4476,6, 831,4
4448,3, 746,3
4469,8, 773,4
4403,7, 674,2
4370,1, 605,8
4385,2, 664,9
4378,8, 652,9
4364,4, 673,5
4331,3, 766,9
3923,2, 898,6
3589,0, 1047,0
3075,9, 1250,1
3074,0, 1295,9
3055,2, 1334,9
2519,0, 1657,0
2478,7, 1696,3
2778,8, 1603,1
2877,9, 1534,8
3409,1, 1306,5
3281,4, 1347,0
3154,7, 1393,7
3123,1, 1387,9
3116,7, 1351,7
3107,4, 1348,2
1358,1, 1752,8
1777,3, 1546,6
608,3, 800,7
1189,4, 1487,2
1191,9, 1478,1
1189,4, 1477,2
1200,6, 1511,2
1210,6, 1526,7
1344,7, 1663,0
1420,9, 1722,5
1434,2, 1724,9
1454,2, 1737,8
1384,2, 1673,1
1443,4, 1674,2
1702,6, 1851,7
1796,5, 1195,4
2925,0, 1046,7
3107,2, 1915,5
3224,4, 619,7
2729,7, 842,2
514,2, 837,3
1022,3, 1334,7
1293,4, 1596,5
1313,9, 1613,3
1312,0, 1616,9
1278,2, 1595,9
1207,8, 1546,9
1291,0, 1653,2
696,1, 1324,0
1565,6, 2340,7
1841,7, 2247,1
1410,7, 2322,5
1407,0, 2327,4
1408,0, 2326,1
1326,2, 2356,3
1749,4, 2291,7
1787,9, 2284,4
2343,3, 991,9
1475,9, 2253,3
2802,8, 443,2
1175,9, 424,4
1254,1, 501,8
1283,3, 519,9
1300,8, 530,6
1316,4, 525,3
1320,7, 521,5
1326,9, 483,4
1345,7, 438,3
1351,5, 413,7
2065,9, 1782,1
1481,8, 326,8
1703,4, 270,8
1854,5, 251,9
1912,5, 250,8
3211,8, 451,9
3146,8, 458,3
2917,7, 920,9
2842,1, 877,0
3121,0, 626,7
3154,0, 641,6
3181,0, 675,6
3180,5, 671,4
3247,0, 722,4
3237,2, 722,8
2933,0, 911,0
3009,8, 863,7
3267,4, 745,0
3111,7, 1068,8
3184,1, 1151,9
2973,3, 1278,3
2497,0, 1547,4
2589,1, 1509,1
2940,0, 1358,8
3254,0, 1222,8
3227,6, 1238,1
3230,2, 1236,5
3205,4, 1256,4
3144,9, 1290,7
3137,1, 1286,3
3129,4, 1287,9
3143,9, 1287,2
3143,9, 1286,4
3152,5, 1280,3
3152,1, 1284,1
3148,7, 1289,8
3151,7, 1292,1
3151,9, 1293,3
3158,4, 1289,3
3159,5, 1291,7
3152,5, 1292,8
3150,3, 1293,8
3143,5, 1298,7
3545,2, 1144,5
3812,3, 1039,1
3785,4, 1049,7
3868,0, 988,8
3870,0, 981,5
3854,2, 969,5
1917,5, 1260,7
1906,8, 1222,2
1829,3, 1535,0
1912,8, 1238,7
2874,2, 962,2
3179,5, 114,8
1981,6, 883,0
426,9, 1112,8
1099,6, 1952,0
1078,7, 1944,7
1071,9, 1942,3
1094,3, 1946,9
1113,8, 1935,9
649,7, 1441,5
766,9, 1677,8
1383,0, 2668,2
1473,7, 2802,8
1441,8, 2775,7
1061,4, 2318,2
971,7, 2182,9
881,8, 2051,2
881,8, 2050,9
1289,8, 2538,4
1979,4, 2258,6
2216,4, 2100,4
2263,5, 2114,6
2227,3, 2126,6
2245,9, 2137,2
2222,8, 2135,8
481,5, 812,8
1231,2, 1345,6
947,2, 1130,7
1169,7, 1299,0
976,1, 1153,2
478,0, 779,3
474,0, 776,8
491,3, 783,6
546,0, 802,3
601,3, 780,3
774,3, 705,5
1354,5, 668,0
1504,4, 669,2
1508,1, 673,3
1509,1, 672,5
1519,6, 663,8
1524,4, 659,8
1544,3, 656,9
1581,2, 650,3
2250,2, 470,9
2253,4, 471,2
2316,8, 461,2
2346,2, 449,7
2433,8, 455,1
2423,1, 452,3
2417,3, 448,6
2431,0, 441,7
2442,9, 325,4
2446,0, 298,9
2451,7, 275,1
2553,3, 116,2
2587,9, 74,9
2768,1, 56,4
2757,9, 59,9
2820,4, 566,8
2901,5, 728,6
2901,1, 666,5
2499,7, 652,7
4234,7, 77,6
4445,1, 1,4
3552,3, 891,9
3256,6, 1050,5
2995,0, 1121,2
2993,3, 1118,6
3021,9, 1091,3
3023,2, 1090,0
3327,5, 963,1
4023,5, 478,6
3957,1, 433,7
3928,2, 403,0
3913,7, 391,2
3897,3, 386,5
3878,8, 389,8
3842,4, 394,0
3802,5, 394,4
3617,3, 396,0
3603,1, 397,6
3243,3, 491,1
3261,6, 462,6
3229,3, 430,9
3159,6, 440,6
3127,8, 431,3
3080,9, 441,1
2961,3, 450,0
925,2, 2102,8
1200,5, 726,3
1248,2, 559,6
1086,0, 450,6
1086,0, 450,6
1070,5, 454,4
1057,9, 457,5
1047,2, 459,7
1017,7, 459,6
968,7, 458,2
1760,6, 1744,0
1749,7, 1905,4
1725,6, 1904,0
1709,3, 1884,1
1133,1, 1942,2
2030,8, 1844,4
2038,3, 1856,1
2075,6, 1896,0
2182,7, 1920,6
2256,8, 1886,3
2227,6, 1897,3
2194,5, 1941,4
2207,3, 1923,0
2169,1, 1944,6
2228,5, 1918,7
2193,4, 1894,5
2086,2, 2027,3
2104,4, 1993,7
2145,9, 1942,2
1561,9, 1513,1
1492,4, 1509,9
1500,5, 1474,1
1918,1, 1605,6
1921,7, 1598,1
2038,0, 1594,5
1978,7, 1563,2
2124,5, 1456,0
2586,5, 1512,2
2656,7, 1313,8
3008,7, 1307,6
3042,1, 1293,4
3057,7, 1290,1
3030,8, 1309,7
3007,7, 1317,8
3018,9, 1320,2
3013,8, 1322,3
2999,8, 1332,4
2995,2, 1330,5
2865,8, 1307,0
2973,2, 1282,1
3073,4, 1180,8
3119,7, 1142,7
3235,4, 1019,1
4781,5, -55,3
3335,0, 1188,5
3686,9, 763,9
3589,5, 934,5
3285,2, 1368,8
3245,8, 1412,7
3251,9, 1416,9
3253,5, 1419,1
3314,1, 1202,1
3328,4, 1193,4
3088,5, 1175,1
2717,7, 1173,3
2970,6, 731,1
2980,9, 701,6
2844,7, 654,1
3038,6, 512,8
3051,5, 291,7
3343,0, -200,6
3331,3, -197,4
3232,8, -182,1
3232,2, -185,4
3235,0, -177,4
3146,6, -174,3
903,4, 1777,0
4745,1, 816,1
4745,1, 816,1
4337,2, 1415,1
4157,7, 1445,9
2587,0, 946,7
981,3, 501,3
1465,3, 777,9
2247,8, 1741,5
2155,5, 1718,9
2145,5, 1715,5
2129,0, 1725,3
2085,2, 1767,1
2103,8, 1754,4
2198,1, 1892,9
2126,5, 1887,8
2084,6, 1912,3
2124,9, 1905,3
2140,5, 1903,5
2141,9, 1903,4
1941,9, 1905,3
1865,4, 1918,6
2002,3, 1882,2
1999,8, 1879,1
1996,2, 1883,0
1993,9, 1884,7
1986,4, 1884,3
2110,9, 1154,8
1617,6, 1207,7
1968,1, 1435,6
1793,3, 1361,7
1395,1, 1063,5
1895,4, 1300,0
2006,1, 1458,3
1561,1, 1208,8
1808,0, 932,3
1901,5, 554,8
1920,0, 470,8
1961,1, 489,4
1657,5, 609,1
1487,6, 635,2
370,5, 653,9
283,8, 662,0
198,0, 726,6
357,4, 867,0
340,7, 873,4
525,8, 956,1
493,4, 947,8
417,4, 925,9
3749,6, 1083,0
3671,7, 1300,1
3684,9, 1242,5
3713,9, 1218,8
3705,3, 1205,9
3744,2, 1188,1
3713,7, 1188,0
2832,2, 1814,2
3975,8, 1288,9
3815,4, 1254,3
3590,4, 1534,7
3585,3, 1547,8
3487,5, 1509,7
3615,6, 1485,9
3581,6, 1496,5
3525,3, 1510,4
3577,4, 1499,8
3701,3, 1481,0
3769,7, 1392,7
3803,9, 1386,0
3810,7, 1377,9
3789,1, 1373,1
3748,4, 1337,3
3735,4, 1344,6
3730,3, 1340,8
3663,3, 1326,6
3603,7, 1313,3
3499,9, 1174,1
3481,5, 1207,4
3447,7, 1237,1
3437,0, 1205,9
3403,1, 1215,8
3404,5, 1208,5
3178,2, 1101,6
3177,6, 937,4
3714,4, 3064,1
3281,2, 2705,4
2587,9, 2154,4
2455,3, 2111,5
1931,8, 1732,4
1599,8, 1569,2
1198,1, 1318,4
1195,9, 1322,2
2150,0, 900,0
873,1, 2242,1
873,6, 2233,9
842,5, 2199,5
829,9, 2202,7
774,6, 2157,5
770,3, 2151,4
2069,9, 2880,2
2046,0, 2863,4
2059,1, 2861,8
2079,6, 2866,5
1184,4, 3014,1
1226,8, 2969,1
1239,4, 3003,2
1162,3, 2975,8
1435,0, 2850,5
1614,1, 2778,1
1611,9, 2784,2
1611,9, 2784,2
1654,3, 2965,0
1427,9, 2961,0
1319,4, 2943,2
1511,9, 2830,6
1613,6, 2760,5
4371,5, 2293,9
3163,7, 1913,3
2741,7, 1810,9
2045,8, 1658,1
2087,4, 1664,3
2323,8, 1562,0
2325,0, 1566,6
2141,5, 1469,4
1748,0, 1262,6
1991,1, 1604,6
2001,9, 1608,7
1998,4, 1596,9
2031,2, 1570,2
2427,5, 1612,6
2819,1, 1587,8
2849,0, 1582,1
2872,4, 1577,2
2882,7, 1575,3
2881,4, 1577,8
2877,3, 1579,0
2852,8, 1572,5
2778,7, 1554,9
2962,4, 1383,2
2225,9, 1496,3
2225,9, 1496,3
4139,7, 358,6
4139,7, 358,6
4153,9, 351,3
4176,3, 330,1
4168,8, 337,5
4170,4, 344,1
4089,2, 486,6
4066,2, 512,5
4023,6, 572,9
3999,1, 589,8
3967,9, 656,6
3962,1, 670,4
3967,8, 512,9
3967,9, 504,6
3966,0, 513,9
3954,2, 479,9
3950,2, 509,5
3936,8, 480,3
3901,2, 506,4
3865,4, 519,2
3853,2, 522,8
3808,2, 513,3
3781,4, 489,3
3745,5, 491,3
3747,7, 497,8
3582,5, 511,9
3419,4, 565,5
2996,4, 603,1
2937,9, 611,5
2578,2, 622,4
2520,2, 623,5
2358,3, 609,1
2249,6, 619,7
917,7, 778,5
340,2, 846,1
307,2, 857,3
49,9, 850,4
-15,0, 743,5
150,9, 786,9
-210,3, 85,2
-332,2, -206,5
2843,5, 1432,8
2061,7, 1524,6
2084,8, 1539,1
2082,7, 1545,7
3143,9, -313,0
2853,1, 1495,3
2919,3, 1467,9
2919,3, 1467,9
2566,0, 1496,1
2072,3, 1504,7
2061,2, 1459,2
2049,5, 1472,6
2051,9, 1485,9
2050,7, 1486,9
2317,3, 1461,4
2316,7, 1485,3
2315,5, 1500,7
2309,0, 1506,3
2308,3, 1509,7
2301,3, 1556,6
2271,3, 1574,7
2127,0, 1670,1
2155,8, 1698,2
2829,6, 1810,4
2702,3, 1904,9
2627,1, 1958,7
2627,1, 1958,7
2171,9, 1764,0
1903,5, 1648,0
1859,7, 1643,6
1595,3, 1537,4
1580,9, 1545,9
1648,0, 1572,5
2171,8, 1847,2
2422,3, 1987,1
2407,8, 1984,5
2382,4, 1951,7
2382,0, 1950,0
2232,2, 1970,4
2178,4, 1971,1
2155,7, 1965,9
2070,2, 2024,4
2098,9, 1990,9
2089,0, 1987,3
2087,7, 1989,9
2093,6, 1992,1
2085,3, 1996,0
2477,1, 1862,5
2426,9, 1872,2
2409,2, 1889,6
2405,4, 1911,2
2405,4, 1911,2
2196,2, 1815,7
2081,1, 1875,6
1939,5, 1942,8
1938,7, 1943,2
1871,3, 1986,5
1852,3, 1996,7
1833,1, 2005,9
1827,6, 2011,4
1841,4, 2008,9
1832,5, 2007,5
1832,9, 2002,4
1847,0, 1990,1
3041,1, 1321,4
2527,4, 1326,0
1733,6, 635,3
3189,9, -83,0
3235,1, -47,9
3150,2, -23,3
2518,0, 101,9
2052,2, 171,9
1370,9, 1457,2
1367,3, 1480,9
1574,2, 1597,2
1764,6, 1505,3
1875,5, 1467,0
2149,9, 1655,6
2130,2, 1632,1
2110,2, 1635,8
2099,4, 1638,0
2100,5, 1624,3
2109,9, 1622,5
2124,2, 1617,7
2125,1, 1617,0
2124,3, 1617,9
2123,2, 1622,8
2121,2, 1631,7
2121,0, 1634,4
2119,7, 1636,1
2119,4, 1634,8
2117,7, 1619,5
2116,9, 1624,1
2115,5, 1629,7
2113,0, 1631,7
2099,5, 1636,3
2100,9, 1638,9
2103,7, 1644,9
2108,3, 1657,3
2095,9, 1671,5
2098,6, 1675,2
2092,6, 1682,7
2091,9, 1681,8
2093,8, 1674,5
2089,2, 1661,3
2106,1, 1653,5
1679,4, 1231,7
1665,0, 1299,2
1561,7, 1290,1
1590,7, 1293,3
1515,3, 1287,4
1566,2, 1167,9
1469,1, 1234,7
1564,2, 1223,7
1623,6, 1224,1
1689,7, 1233,8
1739,1, 1240,9
1830,6, 1248,6
1854,8, 1247,5
1796,7, 1207,5
1926,8, 1200,7
2014,1, 1205,8
2144,8, 1212,4
2091,1, 1192,6
2053,5, 1177,1
2167,2, 1001,5
2283,5, 906,6
2301,0, 863,5
2378,4, 717,2
2781,4, 523,5
3637,2, 369,6
3634,3, 342,8
3647,6, 337,0
3673,0, 314,1
3673,5, 313,3
4060,0, 199,3
4015,6, 218,4
4022,6, 194,2
4030,0, 191,1
4063,4, 152,7
4116,9, 85,8
4122,7, 81,8
1241,1, 232,6
2818,1, -22,1
2852,8, -33,2
2815,0, -45,8
2841,8, -25,0
2858,7, 7,8
2861,1, 101,5
2803,8, 132,4
2795,4, 140,2
4626,5, 83,8
4853,8, 276,4
4853,8, 276,4
3782,9, 488,1
2520,2, 746,7
1238,4, 866,5
1004,3, 683,0
1096,1, 727,9
1056,9, 723,5
1227,0, 839,3
2280,7, 755,4
3731,4, 1250,6
3793,9, 1184,7
1558,4, 1509,7
2175,3, 1494,0
2027,5, 1526,6
1946,9, 1571,2
1922,5, 1598,3
1911,8, 1565,9
1806,3, 1581,4
1538,3, 1600,2
2141,4, 1654,6
2107,8, 1701,1
2002,8, 1706,8
1941,0, 1738,6
1946,5, 1755,1
1952,9, 1770,1
1958,2, 1779,5
1959,6, 1836,7
2026,3, 1849,0
2028,8, 1850,8
2001,6, 1855,8
1970,6, 1879,7
2000,4, 1877,7
2004,3, 1879,1
1995,2, 1931,8
1995,2, 1931,8
1995,2, 1931,8
2611,7, 1698,8
2494,7, 1458,2
2099,9, 1370,3
2110,7, 1365,1
2110,0, 1370,2
2111,1, 1390,2
2107,5, 1399,7
2105,0, 1401,4
1513,6, 1196,6
1694,8, 1236,2
1694,8, 1236,2
1714,9, 1240,9
1731,1, 1244,7
1782,0, 1268,8
1847,3, 1284,8
1847,3, 1284,8
1847,3, 1284,8
2628,0, 1413,5
2948,9, 1408,3
2950,8, 1408,6
3126,8, 1241,9
3363,0, 1011,9
4053,7, 364,7
3841,5, 560,2
3725,2, 679,6
3667,3, 807,7
3704,6, 758,2
3729,3, 740,1
3686,3, 787,0
3730,0, 755,1
3749,0, 726,7
3859,3, 594,4
3872,9, 581,3
3808,1, 682,4
3825,1, 663,0
3898,2, 594,0
3889,8, 631,6
3989,5, 577,4
3958,1, 628,1
3948,0, 687,9
3928,5, 733,3
3912,5, 743,0
3905,4, 761,4
3882,3, 773,5
3599,7, 930,2
3536,0, 972,3
3610,5, 952,8
3286,2, 1167,9
3245,6, 1194,4
2682,0, 1446,7
2451,1, 1542,9
2373,9, 1594,2
2924,0, 1343,1
3138,5, 1255,0
3228,8, 1226,3
3879,4, 930,6
3353,6, 1147,4
3754,2, 937,0
3744,8, 938,0
3768,4, 924,5
3728,5, 915,8
3690,6, 894,5
3296,0, 853,5
2937,5, 1053,7
3027,5, 968,9
2910,3, 1020,9
2991,5, 849,5
2762,8, 980,7
1859,2, 1351,1
1426,5, 1529,6
1411,3, 1524,8
1413,6, 1528,3
1413,9, 1525,9
1405,4, 1530,4
1835,1, 1480,5
2237,2, 1505,8
1915,8, 1525,6
2820,0, 844,8
2181,9, 1785,8
2308,5, 1838,5
2310,1, 1840,7
2302,9, 1860,2
1604,4, 1929,6
1811,2, 1905,0
2267,2, 1853,3
2254,4, 1846,8
2248,1, 1847,4
1659,3, 1879,6
1782,7, 1832,4
1762,2, 1859,9
2103,0, 1828,5
2227,0, 1854,0
2224,7, 1852,7
2222,8, 1851,7
2128,1, 1848,1
2053,0, 1833,0
2035,3, 1835,7
2301,7, 1873,1
2357,1, 1858,9
2308,0, 1854,4
1579,5, 1369,8
1221,9, 1120,7
1709,5, 200,7
1718,1, 256,1
1774,7, 252,4
1783,3, 298,1
1776,2, 318,9
1591,7, 613,5
1373,9, 961,4
1987,1, 1475,3
1345,6, 947,4
1345,6, 947,4
1374,2, 963,9
1378,4, 966,3
1507,2, 1126,4
1787,0, 1493,0
1787,0, 1493,0
2219,5, 1499,1
2248,6, 1497,4
2259,8, 1497,0
3344,1, 1135,1
3135,1, 1183,7
2523,6, 1355,5
2402,9, 1535,4
2389,2, 1554,4
2707,2, 1088,2
2529,7, 1092,2
2278,1, 1297,2
2374,7, 1227,9
2492,9, 1130,4
2491,6, 1196,1
2392,2, 1356,6
2303,4, 1491,9
2569,3, 1010,6
2290,4, 1235,7
2385,6, 1349,9
2276,6, 1416,2
2636,2, 1428,8
2750,7, 1411,2
3144,8, 1264,3
3354,6, 1167,4
3649,5, 913,2
3651,5, 922,5
3844,4, 727,6
3750,5, 721,1
3809,9, 720,8
3485,6, 887,2
3407,8, 929,8
3361,5, 962,0
3233,3, 944,8
796,6, 1195,4
1060,4, 3079,4
475,9, 2049,9
513,6, 2038,9
522,0, 2080,3
522,0, 2080,3
1626,6, 2679,1
1455,4, 2095,7
752,8, 1682,0
-174,0, 1077,4
-180,7, 1074,8
-180,7, 1074,8
-74,1, 1020,5
463,4, 1910,4
134,7, 1288,3
145,8, 1247,2
151,3, 1217,5
146,8, 1218,4
98,5, 1190,6
143,1, 1265,3
168,5, 1323,0
168,3, 1331,8
168,2, 1337,0
705,8, 2045,5
1353,1, 2804,0
1403,7, 2712,2
3381,4, 2138,4
2854,9, 2317,9
2863,2, 2346,7
1367,9, 1067,6
1367,9, 1067,6
1482,0, 1185,2
1802,2, 896,6
1883,5, 1622,2
1866,7, 1695,6
2072,9, 1682,1
2036,5, 1687,6
2018,2, 1692,3
2017,2, 1693,4
2010,5, 1709,7
2173,8, 1241,1
2271,9, 1081,9
2918,3, 677,2
2051,8, 1681,8
2121,6, 1677,6
2184,9, 1691,0
2037,8, 1849,1
2178,5, 1628,5
2124,2, 1651,6
2099,9, 1662,0
2150,3, 1629,4
2667,2, 957,0
2935,2, 816,5
3046,5, 743,2
3175,8, 682,1
3628,7, 391,9
3757,1, 297,7
3748,5, 260,4
3967,5, 217,2
4234,5, -27,7
4231,6, -39,3
3844,4, 51,5
3524,3, 30,2
3482,8, 15,2
3362,9, 78,2
3314,8, 72,5
3314,8, 72,5
3166,1, 92,1
3093,5, 79,9
3085,6, 81,6
2941,4, 106,7
2906,7, 93,4
2899,6, 85,5
2872,1, 54,4
2832,3, 50,0
2824,9, 50,2
2794,0, 50,9
2734,6, 53,5
2683,2, 39,9
2630,2, 21,6
2565,3, 48,7
2321,5, 82,4
2300,5, 60,8
2283,6, 51,4
2267,6, 45,5
2203,0, 44,3
2171,2, 15,9
2176,2, 15,1
2157,4, 32,9
2019,9, 59,2
1999,7, 9,4
2035,7, -66,9
2035,7, -66,9
2109,6, 1000,9
2139,7, 1256,1
2319,2, 1429,5
2461,7, 1453,7
2182,7, 1586,3
769,9, 841,7
2764,7, 1468,3
2442,9, 1508,7
2316,1, 1579,3
2316,2, 1633,7
2071,4, 1585,5
1892,5, 1529,0
1201,6, 1444,9
1721,5, 1596,5
1729,7, 1607,3
1729,7, 1607,3
2019,9, 1714,3
2138,2, 1769,5
2138,2, 1769,2
2120,4, 1796,0
2128,1, 1792,2
2143,3, 1784,3
2138,2, 1782,6
2048,5, 1751,7
2079,7, 1762,6
2135,6, 1770,3
2131,5, 1780,2
1636,6, 1549,6
2030,7, 1671,8
1924,8, 1648,1
1755,9, 1622,4
1753,5, 1621,9
1751,8, 1620,6
1812,4, 1361,0
1812,4, 1361,0
1961,7, 1443,4
2084,9, 1768,5
2084,9, 1801,6
2082,7, 1805,4
2071,8, 1807,0
1969,5, 1732,4
2066,7, 1691,1
2252,3, 1509,6
2192,1, 1541,1
2224,2, 1501,3
2389,5, 1104,9
2389,5, 1104,9
2512,2, 956,4
2538,6, 873,2
2552,6, 841,5
2579,9, 819,6
2579,0, 902,5
2544,3, 978,0
2550,1, 948,6
2497,7, 968,9
2501,7, 1043,1
2484,1, 1001,9
2517,5, 1086,9
2517,5, 1086,9
3711,8, 1051,2
3972,0, 1026,6
3747,4, 551,1
3758,5, 565,4
3774,7, 551,1
3920,7, 769,4
4123,2, 971,0
3949,2, 1050,4
3932,3, 928,5
3691,0, 560,5
3950,5, 1197,7
3976,8, 1217,9
4000,8, 1255,5
4006,2, 1236,8
3875,7, 1061,0
3851,5, 999,4
3903,0, 937,7
3929,1, 985,5
3919,0, 1025,7
3913,7, 1044,4
3897,7, 1053,0
3840,3, 1089,4
3499,1, 1312,5
3099,1, 1381,3
3346,5, 1301,1
3624,7, 1223,7
3299,7, 1086,3
1152,4, 1464,5
1999,7, 1585,4
1984,4, 1591,4
1916,7, 1576,0
1835,3, 1563,1
1154,2, 1473,5
969,8, 1453,4
842,7, 1437,3
751,0, 1396,0
574,2, 1341,0
567,3, 1340,7
502,2, 1316,3
344,7, 1262,7
349,9, 1274,2
353,9, 1281,5
2369,1, 1928,7
3422,8, 2859,4
3625,8, 2808,5
3625,8, 2808,5
1450,6, 1139,8
1222,9, 934,2
1291,9, 1329,0
1324,6, 1802,1
1314,1, 1809,2
1314,2, 1811,6
1502,3, 2703,6
1724,1, 2645,6
1956,1, 2559,4
2075,7, 2493,7
1317,5, 2535,1
1273,0, 2520,5
1323,9, 2499,6
1297,7, 2515,1
1297,7, 2515,1
1994,9, 2376,7
1706,3, 2437,3
1437,5, 425,0
2051,8, -80,4
2575,7, 1153,7
2083,9, 116,4
2160,7, 953,5
2013,4, 824,4
2005,6, 818,4
2023,3, 825,5
2036,4, 1178,5
2177,6, 1224,9
2222,1, 1217,4
2268,8, 1243,4
2300,7, 1248,3
2314,8, 1241,2
1861,9, 1408,0
2310,5, 1229,2
2315,3, 1209,2
2747,6, 1027,8
2767,8, 997,2
2959,8, 941,3
3594,7, 721,9
3723,3, 779,8
3741,0, 770,2
3769,7, 788,2
3763,5, 732,6
3824,3, 700,0
3882,8, 638,9
3931,1, 580,0
3952,4, 567,9
4011,7, 540,4
3528,5, 627,2
3290,3, 666,1
2276,3, 797,4
2708,3, 856,5
2934,1, 821,5
3058,6, 802,9
3087,9, 846,5
2723,7, 1111,7
2466,7, 1263,4
2609,3, 1209,2
2547,9, 1238,4
2830,0, 1145,3
3226,2, 1009,4
3225,7, 1010,2
2896,0, 1171,8
2368,4, 1432,3
2377,7, 1439,7
2381,7, 1446,1
2962,5, 1155,8
2667,4, 1309,3
2566,2, 1363,9
3877,9, 688,4
3877,0, 689,6
3816,5, 720,4
3152,5, 1061,5
3839,6, 707,1
3870,3, 691,8
2959,1, 1161,5
2923,5, 1179,2
2382,6, 1456,3
2381,8, 1451,3
2382,0, 1451,5
2381,9, 1451,7
2377,9, 1462,6
2387,4, 1422,4
2261,7, 1411,0
2520,8, 1260,1
3065,9, 847,5
2908,0, 993,0
2690,3, 1230,4
2869,5, 906,5
2851,4, 886,6
2861,6, 832,5
2677,7, 965,7
2723,2, 834,4
2571,0, 1006,3
2459,4, 1077,7
2063,7, 1400,9
2058,8, 1403,2
1287,9, 1517,9
1188,1, 1654,8
1188,1, 1654,8
1207,9, 1637,0
1535,9, 1601,7
962,7, 1215,1
1053,4, 1250,5
1337,0, 1440,8
1151,7, 1299,4
1192,2, 1269,6
1045,3, 1171,5
822,8, 996,8
3496,9, 1009,1
2107,2, 576,1
1864,2, 540,2
1934,7, 558,0
1610,1, 399,8
1697,9, 484,4
1875,1, 538,9
1866,5, 548,7
1871,3, 589,7
1872,5, 595,1
1517,2, 485,0
1037,4, 323,7
1261,2, 794,3
1249,9, 868,6
1249,9, 868,6
1969,2, 1228,3
1853,0, 1231,6
2063,7, 1289,6
2327,2, 1314,8
2161,7, 1388,1
2568,5, 1393,7
2574,6, 1371,9
2505,5, 1361,1
2514,4, 1345,8
2557,4, 1325,5
2480,4, 1400,6
2484,8, 1376,1
2504,8, 1386,2
2514,9, 1401,1
2405,6, 1482,0
2273,9, 1603,5
2188,9, 1664,6
2152,2, 1683,4
2176,2, 1676,8
2134,9, 1746,5
1955,8, 1592,9
2172,7, 1635,9
2049,3, 1610,7
1993,9, 1578,3
1951,7, 1554,5
1965,9, 1544,8
2044,0, 1536,0
2114,8, 1556,8
2026,0, 1394,8
2208,8, 1241,9
2589,0, 900,9
2612,8, 881,1
2690,8, 743,8
2680,9, 764,4
2626,3, 861,1
2626,4, 858,8
2644,7, 824,7
2630,1, 849,4
2625,8, 855,4
2616,8, 855,3
2533,4, 895,5
2418,5, 1017,5
2321,8, 1109,3
2294,1, 1133,1
2083,2, 1361,1
2138,8, 1505,3
2330,5, 1596,7
2416,3, 1675,3
2302,5, 1581,6
2225,4, 1612,4
2249,2, 1632,3
2264,5, 1645,2
2237,5, 1620,4
2193,6, 1564,4
2180,8, 1543,4
2185,3, 1544,5
2186,0, 1545,1
2202,2, 1568,6
2151,0, 1495,7
2129,9, 1482,9
217